1,23,1,0.0197649519689291,0.176477156279781
1,32,1,0.000110556423557697,0.0756142011642008
1,104,1,-0.0139321502832932,0.211038943894755
1,24,3,-0.00036838869609357,0.205864717633363
1,149,3,-0.0238164518655984,0.423417983989887
1,455,3,0.174161057460409,0.224079540958114
1,76,4,0.000939376389264503,0.172764719383956
1,246,4,0.0915427752984068,0.177181329224236
1,8,5,-0.00106790686545107,0.130017208951558
1,74,5,0.0318428024519828,0.104545061538432
1,76,5,0.00142348536017256,0.220789890754029
1,5,8,0.00368214670391172,0.109119307202766
1,198,8,0.00075652530141465,0.0453566579685441
1,395,8,0.000201944929905294,0.0564698740656903
1,10,9,0.00852717672030982,0.338127332843274
1,17,9,-0.0170479011112786,-0.071226583835702
1,18,9,-0.0239637319339036,0.110340791509117
1,141,9,-0.0295930660117308,0.125634901670566
1,9,10,-0.00180500475528149,0.174538799768187
1,133,10,0.000790511952543219,0.109443644228732
1,141,10,-0.0256357765550139,0.210545937993663
1,158,10,0,0.0161776901376586
1,307,10,0.0656897990953778,0.306458638409345
1,68,12,-0.00432827940237315,0.177649634586209
1,84,12,0.0182196498022968,0.406821952276794
1,19,13,-0.0301486331470723,0.13880482398854
1,61,13,0.00301491635273253,0.273326123450586
1,83,13,0.0245711565713975,0.0995091151861817
1,150,14,0.0753856628127435,0.298517252992884
1,158,14,0.184999922381066,0.33649630851944
1,307,14,0.0464568158716714,0.0680385040605203
1,86,15,0.0311382120684983,0.2774148039478
1,104,15,-0.0193289221144146,0.251837337272447
1,436,15,0.0636771613371541,0.211822110043938
1,9,17,-0.00138717324597652,0.0279038314655267
1,81,17,0.000545280915787737,0.0581784151170231
1,9,18,-0.000599041750943599,0.129257733396556
1,51,18,0.0198259285175399,0.233727663272294
1,133,18,-0.000473350457084686,0.104484979958369
1,13,19,0.00423249806536801,0.0763418731220204
1,83,19,0.0582339264533245,0.441070872919206
1,216,19,0.0295437017359084,0.189068930188743
1,26,22,0.00221599142744344,0.209454066445409
1,94,22,-0.134299305624034,0.237706895402045
1,1,23,-0.113419436031026,0.201472716374956
1,53,23,0.00300855644892201,0.0722061598730686
1,123,23,0.000188970356043943,0.181695346225939
1,280,23,-0.00735827470561597,0.278263393186562
1,3,24,0.000122527546427343,0.182642765118905
1,37,24,-0.109034377052022,0.222070074953868
1,221,24,-0.041469106532277,0.347715385344924
1,22,26,0.0618128532892957,0.225881051074793
1,68,26,-0.00411670300188455,0.0834723596419368
1,207,26,-0.0218411479907199,0.193041249008597
1,123,27,-0.00343507424954305,0.0747479650954059
1,69,28,-0.00932166186735318,0.227069673650389
1,212,28,0.063757333472635,0.100654781539516
1,35,30,0.0255437113981429,0.14199035234677
1,56,30,0.00257092084451985,0.292070239761471
1,58,30,0.00988809369276703,0.036821112916362
1,178,30,0.00570236182075229,0.0995201970196318
1,1,32,-0.0261046842083453,0.0529286792826633
1,96,32,4.14813979899971e-05,0.0663063655575546
1,131,32,0.00961710584178016,0.0325650668848073
1,209,33,-0.0155822459048752,0.0960865171069316
1,253,33,-0.0055860802761567,0.168598030423102
1,30,35,-0.015057756098832,0.178131678706786
1,58,35,0.0135422517364849,0.241296342215458
1,85,35,0.0140803981187155,0.11434802143699
1,260,35,0,0.0183642832591959
1,159,36,-0.0570391426495408,0.21600295915103
1,164,36,0.00458016855387777,0.0302980756953089
1,184,36,-0.0737501768157866,0.139299783142883
1,24,37,-0.0010669361344833,0.115341274901796
1,159,37,-0.00127472325002989,0.359721054684509
1,216,37,0.0481195047704232,0.376251984587129
1,98,38,0.0536567324613851,0.141773071979474
1,139,38,0.0188310181573302,0.195163780365891
1,224,38,-0.0470180248331237,0.194742826513452
1,212,39,0.0532940237833685,0.372618501799905
1,222,39,-0.100121313859167,0.141383741061215
1,396,39,-0.0158024489063295,0.0295585475399333
1,170,40,0.0683533023850632,0.171055553897933
1,274,40,0.048151509794116,0.240907955611862
1,529,40,-0.00924478113951946,0.176576316757615
1,73,41,-0.0031931065926729,0.173930026527028
1,100,41,-0.030805054905508,0.113661516438253
1,141,41,-0.00832336645004247,0.186858296709765
1,156,41,-0.00370365990591548,0.0582656682808745
1,158,41,0.214072286071435,0.170064306891231
1,72,42,0.00439975498227646,0.255081653175378
1,134,42,-0.100505871151552,0.202346504859825
1,193,43,-0.0292947687272907,0.28587413351022
1,243,43,-0.000416042479604221,0.152698139362759
1,320,43,-0.0115487252201812,0.144291413577374
1,376,43,0.00530163468932807,0.217836623448351
1,130,45,0.0749293169443743,0.105401600395294
1,204,45,0.0441801620879967,0.453883739886004
1,209,45,0.0191472186697957,0.189814916148731
1,146,47,-0.00376722392240455,0.226851002290262
1,150,47,0.0964627899885808,0.340186423479694
1,160,48,-0.0582934658231218,0.178351121633731
1,245,48,-0.0866170630931234,0.394299523394932
1,324,48,0.0613029648982043,0.390724387059113
1,371,48,0,0.0940063637695733
1,57,49,-0.147913575435129,0.203342006167421
1,71,49,-0.00900552174290082,0.540089469057566
1,150,49,0.0873660548685852,0.294435427479365
1,121,50,0.0561569755480819,0.0660307946702578
1,135,50,-0.0136250129855309,0.34657062035918
1,196,50,-0.0250779916512012,0.30597811289082
1,18,51,-0.0173156715648041,0.293247030015964
1,81,51,0.00121838873484836,0.165471282219279
1,86,51,-0.0311382120684983,0.2774148039478
1,68,52,-0.00350006601641495,0.137298477583956
1,472,52,0.0400420230005424,0.106818842973031
1,23,53,0.0307421883261976,0.0159863970287917
1,500,53,0.000486730766807373,0.0535002603325427
1,143,55,0.0149297469456316,0.152217758961156
1,155,55,-0.00383068677136955,0.0680462749622371
1,190,55,0.00459887374032426,0.121688097255914
1,302,55,-0.0643674263887939,0.244687936089579
1,30,56,-0.00508098066342392,0.3376110355681
1,60,56,-0.0103109092915966,0.103324479042164
1,49,57,-0.0428846851721573,0.0556057581914975
1,78,57,0.00298861111634257,0.0125331795409692
1,163,57,-0.00723425396572541,0.288611629606
1,30,58,0,0.00431675420467275
1,35,58,0.0367990522201564,0.00816527939596269
1,85,58,0.0127810354911515,0.15666522229519
1,105,58,0.00237938480697906,0.226038087259362
1,178,58,0.00499725896338071,0.247405284935482
1,119,59,-0.00919592095758894,0.285889479008704
1,131,59,-0.00961710584178016,0.0325650668848073
1,56,60,-0.00257092084451985,0.292070239761471
1,196,60,-0.0345325551835054,0.136298655406835
1,264,60,0.0103221246633519,0.0558672432490733
1,449,60,0.000888091060323685,0.17364903565329
1,491,60,2.17987014536731e-07,0.0414997306995131
1,13,61,0.000558113781112735,0.317380552617161
1,73,61,-0.000687555901327916,0.192833154383239
1,141,61,-0.0111633090086064,0.226949685688142
1,216,63,0.0301694327800944,0.175598342678228
1,173,65,0.00683748716027471,0.293244544621163
1,190,65,0.0038120548538653,0.0321307848638848
1,217,65,-0.00966867349741078,0.319888922911272
1,287,65,8.77473308917433e-05,0.0829880502802926
1,106,66,0.0154388747656837,0.010859702520119
1,240,66,-0.00165081249164712,0.107294959668952
1,267,66,-0.0616111947859419,0.448202993691763
1,12,68,0.0456450859642276,0.182852273703409
1,26,68,-0.0244421185879178,0.0994442158683953
1,52,68,0.00482625616171273,0.0944091075278202
1,207,68,-0.0218534034941789,0.161494477707846
1,306,68,0.000497984336537606,0.190243087919651
1,28,69,0.00323839761989593,0.0957360342202925
1,94,69,-0.0924107670590611,0.539610252087365
1,108,69,-0.0133178428054501,0.146618397268911
1,49,71,-0.0339167286650843,0.129134634670642
1,95,71,0.00785508225867492,0.115117054493823
1,100,71,-0.0194535562230041,0.199900766758904
1,150,71,0.0700358260363055,0.265782590261688
1,42,72,0.0904369842119283,0.235532655557443
1,118,72,-0.0167654141854369,0.340927185351391
1,219,72,0.0777757859244342,0.469418908690602
1,41,73,0.0284313054708381,0.269271508762818
1,61,73,-0.00515391560190022,0.212193062859125
1,156,73,0.00161169163217585,0.261781163903684
1,216,73,0.00102037229694701,0.496919812602577
1,5,74,0.00262873136564713,0.0764987810526637
1,97,74,0.0048682784982363,0.252589225169839
1,4,76,0.0080540054538077,0.250466480918018
1,5,76,-0.00320732035842907,0.104727825064841
1,180,76,0.00190254333422333,0.0291559336556736
1,227,76,0.0035827965468749,0.233547373881008
1,147,77,-0.0122730107659991,0.182169588690855
1,201,77,0.000137119671237618,0.142992344567955
1,214,77,-0.000373598388666004,0.0844881645848539
1,225,77,-0.0252663876542341,0.345013137303233
1,57,78,-0.116765794808785,0.18670492682434
1,80,78,0.00318497830496344,0.258664350231661
1,284,78,-0.0132532012133398,0.254226074098926
1,93,79,-6.41060318752242e-05,0.0719862862102315
1,115,79,0.00277413225556911,0.140828465856964
1,78,80,0.00333671731640302,0.304710749311158
1,171,80,0.00481475983112971,0.163359277987798
1,284,80,-0.0140641835958038,0.29592986143033
1,17,81,0.0170479011112786,-0.071226583835702
1,51,81,0.0393977540374436,0.144654690581629
1,83,81,-0.0367628739919142,0.3773440588592
1,109,82,-0.004131084031703,0.0380345743169526
1,152,82,0.0343903918030743,0.377691104973947
1,179,82,-0.0480619172106742,0.154894143969152
1,212,82,0.047143940999879,0.31545068084025
1,324,82,0.0367906327495007,0.344589297158042
1,13,83,0.0032164857432356,0.291940908900003
1,19,83,-0.0167743066067997,0.33843018521975
1,81,83,-0.000641984639794438,0.138113314246448
1,459,83,0,0.00986877732397681
1,12,84,-0.0456450859642276,0.182852273703409
1,222,84,-0.0248027221518125,0.424136462841377
1,230,84,0.0277481679071141,0.211943648328262
1,411,84,-0.00749476983954347,0.446506801520735
1,35,85,0.0213189564312594,0.182215361654503
1,58,85,-0.000735008243893671,0.175510187066008
1,197,85,0.00333130792103435,0.183554721781632
1,260,85,0.0867988303960677,0.148997676046117
1,15,86,0.00195623081028564,0.230467552252899
1,51,86,-0.00601433589967502,0.26661831939546
1,222,90,-0.142866541824349,0.130206420199568
1,230,90,0.00642254600304635,0.0993373419679786
1,265,90,0.00176100855993347,0.21478962267033
1,396,90,-0.0283956347500393,0.268281847803505
1,114,91,0.000160787318777293,0.040862783292468
1,130,91,0.0579769632162019,0.218574518137561
1,126,92,0.00349276024664097,0.0425316920393341
1,368,92,-0.00838121051532483,0.18425890916196
1,373,92,0.000155933027630542,0.275678845762949
1,79,93,0.00621247179843925,0.101293626726212
1,448,93,0.0145405743421133,0.0845067473401331
1,466,93,0.00664878010608068,0.0653490232504224
1,512,93,0.00010064020286531,0.0585704089492842
1,22,94,-0.0618128532892957,0.225881051074793
1,69,94,-0.0101997682239723,0.316243131117377
1,222,94,-0.105484029999489,0.01700222710384
1,71,95,-0.0435399143867272,0.316858988040779
1,156,95,-0.00363799081538421,0.189186601139731
1,164,95,-0.0428860634168765,0.428211332610443
1,268,95,0.00109817249135091,0.346185843208317
1,32,96,0.000649685415871245,0.0466158482437969
1,74,97,-0.0318428024519828,0.104545061538432
1,165,97,-0.0207625755469922,0.0354316179113033
1,187,97,-0.00548582944741519,0.156816332659648
1,246,97,0.044839470015522,0.455788118365282
1,38,98,-0.0263463239592871,0.202912105361785
1,202,98,-0.0410850566841821,0.271167725040417
1,516,98,-0.00462386087771095,0.185257267312151
1,260,99,0.0684532130123535,0.187199949758642
1,422,99,-0.00230980691163239,0.234950288485148
1,41,100,0.026262421857608,0.120910530739899
1,71,100,-0.0199340177061075,0.558861525749963
1,156,100,-0.00379374507637527,0.0371853263999393
1,158,100,0.161327941017187,0.235345755960481
1,133,101,0.000996823206133402,0.0410340164165859
1,298,101,0.0265001975790829,0.0805968529474644
1,365,103,0.00268792912528805,0.0828097715308353
1,521,103,0.028967547338454,0.0762142147097389
1,1,104,0.0883616574822546,0.269796087882124
1,15,104,-0.00302778062916367,0.196775973736227
1,452,104,0.000113678128062035,0.11486243787873
1,58,105,0.0156036805796192,0.171841405191002
1,178,105,-0.000846332530768242,0.310707120742879
1,248,105,-0.0747416974006052,0.374868526447289
1,66,106,-7.51236204635585e-05,0.115924242175836
1,234,106,-0.00387186525364563,0.159078996686929
1,255,106,0.027238756133023,0.0236419642293105
1,267,106,-0.0502432725841469,0.614440082339651
1,111,107,0.00287498423386139,0.289190616769329
1,124,107,-0.0164017354694167,0.256290406890502
1,186,107,-0.00941277292095242,0.26592071609381
1,219,107,-0.00765185253688556,0.280469143684121
1,69,108,-0.0186856755541909,0.0957364149402449
1,143,108,0.00906219748494625,0.238587352951835
1,173,108,0.00926159020855587,0.147583062648237
1,292,108,-0.00406068937608757,0.150907587496379
1,82,109,-0.00165238370857491,0.25919011651417
1,114,109,0.00091878126973185,0.106207189120359
1,194,109,-9.55038620480014e-05,0.0713300597509558
1,256,109,-0.0142190470794453,0.254864703147288
1,107,111,0.00822143660469753,0.111211799526854
1,138,111,0.0129413695218876,0.224159667876111
1,318,111,0.0073789913670228,0.151810351840936
1,118,112,-0.00466445985938692,0.42798662545251
1,366,112,0.00266901448842969,0.188324845204091
1,400,112,0.039020368485511,0.269558271140761
1,134,113,-0.0359637640817247,0.398512965513929
1,486,113,0.00274737973826084,0.448575418272936
1,488,113,0.832530152515472,2.01299806787465
1,91,114,0.00961801302865494,0.0876801147152643
1,109,114,-0.00338763081840725,0.213421849941404
1,152,114,-0.0441176794271861,0.13871771343349
1,204,114,0.0619967082997809,0.152626833138958
1,79,115,-0.00621247179843925,0.101293626726212
1,304,115,0.00747546890510405,0.112253946660885
1,336,115,-0.0166814170428153,0.204622247511461
1,395,115,5.8823881841328e-05,0.106481380504059
1,154,116,-0.00811409628535536,0.29031679851988
1,186,116,-0.0112371737297078,0.212727380139876
1,188,116,-0.0816926201955087,0.192287750870767
1,203,116,-0.0565654479489854,0.333896883755032
1,248,116,0.00671420751233905,0.227378344043757
1,149,117,-0.033337469785146,0.165720049720014
1,72,118,0.00708329446993156,0.224871676798103
1,112,118,-0.014554465376892,0.330722661035565
1,174,118,0.00368144649969729,0.164408155363808
1,59,119,0.0363470955127454,0.0677849537102717
1,181,119,0.00111344332342411,0.20213788308962
1,193,119,-0.0516778332790693,0.192070712445843
1,298,119,0.0264093851287203,0.284624061588256
1,351,119,0.0804013121156193,0.150349796512814
1,50,121,0.00607495532737663,0.0614314032451519
1,419,121,-0.0722625859491237,0.290569212685768
1,176,122,-0.016744821861189,0.27883311544554
1,245,122,-0.0188215541358333,0.144833091202669
1,23,123,0.0329618884724272,0.202767725342405
1,27,123,-0.0404378554077588,0.133642388272565
1,247,123,0.124629486148055,0.0780936246089949
1,107,124,0.00636129858825347,0.164930754930078
1,162,124,-0.0077277393764459,0.0224856107401738
1,195,124,-0.0474196639698186,0.341023850920719
1,180,125,0.000200594974362758,0.137358530562444
1,207,125,-0.0295026516376863,0.10453551010541
1,92,126,-0.00311419264088391,0.114114091310456
1,277,126,0.00216456967207139,0.206711922986466
1,368,126,-0.026371759396049,0.18721273627862
1,130,129,0.0340755249071481,0.299908334943937
1,139,129,0.02000830040249,0.113621687806747
1,265,129,0.00192825776133928,0.0970652789402744
1,430,129,0.0971553024378228,0.0832153017108714
1,461,129,0.0835278872639049,0.269894284134113
1,45,130,0.00193361553516866,0.00938525267907399
1,91,130,-0.00961801302865494,0.0876801147152643
1,129,130,-0.0317377924329794,0.319984118517204
1,139,130,0.0158027296400941,0.347601910619926
1,172,130,0.0641143801677383,0.229868523414044
1,32,131,-0.000177464059341108,0.0483856573284472
1,59,131,-0.0363470955127454,0.0677849537102717
1,10,133,0.0239798813127429,0.265747026345832
1,18,133,-0.0453263236605823,0.0126509620702345
1,101,133,0.000765251086622279,0.0622250851321114
1,42,134,-0.0904369842119283,0.235532655557443
1,113,134,-0.0138814488466494,0.0200135434737002
1,188,134,-0.0386986589169819,0.422974981517862
1,50,135,0.0384597857616625,0.316049610332822
1,188,135,-0.0861606622735652,0.183223547019379
1,248,135,-0.0225999582093914,0.25932336862104
1,184,136,0.0709094718896479,0.499691987706236
1,195,136,-0.0141284220581719,0.237357303084212
1,255,136,0.0395389931021642,0.285993146919799
1,204,137,0.0544554146305463,0.351343433921586
1,253,137,-0.00162812529389555,0.0552002700623162
1,425,137,0.0549428601016427,0.139352973117785
1,111,138,-0.00455573261373264,0.161517703605825
1,250,138,-0.0291526525013466,0.311792671436287
1,278,138,0.000275934217206136,0.0523925333709034
1,38,139,-0.00569929786835488,0.233919340438367
1,129,139,-0.0120270771832016,0.28998667941958
1,130,139,0.105287146335503,0.341752330203191
1,430,139,0.0696600638713511,0.0115273731172187
1,165,140,-0.00518909848844245,0.335649320649898
1,239,140,0.0655079698925008,0.146186134043479
1,277,140,0.00639495062556781,0.302791852246701
1,290,140,-0.0206165938594634,0.238818907231566
1,9,141,-0.000111837040433004,0.219574903643324
1,10,141,0.0121323512737492,0.0964803286511409
1,41,141,0.0300271868753198,0.166909966045002
1,61,141,-0.0129459008657641,0.317494177402773
1,158,141,0.201377373259479,0.335292547549539
1,55,143,0.0303672709953008,0.34165319591629
1,108,143,-0.00992242824540018,0.232430595139372
1,173,143,0,0.0092997914764051
1,292,143,-0.00411576816926256,0.348494546577389
1,159,145,-0.0510804161931586,0.27749086815478
1,174,145,-0.00368144649969729,0.164408155363808
1,184,145,-0.178125063235369,0.245218962434829
1,221,145,0.0446889829512562,0.279243719947034
1,47,146,0.07701091244046,0.24837223086055
1,151,146,0.000375210289843878,0.136566449090298
1,285,146,-0.0272090393993281,0.229786273045278
1,77,147,0.00794063875268207,0.338442763445598
1,214,147,-0.00144654657632637,0.200747954074512
1,253,147,-0.00171997371504076,0.0208163862846809
1,379,147,0.000615099908122166,0.454120882238587
1,480,147,0.00681250169681903,0.175692414710252
1,228,148,-0.119132979361608,0.0708239986676439
1,270,148,-0.0189408606994708,0.11638067511607
1,283,148,0.00773366541022801,0.179703564270409
1,3,149,0.0067554224590481,0.0391913315175537
1,117,149,-4.6446329250947e-05,0.0676476601427654
1,221,149,0.0373864546784209,0.172003871147167
1,503,149,0.00539176794482352,0.30824280440017
1,505,149,0.0286406935824511,0.278889222870868
1,14,150,0.00288231473258925,0.172120639031539
1,47,150,-0.07701091244046,0.24837223086055
1,49,150,-0.0121146265704436,0.250247253349972
1,71,150,-0.0468268147129842,0.553351372614978
1,158,150,0,0.0382439046720074
1,146,151,-0.00133979396765017,0.226414061993535
1,232,151,-0.0699012565275121,0.319265555016231
1,307,151,0.0702582601442219,0.23524287374755
1,82,152,-0.0029989225809561,0.333201908784597
1,114,152,-0.000569809328407919,0.126577797238966
1,172,152,-0.0443040646448469,0.468638872218325
1,212,152,0.0488137905482946,0.0878423882387277
1,116,154,-0.0146761893022365,0.388092653101541
1,197,154,-0.00333130792103435,0.183554721781632
1,203,154,-0.0949895313427657,0.398578826865163
1,248,154,0.0847923830368785,0.39368568894481
1,330,154,0.0710561641382842,0.339423946826097
1,55,155,0,0.00577914968286544
1,190,155,0.00230048884456121,0.234345214205289
1,257,155,0.0421347915718587,0.611717844668304
1,302,155,-0.08159940683467,0.300529488926892
1,345,155,0.00702300157850431,0.143351587657388
1,41,156,0.0238771934200253,0.214709853310958
1,73,156,-0.00341239414378416,0.134085199274718
1,95,156,0.00526857256448633,0.240375949363222
1,100,156,-0.0341083166700669,0.152523201256442
1,254,157,-0.0155580515934363,0.130032534420604
1,262,157,0.119970123562267,0.288799095565672
1,309,157,9.84097926157093e-05,0.287151876873746
1,325,157,-0.00268683635342773,0.000797162307403327
1,497,157,-0.00250142812883522,0.252008737505335
1,10,158,-0.00417391402292846,0.365190925340165
1,14,158,0.000723067014539057,0.0753761511767095
1,41,158,0.0204414238710361,0.283467350710507
1,100,158,-0.0165802791069884,0.223300259395955
1,141,158,-0.0151401962486578,0.110862544022478
1,150,158,0.0973556511956251,0.130180964934552
1,307,158,0.0249307916956786,0.244030337092435
1,36,159,0.00737335553397333,0.330145399207439
1,37,159,-0.126885154031798,0.150914792544654
1,145,159,-0.0146320096021511,0.0633763926486888
1,221,159,0.0354160152383408,0.408830888683715
1,48,160,-0.0611415269916634,0.41122406953217
1,256,160,0.0015716260373173,0.0130321978975625
1,293,160,-0.000500586153154842,0.182442421790795
1,324,160,0.0165806421537395,0.334297635626718
1,371,160,0.12510499007281,0.357086653292864
1,195,161,-0.00763714016943448,0.133082628686074
1,213,161,0.127957626481072,0.417885220979881
1,234,161,0.0124285062476783,0.3185507415445
1,124,162,-0.0170239992245625,0.130328642978358
1,195,162,-0.00845281806817675,0.385822069097472
1,219,162,-0.0261289562525159,0.139683232837632
1,57,163,-0.138446481314222,0.279131138186579
1,228,163,-0.0512280283619359,0.326538919448937
1,267,163,0.00133396595359631,0.553961500285889
1,268,163,0.00553076602213247,0.233011373461794
1,36,164,0.00904771101692568,0.0989827823720977
1,95,164,0.000541789975284484,0.241740336863234
1,272,164,0.033212367239869,0.420469013491603
1,97,165,-0.00142351372548697,0.30534013340913
1,140,165,-0.00983183079836272,0.391311651010233
1,239,165,0.0524569322889278,0.259462737104569
1,261,166,0.0627716737489863,0.164693271749393
1,327,166,0.0206701021741697,0.312963962771179
1,40,170,-0.0229005424747689,0.192674755340727
1,300,170,0.061687395423866,0.21112578203823
1,80,171,-0.0052101984357543,0.256135468049506
1,191,171,0.00862472954830971,0.185111028778074
1,284,171,-0.01387279754879,0.214756748875144
1,310,171,0.00898503286473472,0.221625288661401
1,327,171,-0.0178975165826848,0.344765350321785
1,130,172,0.114145229450764,0.232903096830151
1,152,172,0.0641247226240794,0.44855008764788
1,265,172,0.00106060954133079,0.138679818821681
1,396,172,-0.0104729851563303,0.14490615550461
1,65,173,-0.00981419495096767,0.271911838007289
1,108,173,-0.00736008218125576,0.600739170408323
1,143,173,0.0141148559496753,0.186280156368247
1,190,173,0.00170479562899555,0.127573885832425
1,118,174,0.00217948313027348,0.219977155024167
1,145,174,-0.0102870095882194,0.113068155218003
1,122,176,0.0197910380238521,0.229103536669132
1,297,176,-0.00324392588913649,0.211349807959151
1,302,176,-0.047086961883043,0.376857743967948
1,243,177,0.000299819477320697,0.180265460112366
1,247,177,-0.124629486148055,0.0780936246089949
1,280,177,0.00249496008815015,0.113696604300674
1,30,178,-0.0251762085769417,0.132755332016693
1,58,178,0.00859915892758714,0.168293140687173
1,105,178,0.00522991378731955,0.195047576317195
1,196,178,-0.0525408735699464,0.437479793732129
1,82,179,-0.00322256946263999,0.243710403084882
1,212,179,0.0754435017723404,0.229967086439254
1,292,179,-0.00268237759346169,0.257789913706521
1,324,179,0.0420482507954654,0.238229383138316
1,76,180,0.0017408791505337,0.0653597831883373
1,125,180,0.00552197879979842,0.107624536799996
1,227,180,-0.017117977205139,0.313047247791315
1,119,181,-0.00699971833739232,0.146062780354156
1,193,181,-0.05524067330881,0.170017805217327
1,280,181,0.00662782199028402,0.275996755056966
1,201,182,0.000896473190616182,0.277765765621687
1,202,182,-0.0378873387832449,0.288840718986311
1,300,182,0.0525039124906801,0.342281751402305
1,285,183,-0.0255003100642901,0.321657761046425
1,317,183,0.11641082227671,0.199285430194444
1,36,184,0.00172073814887063,0.250807360416192
1,136,184,-0.0405948058476241,0.231202006530372
1,145,184,-0.00475197214378454,0.384327516600913
1,107,186,0.00291614057649184,0.244009605617287
1,116,186,0.0624980218000874,0.260070851000044
1,219,186,-0.0120895309326113,0.170270648390402
1,97,187,0.0112002741630026,0.0037945206505603
1,198,187,0.000278234987551249,0.18494702065113
1,210,187,0.00508057857655953,0.149700611364567
1,116,188,0.121924313256428,0.412614199067716
1,134,188,-0.109983360198272,0.356083902842258
1,135,188,-0.0872091167853858,0.187156113533422
1,206,188,0.0184264849573632,0.0628403778163131
1,248,188,-0.0152127666925237,0.18353753086019
1,199,189,-0.000561790518158429,0.0503953264460208
1,213,189,0.0722366031059008,0.439257450714674
1,240,189,-0.00414947488320226,0.0411128476260944
1,412,189,-0.0329879987255819,0.29596814776889
1,55,190,0.0643805406631313,0.167709481436965
1,65,190,-0.0262041293419539,0.124108115004539
1,155,190,-0.00431330424581275,0.206416031321154
1,173,190,0.00733353480000365,0.181247422776115
1,287,190,-0.0011449788885335,0.136180129688288
1,171,191,0.034722868629993,0.152510416715531
1,276,191,-0.06285039939092,0.348075895970073
1,327,191,-0.0144835231196539,0.2746106188363
1,43,193,-0.0147623288214894,0.206635354326655
1,119,193,-0.00513371094322745,0.293244864898321
1,181,193,-0.00813655061395017,0.245219004048991
1,320,193,-0.0155850909642802,0.0554966753242538
1,351,193,0.0979568726118568,0.0338589155223718
1,109,194,-0.00369542344524729,0.00353975255565954
1,204,194,0.0759212858601468,0.0208940701458177
1,256,194,0.00909583307798785,0.141857681528229
1,124,195,-0.00392955758120299,0.31220295286083
1,136,195,-0.0149585039890317,0.453301051554539
1,161,195,0.0163108689568625,0.218335736284067
1,162,195,0.0039004855073087,0.218851861497779
1,234,195,-0.0045457477434962,0.130744207685316
1,255,195,0.0211602348491023,0.294849611093413
1,50,196,-0.0370245296777978,0.175075941064123
1,60,196,-0.00763740574933465,0.121904989829944
1,178,196,0.00865331695444425,0.288460516653672
1,419,196,-0.0731468519911949,0.0198221946589334
1,85,197,0.0161671505282429,0.116263047897417
1,154,197,-0.0334514241679322,0.441758458903108
1,8,198,0.00214375456227986,0.0331693885778114
1,187,198,0.00232510305781052,0.186345583401114
1,336,198,-0.0167069580723139,0.11220579119139
1,395,198,0.000200904091532741,0.0354597708024583
1,189,199,0.0371385285032273,0.305847567902908
1,240,199,-0.00178787228354249,0.242099225057393
1,270,199,-0.0191745825200195,0.298949101294176
1,412,199,-0.00978403938631834,0.370675817715483
1,343,200,0.0467927190193425,0.0764430912400826
1,362,200,0.032685455448324,0.310325259689438
1,378,200,-0.0445837814678751,-0.615677843015981
1,77,201,0.00863970947446551,0.049617116808622
1,182,201,-0.047406026868274,0.497649352720724
1,214,201,-0.000825031657098536,0.12881212059792
1,300,201,0.0569290093684964,0.0120588671741062
1,98,202,-0.0551885366324997,0.218078853029389
1,182,202,-0.0117393703713302,0.289026558710109
1,224,202,0.00568930430707091,0.123135636416811
1,529,202,0,0.00252459409574918
1,116,203,-0.0270188101332453,0.299167020035238
1,154,203,0.0301310794395924,0.375094964622603
1,318,203,-0.00484110720675017,0.222944795277485
1,378,203,0.0445837814678751,-0.615677843015981
1,45,204,0.00206922615481549,0.226483988118524
1,114,204,-8.19828788080708e-05,0.116393375222561
1,137,204,-0.000366368963284581,0.00130329714076008
1,194,204,-0.00117063413506875,0.153405504466037
1,252,205,-0.00189127584473929,0.048583630728016
1,295,205,3.02632681813228e-06,0.268045460315606
1,311,205,0.0190974027700169,0.152944262292297
1,357,205,0.00347846251384824,0.323515973743749
1,188,206,-0.0757225388068818,0.277183662432447
1,219,206,9.8344142907672e-05,0.225131077109299
1,26,207,-0.0274481948666279,0.274561833332912
1,68,207,-0.00301792285311952,0.176969254377683
1,125,207,-0.00552197879979842,0.107624536799996
1,246,207,0.0993002476189915,0.293052598771092
1,33,209,0.00390946074595744,0.11192217314778
1,45,209,-0.00019759350122699,0.239837223243607
1,225,209,-0.00729683030488902,0.301270635757444
1,187,210,-0.00304050480690652,0.127739534908673
1,277,210,0.0017804183913474,0.319363083986901
1,28,212,-0.00323839761989593,0.0957360342202925
1,39,212,-0.00106367691473949,0.139582934605547
1,82,212,0.0040567796926778,0.133538168076811
1,152,212,-0.00801179992098043,0.213798783469538
1,179,212,-0.0645568539496543,0.292864777978866
1,396,212,0.00728272645075899,0.267830133517325
1,161,213,-0.0182270088147403,0.216979594080778
1,189,213,0.040519984525591,0.228433937584111
1,234,213,-0.00942568173091122,0.298358340561253
1,240,213,-0.00756867745018074,0.297617266919214
1,250,213,-0.0883992868562174,0.111964678136389
1,315,213,0.00147712726884283,0.138928042837334
1,77,214,0.00404403427756627,0.229616382416089
1,147,214,-0.0112323256405756,0.272220486306707
1,201,214,-1.04953223476541e-05,0.0145331166763119
1,300,214,0.0622374499109004,0.105853688390841
1,19,216,-0.0224943145945281,0.217726348782765
1,37,216,-0.0307154164212675,0.383297134073015
1,63,216,0.000569893835479651,-0.0869664482445271
1,73,216,-0.0174874326049915,0.400896939768115
1,65,217,-0.0239078453113547,0.117196791565697
1,239,217,0.00254549979013111,0.310440878056865
1,263,217,0.00780654432325806,0.26852187402981
1,287,217,0.00100073269684939,0.139714630516367
1,300,218,0.0457228729105913,0.240266641823041
1,344,218,-0.0112940580746166,0.179483819832999
1,364,218,-0.00575347406380071,0.0143789341208978
1,480,218,0.0089497558244473,0.106903650237822
1,72,219,0.0116156883269885,0.0206991874442023
1,107,219,0.00999129147915411,0.258622187724936
1,162,219,-0.0108584902374731,0.232918643041598
1,186,219,-0.0105243779541621,0.262007028215557
1,206,219,-0.0184264849573632,0.0628403778163131
1,308,220,-0.0102340539253448,0.226258275108692
1,346,220,-0.00448595750750741,0.290010083618773
1,351,220,0.0460115469468276,0.481356377292201
1,24,221,-0.000104950426148308,0.130453013113894
1,145,221,-0.0135426744488661,0.415248735025585
1,149,221,-0.0227394465004361,0.357599290686478
1,159,221,-0.0336316659700112,0.278192472111034
1,39,222,0.000425299211307536,0.18138206954395
1,84,222,0.0292516543988654,0.143411203321447
1,90,222,-0.00153256074902534,0.168190577427025
1,94,222,-0.0381294396450448,0.442187687212798
1,38,224,-0.0217216053501721,0.0863825856480975
1,202,224,-0.0495618895832511,0.220576388143755
1,225,224,0.0044785451697625,0.34681632505407
1,77,225,0.00319478656918286,0.225977852161916
1,209,225,-0.0391612355093694,0.18644151221195
1,224,225,0.036160888904774,0.345125281631054
1,76,227,0.00150934881814079,0.081632024701146
1,180,227,0.0014439708581728,0.142432875413103
1,499,227,0.000386467834914725,0.128141982880535
1,148,228,0.0431139544491166,0.184417109787242
1,163,228,-0.0143392992215143,0.120576710242395
1,267,228,0.00245773180042758,0.685521962668538
1,270,228,-0.0051713954690454,0.292837357181673
1,264,229,-0.0103221246633519,0.0558672432490733
1,84,230,0.0499170946939032,0.394958435637502
1,90,230,0.00395455437488663,0.0802484983253212
1,265,230,0.000164788732159561,0.217590973910628
1,511,230,0.120523357631393,0.456780659421397
1,275,231,0.00417681416107255,0.348859903384146
1,291,231,0.0218927363596005,0.0782639643107413
1,460,231,-0.0157307769065276,0.0699280427289872
1,496,231,-0.00397043709426467,0.116304833503788
1,151,232,0.00780156721593806,0.266144550910253
1,298,232,0.00195233379248644,0.25498546479553
1,307,232,-0.0115616811769665,0.425606407309349
1,317,232,0.16017440443813,0.411615705520257
1,254,233,-0.0125345464033106,0.199248902260594
1,355,233,0.0511571459588438,0.283859568008277
1,369,233,-0.000326755826188158,0.207810591229586
1,106,234,0.00649250785977658,0.266931239401338
1,161,234,-0.00198701731768234,0.00496311354233644
1,195,234,-0.00324368799818309,0.301569689096586
1,213,234,0,0.164742287247542
1,255,234,-0.0164766289259702,0.239574101036076
1,379,236,0.0117526925326164,0.364253880643672
1,398,236,0.141921016681868,0.270285913774082
1,413,236,0.0649675865893281,0.523473183274545
1,425,236,0.0708177153147955,0.105219699539969
1,245,237,0.044746291981513,0.346188666215824
1,249,237,-0.0109340717974699,0.311233507443631
1,258,237,-0.0131321797365882,0.364210989764517
1,371,237,0.190288560937745,0.358452952779457
1,254,238,0.00589799609200247,0.28039345406332
1,285,238,0.0167070584568431,0.369795285339601
1,309,238,-0.0260009676570924,0.185026072259998
1,355,238,0.0537358673179492,0.13359356018979
1,140,239,-0.00475921094938005,0.217820599211203
1,165,239,-0.0160584675282178,0.292176074672815
1,217,239,-0.00603111624519868,0.146264227310043
1,290,239,-0.0273298084860716,0.0596610254833774
1,66,240,0.000533007713137618,0.140673682491671
1,189,240,0.0518832475498928,0.157661954757741
1,199,240,-0.000434597130509273,0.179796556057992
1,213,240,0.174495727856249,0.0106109220302809
1,286,241,-0.00753403261462027,0.253949609938456
1,305,241,0.0637124715541974,0.343447887152151
1,401,241,-0.0146231385845308,0.280465997535358
1,262,242,0.085294424755649,0.135201896723368
1,263,242,-0.0323704514206809,0.249852802594671
1,290,242,-0.0158879468556333,0.231684284118522
1,43,243,-0.0168848417623319,0.178590063512486
1,177,243,0.00342142419243775,0.162549909977698
1,376,243,-0.00418924449148994,0.259818270630612
1,48,245,-0.0921497052944954,0.0257660309390949
1,122,245,-0.0197910380238521,0.229103536669132
1,237,245,-0.0433392774200152,0.384513129779339
1,371,245,0.168418650670331,0.289172612622464
1,4,246,-0.0080540054538077,0.250466480918018
1,97,246,0.0186543440589668,0.447328438481483
1,207,246,-0.00419775378448735,0.317575373226145
1,123,247,-0.00254915710680876,0.106079137124436
1,177,247,0.000272765671306445,0.122155270750586
1,105,248,0.00760054473710711,0.0197725575313451
1,116,248,0.0478362430759312,0.0982501226433439
1,135,248,-0.0560340780134392,0.125627843406605
1,154,248,-0.0113823119704846,0.127028919948968
1,188,248,-0.0860412588863311,0.398038690611012
1,237,249,-0.0815718125180743,0.0394345860820603
1,258,249,-0.00600011905538474,0.327717199079813
1,305,249,0.0454271395571837,0.36318927956393
1,371,249,0.152102434792945,0.157691324219188
1,138,250,-0.0101057698882144,0.194540015349076
1,213,250,0.133353278553276,0.244517954201462
1,356,250,-0.0189686042794467,0.473476178909368
1,205,252,-0.00620606706730205,0.112919826781154
1,295,252,-0.00155349915808291,0.254168547830689
1,332,252,-0.0154459620789497,0.243608188038731
1,390,252,0.0139073609036134,0.166312752487138
1,33,253,-0.00390946074595744,0.11192217314778
1,137,253,-0.00111928916382132,0.212659629104327
1,147,253,-0.00633602586008954,0.134753192142439
1,425,253,0.0530811265362419,0.207714438299137
1,157,254,-0.0994468745615637,0.258473481971272
1,233,254,0.023047191323959,0.435212979040186
1,238,254,0.0190935567518888,0.312012431956311
1,309,254,-0.0240486264882351,0.103849321751018
1,497,254,-0.00172070668112453,0.137573975128299
1,106,255,0.0138578821036127,0.225315099592724
1,136,255,-0.0452002431196851,0.226773843401359
1,195,255,0.00844827910031873,0.391074262607417
1,234,255,-0.018295371654948,0.163095362261078
1,272,255,0.113528669168081,0.241760155859642
1,109,256,0.00027290951675777,0.197768569690273
1,160,256,-0.0557496733027711,0.267703795084431
1,194,256,0.00173906301379503,0.134671756686154
1,293,256,0.000396826661737489,0.239556472933975
1,324,256,0.0347707322163791,0.11179615005206
1,155,257,0.00234648120009117,0.211912121420303
1,302,257,-0.0861488253630709,0.129272475721118
1,327,257,-0.0477172937864082,0.355756442676789
1,345,257,0.00143932471570944,0.258613808944284
1,237,258,-0.07307862343488,0.125425716021164
1,249,258,-0.0125389525298698,0.199076882300536
1,313,258,0.0263503154817524,0.268582018736515
1,412,258,-0.000899398182993906,0.26776799267904
1,357,259,0.0123057544201191,0.24143655118899
1,383,259,0.0540639880371335,0.292417580395675
1,35,260,0.0281811019852424,0.212108410671593
1,85,260,0.0118728129489831,0.268568246290522
1,99,260,0.0728942267284893,0.167497025984813
1,340,260,0.0919190347499963,0.15039084477889
1,166,261,0.0497786902022985,0.18354555991662
1,325,261,-0.000124238292275764,0.186215317034672
1,157,262,-0.121138228451597,0.250491647808037
1,242,262,0.00010077440686077,0.233991446356585
1,279,262,0.0332054230413155,0.0753513359219797
1,290,262,-0.0225925379419298,0.259041651864408
1,325,262,-0.00292962649667141,0.109132576348588
1,217,263,-0.00982025581326635,0.128851305039318
1,242,263,0.000799610368436713,0.243428612416075
1,345,263,0.0039656039230726,0.156393327811551
1,60,264,-0.00617469790129598,0.180877569281124
1,229,264,0.000580645131822715,-0.0527888964380332
1,90,265,0.00115341877208506,0.232947879171357
1,129,265,-0.0208910461290989,0.146473927960577
1,172,265,0.0509457932328594,0.373882338687078
1,230,265,-0.00636731383445053,0.11899705393551
1,332,266,0.0188735237818464,0.203772188250095
1,340,266,0.0148406768477386,0.343798303866847
1,390,266,-0.0396338550028937,0.191499504933755
1,66,267,-0.000984109818291956,0.203005992828926
1,106,267,0.0111902386174552,0.167903381224049
1,163,267,-0.0151453827671511,0.108634472562594
1,228,267,-0.0757284320656605,0.22206453510835
1,268,267,0.00430450384899225,0.0929591663485373
1,272,267,0.130888208279154,0.326933645178443
1,95,268,0.00511410113576499,0.172885509931819
1,163,268,-0.0117637478680909,0.188394614909859
1,267,268,-0.00816402891936439,0.148513077762222
1,272,268,0,0.0125481380551495
1,148,270,0.0142306492627933,0.292687343553908
1,199,270,0.000111644823965648,0.273459000377997
1,228,270,0,0.045073250643052
1,313,270,-0.0263503154817524,0.268582018736515
1,359,271,0.0642616603952598,0.229403741611699
1,397,271,-0.026299680246234,0.184289605279519
1,164,272,0.0488229309707695,0.382177334692263
1,255,272,0.0364650149732907,0.26075153493074
1,267,272,0.0363447068399857,0.573873198117891
1,268,272,0.0024335194987663,0.243026008139689
1,315,273,0.000873987872701783,0.160119701356714
1,401,273,-0.0337693013781104,0.187369354418056
1,412,273,0.00773905392332026,0.147139794371421
1,40,274,-0.0233893107271303,0.226550968065774
1,326,274,-0.0166051456579358,0.315228919457739
1,514,274,-0.0354723498476639,0.159368693208186
1,231,275,0.00249326645830872,0.20772105618759
1,393,275,-0.0224144620852144,0.202864259612935
1,439,275,0.00291815489895895,0.209986447932715
1,496,275,-0.00503087329112579,0.123078548009093
1,191,276,-0.00453316499836211,0.188274898774693
1,283,276,-0.00647486400240355,0.387143859465354
1,297,276,1.30788830503912e-05,0.07922460488427
1,302,276,-0.075767860417327,0.180114663547109
1,126,277,0.00204232609617846,0.21583430505446
1,140,277,-0.0265094916207264,0.189206713421177
1,210,277,-0.00508057857655953,0.149700611364567
1,279,277,0.0257833338564021,0.19759301732575
1,290,277,-0.0235749839509813,0.163424657715315
1,373,277,-0.0103571685523642,0.0645912161778612
1,138,278,0.0046787796777733,0.0837857675201063
1,318,278,0.00268833852450928,0.0772849885843443
1,262,279,0.0858819142640645,0.335764492062259
1,277,279,-0.00846617499872809,0.2638024047935
1,373,279,-0.000871262632414065,0.199622726280843
1,23,280,0.0200847735776599,0.244174484409949
1,177,280,0.00784045913182866,0.138622936546673
1,181,280,-0.0014636603150038,0.235956136987631
1,403,281,0.0864871333987018,0.00423417163917231
1,336,282,0.0124852491626534,0.218254201061681
1,368,282,0.000910430023930662,0.276307863863971
1,416,282,0.00237995299783246,0.245984980937248
1,444,282,-0.0146910170836213,0.0970060743965919
1,148,283,0.0542036100893708,0.0622249451338886
1,276,283,-0.0962712347345037,0.3026451287458
1,297,283,0.00317035325016202,0.202413776585735
1,78,284,-0.00044647619752519,0.322552853257941
1,80,284,-0.00204797162664181,0.038386008000563
1,171,284,-0.00265039657194821,0.337079882223876
1,310,284,-0.00345889869128947,0.0405275794111039
1,334,284,0.041430500548553,0.274389204331987
1,146,285,-0.00382062722453407,0.137723127430762
1,183,285,0.0782369613603795,0.284727414141455
1,238,285,0.0313088585787754,0.230377123591722
1,334,285,-0.032792845822163,0.27098999344964
1,355,285,0.015166951259851,0.318578402084652
1,241,286,-0.0012619184646763,0.190257456026525
1,305,286,0.0492573842323086,0.256770825459166
1,367,286,-0.0401748377787772,0.25981310801461
1,65,287,-0.0297498774271188,0.00471334911687305
1,190,287,0.00328200386172623,0.124757531464517
1,217,287,-0.0055077951082765,0.230466316861537
1,330,288,-0.0710561641382842,0.339423946826097
1,341,288,0.0116161932342797,0.637821570160359
1,349,288,0.0608448076861364,0.21500141736322
1,140,290,-0.0200325861290304,0.139999511058034
1,239,290,0,0.0583652749337426
1,242,290,0.000802505447800215,0.0883309385097932
1,262,290,0.0932486567554998,0.23974108692159
1,277,290,-0.000175436427098835,0.186705966749334
1,231,291,-0.000349449073137219,0.253928028610187
1,391,291,0.0901338805481474,0.0202378895189014
1,108,292,-0.0106417264536391,0.486922831424156
1,143,292,0.0148546574857624,0.2797055956093
1,179,292,-0.0476656175999012,0.204501311139964
1,160,293,-0.0624813862244461,0.117868134159442
1,256,293,-0.000302985764483517,0.145924432026871
1,367,293,-0.0347616601625281,0.332872718197746
1,364,294,-0.0143290121130337,0.272933348236429
1,454,294,0.00749819329252127,0.303676038599659
1,205,295,-0.00253510674327555,0.209296126025007
1,252,295,-0.00092410303521374,0.146713861428576
1,358,295,-0.0057787145964147,0.190578316233271
1,410,295,0.000385074902771671,0.218845668002024
1,309,296,-0.0329279391553715,0.237735535419076
1,310,296,-0.0109233021100158,0.21481032835937
1,334,296,0.0116930840504992,0.0452946101542795
1,176,297,-0.0275681801611,0.18084563391718
1,276,297,-0.115941960249019,0.123209026883583
1,283,297,0.0139714447774575,0.227171072256489
1,101,298,-0.000765251086622279,0.0622250851321114
1,119,298,-0.00432184043811467,0.184922434139109
1,232,298,-0.114251364269312,0.0509919400540334
1,317,298,0.140995313777366,0.207488599991642
1,170,300,-0.0683533023850632,0.171055553897933
1,182,300,0.0586948547431408,0.507389787287768
1,201,300,-0.000788363755176884,0.152312505548789
1,214,300,0.000719226536925235,0.232917842214773
1,218,300,0.00210952350843338,0.167419114965265
1,364,300,-0.0137030045858833,0.329585726713217
1,55,302,0.0622787716808759,0.163597336817919
1,155,302,-0.00230025852483853,0.0100155775818554
1,176,302,0.040799847361628,0.180910816566545
1,257,302,0.00792881900266821,0.519225978982883
1,276,302,-0.117700133615283,0.303558849474392
1,331,303,0.0250930286632283,0.208558769049814
1,414,303,0.00416766820672742,0.284716187075644
1,428,303,-0.0560661180230378,0.221199514032481
1,115,304,0.000539762998449753,0.149775498020557
1,462,304,0.054914801699466,0.069723400753409
1,241,305,-0.00207162337495679,0.0964346964835374
1,249,305,-0.0125489192366791,0.177136127611385
1,286,305,-0.00545366884027265,0.328560015975055
1,401,305,-0.0257661325009704,0.152019699284785
1,412,305,0.00813950675133431,0.371874447356452
1,68,306,-0.00327894891755968,0.199637813360548
1,411,306,0,0.0250568913899713
1,10,307,0.0111281589872875,0.24681745429111
1,14,307,-0.00227999319868007,0.185085351347859
1,151,307,0.00922209023518013,0.13624387204054
1,158,307,0.20612294733919,0.178930780238937
1,232,307,0.00207015552692211,0.401382629411938
1,220,308,-0.00111630916777065,0.103822080992624
1,337,308,-0.00385822058453995,0.0953916450206114
1,350,308,-0.0159008242182977,0.0548951090141899
1,157,309,-0.116445396366782,0.109489303411526
1,238,309,0.025480879735913,0.397629350314171
1,254,309,-0.0112261637012835,0.237138883986511
1,296,309,0.0149981394318937,0.219181862884079
1,325,309,-0.00232608823635444,0.101813594469132
1,171,310,0.0196677254434224,0.130316725477574
1,284,310,-0.0156211991550495,0.120266978704432
1,296,310,-0.0130410261364792,0.176089248467106
1,205,311,-0.00245043598119003,0.128152045465134
1,460,311,-0.0120126593107888,0.441728396746572
1,382,312,-0.00767313202236252,0.134068929124829
1,434,312,-0.00217460056693016,0.110070880300934
1,258,313,-0.00967930004222593,0.206935684063276
1,270,313,-0.044700339546486,0.309879374435173
1,213,315,0.114878693339001,0.413570987852755
1,273,315,0.0390564092177047,0.13351825344667
1,329,315,-0.00780067366965037,0.13578983950634
1,356,315,-0.0191433016596017,0.423619127410043
1,363,316,-2.582207550615e-07,0.00742986681816942
1,420,316,0.108593943110324,0.191979873065721
1,484,316,0.0771674546587503,0.0763477669067774
1,183,317,-0.0782369613603795,0.284727414141455
1,232,317,-0.06734339423551,0.0155373336602472
1,298,317,0,0.00756434036655141
1,351,317,0.07025600233031,0.302918850114009
1,409,317,0.000818784082539859,0.346016283535673
1,111,318,-0.00171552648786098,0.131899000908717
1,203,318,-0.025072313438987,0.332077272922028
1,278,318,0.000638728014751244,0.108191456853619
1,386,319,0.0769504386742149,0.247587855301664
1,387,319,-0.00116853549814315,0.346578146508771
1,413,319,0.0502539661280959,0.0439065580360077
1,43,320,-0.0164122458305616,0.0285625280233855
1,193,320,-0.0614712618186921,0.167201227149427
1,337,320,-0.00354510164465554,0.211565250191081
1,445,320,0.000335819844479642,0.213319371717688
1,200,322,0.0941853334862441,0.0391269678865387
1,278,322,-0.000459583054320323,0.182494341368295
1,329,322,-0.0129874438410735,0.349249796437732
1,356,322,-0.035801605500419,0.0565687237919299
1,361,322,-0.0218339528244381,0.366652029483877
1,362,322,0.0482568477478781,0.0164556142386019
1,48,324,-0.0560273161678384,0.461853722101427
1,82,324,0.00587526072062634,0.341666075893327
1,160,324,-0.0613709631041227,0.125705205241993
1,179,324,-0.0151815754381487,0.311082729057345
1,256,324,0.00979804396816576,0.12538946619263
1,157,325,-0.112836652879853,0.175764307759374
1,261,325,-0.0627716737489863,0.164693271749393
1,262,325,0.0737345125665345,0.369038013419491
1,309,325,-0.0264312682653615,0.107553941722687
1,274,326,0.00801066397894025,0.306199644971921
1,364,326,0.00312342737474116,0.344287085825301
1,427,326,-0.000548706767664263,0.128491515545909
1,166,327,-0.0497786902022985,0.18354555991662
1,171,327,0.0576257049266173,0.359641256544038
1,191,327,0.00350816093504278,0.0483812560811754
1,257,327,0.0786366986383236,0.201529228549604
1,340,328,0.0801293875186933,0.16095083047645
1,389,328,-0.0049881025182866,0.08736032770441
1,315,329,0.000100049542356456,0.153059804447422
1,401,329,-0.0176887418103769,0.303660626907817
1,154,330,-0.00931260091596338,0.252453940599248
1,288,330,0.0262795875532583,0.356955479566276
1,303,331,-0.00114739026730234,0.263549128809372
1,374,331,0.00571108669742443,0.181148021160032
1,414,331,0.0019927281771543,0.328046373512445
1,429,331,0.0743553242350426,0.271007002291792
1,252,332,-0.00195614619534135,0.264230002635754
1,266,332,0.00623085830710576,0.279337794591918
1,349,332,0.0332990352004627,0.39677838973738
1,370,332,0.0301899528245548,0.111354744896347
1,422,332,-0.00170288601008077,0.074655238388718
1,382,333,-0.021284266297068,0.102571921855983
1,427,333,0.00130083453416477,0.0880673809693981
1,284,334,-0.00766569936641816,0.235389736039659
1,285,334,0.00186823624618539,0.279070226405596
1,296,334,-9.75572480407527e-05,0.0738369402187018
1,382,335,0.00017047657544077,0.199114488904946
1,417,335,-0.0660558215633694,0.168753276323107
1,115,336,0.00165173590183829,0.126348364360514
1,198,336,0.000750870063409513,0.134857760757745
1,282,336,0.0221793704952224,0.206190334834711
1,308,337,0.00617746885339654,0.174771442505148
1,320,337,-0.00539778078543134,0.336367161380735
1,350,337,0.0118570294300138,0.287843545955808
1,445,337,-0.00385514301204628,0.176967919549717
1,260,340,0.0291327797321642,0.349052251927274
1,266,340,-0.00169646995312197,0.213072114755836
1,328,340,0.00324690526382074,0.110359422288633
1,359,340,0.0355298707197816,0.467764522159904
1,288,341,0.0246696098908883,0.471213343807526
1,342,341,0.00971787395821938,0.383221172500973
1,343,341,-0.0467927190193425,0.0764430912400826
1,341,342,0.0508901809785943,0.249466327329357
1,362,342,0.0196868855635495,0.562183747916911
1,377,342,-0.00372616371016279,0.394183190777478
1,403,342,0.0235611082742927,0.332613894095119
1,200,343,0.0572986273230182,0.204535693005525
1,341,343,0.0887198956871919,0.20416482221377
1,218,344,0.0105217229275626,0.0471014941745184
1,364,344,0.00722576301142754,0.386860568310225
1,375,344,-0.0314270173109241,0.192374988851903
1,404,344,-0.0484854056288424,0.110445632439658
1,155,345,-0.00144147809389684,0.064918138976916
1,257,345,0.0775793114786256,0.450223504342162
1,263,345,0.0450906240825999,0.211431272785753
1,220,346,0.000239946239099249,0.184950848087224
1,369,346,-0.00158713175344238,0.157826869282924
1,394,346,0.0729313495459401,0.3094017110074
1,447,346,0.15194312120359,0.0731612649195899
1,367,347,-0.0473784242405476,0.30936815385861
1,425,347,0.0330521274365993,0.530289234555021
1,288,349,-0.0180785714046546,0.402036164259149
1,332,349,-0.00701552509192332,0.225706004583569
1,422,349,0.00196842150232728,0.209764477795216
1,308,350,-0.00532403875586957,0.0333738010016319
1,337,350,-0.00523916822442184,0.189562245452114
1,447,350,0.103141224260817,0.200619832895203
1,119,351,-0.00302114647636171,0.208133512397931
1,193,351,-0.0864864333868842,0.503988448940346
1,220,351,-0.00100016987162879,0.224743145946037
1,317,351,0.252248400736589,0.201946077567106
1,361,352,-0.0403558381704043,0.0770960762354837
1,377,352,-0.0701186575674572,0.313134916135703
1,387,352,0.00210036309446434,0.13479095200664
1,369,354,0.00555399527117864,0.37565965663142
1,394,354,0.130447475380195,0.324634769863287
1,428,354,-0.0578618503938528,0.167677107674856
1,497,354,0.00145099758254525,0.27002249520479
1,233,355,0.0540842642862684,0.259842749803856
1,238,355,0,0.0229798506080031
1,285,355,-0.0129934638345401,0.0885472434958274
1,409,355,0.0241439654386397,0.142789292749861
1,250,356,-0.0769553876051895,0.256618291936574
1,315,356,0.00036241157697987,0.1025328042321
1,205,357,0.00343027666036078,0.311305124335276
1,259,357,0.089617659772234,0.339968069498879
1,370,357,-0.0301899528245548,0.111354744896347
1,295,358,-0.00041827011285188,0.132906429393641
1,360,358,-0.00693671434787265,0.307851886762941
1,410,358,0.00281770460762443,0.140269561422066
1,440,358,-0.00219913960966601,0.17678390987624
1,271,359,0.0745020160152704,0.231217456310213
1,340,359,0.0665731308723281,0.353012270322276
1,392,359,-0.0415056630832042,0.348635122317211
1,358,360,0.00138923448500139,0.128377204589065
1,389,360,0.00143971237542431,0.190016072552293
1,390,360,0.0179727478522483,0.323047251292811
1,453,360,0.00370197589257774,0.239348248872074
1,352,361,0.000696571397080037,0.0569558328157587
1,362,361,0.0445241385867832,0.179833368195601
1,377,361,-0.0323087561824207,0.185830059295446
1,200,362,0.106946011746169,0.0251320343028836
1,342,362,0.0734087361031629,0.403035675639171
1,361,362,-0.0296168402085501,0.244076765331154
1,316,363,3.51360963329176e-06,0.0188319896096747
1,429,363,-0.0743553242350426,0.271007002291792
1,218,364,0.00951206209918562,0.0662326551224363
1,294,364,0.00490424589103092,0.206233629247736
1,300,364,-0.00150197857248907,0.306510248771883
1,326,364,-0.00661710257654866,0.287081437866813
1,344,364,0.0295776170835007,0.348744933866849
1,103,365,-0.0217043834611969,-0.0619288371493741
1,436,365,0.0661243486056324,0.0871205032661063
1,112,366,-0.0380070303408306,0.204716050473119
1,381,366,-0.00318338019884256,0.0285463941768833
1,400,366,0.0830905061527953,0.428078804088821
1,286,367,-0.0122340062461989,0.101568395923931
1,293,367,-0.000902520800724719,0.120193381660659
1,347,367,0.093665450955437,0.283135993488795
1,371,367,0.0843809951905707,0.446345244463293
1,92,368,-0.000398266164712636,0.22794039566233
1,126,368,0.0011711635625879,0.172686810109694
1,282,368,-0.0254356338201093,0.293871796286089
1,374,368,-0.0127620646156633,0.114526926912957
1,233,369,0.00383529659836336,0.278305346777683
1,346,369,0.00855178866260761,0.227778893931904
1,354,369,0.00553024197851516,0.122035954117719
1,394,369,0,0.0316399993435015
1,409,369,0.0201695282602067,0.236862986780664
1,332,370,-0.00995884928526,0.367321155470218
1,357,370,0.0122835907452551,0.148931183236125
1,48,371,-0.0837333278848877,0.36973742718392
1,160,371,-0.0555328732967692,0.311437287737839
1,237,371,-0.0573388839985174,0.173960935498134
1,245,371,-0.00924181018851086,0.177816212009655
1,249,371,-0.0068401378566925,0.32794234212509
1,367,371,-0.0673831215227862,0.122307996592482
1,416,372,0.0033708581225502,0.0279714272174649
1,443,372,-1.21183076585113e-06,0.013005832281051
1,92,373,-0.00148125548573066,0.185895572647765
1,277,373,-0.00787878218079258,0.325702207592057
1,279,373,0.0113276440985381,0.283990391528617
1,414,373,0.00613312144196472,0.0330322189078929
1,331,374,0.0105085463208959,0.212393950935651
1,368,374,-0.0175792309094381,0.0409149192837082
1,444,374,-0.00705536920611092,0.205048934977322
1,344,375,-0.00131002044988872,0.0829849523147003
1,404,375,-0.0121179515168106,0.293036398985155
1,437,375,-0.0990998475221278,0.185263608308342
1,454,375,0.00695561180776927,0.259960402415272
1,43,376,-0.00193279403827762,0.276057742789618
1,243,376,0.000371545578905292,0.0554150163838116
1,445,376,-0.00309008732394656,0.116350804510663
1,342,377,0.0572895287454816,0.192708767709571
1,352,377,-0.000471366222999026,0.0865701959504476
1,361,377,-0.0364778237762445,0.199232639891545
1,386,377,0.0978610477408902,0.246041775421063
1,441,377,0.0847664149101017,0.233652535561928
1,200,378,0.0629510644635035,0.258971979775543
1,203,378,-0.106916677578361,0.158064280670649
1,147,379,-0.00561183484806334,0.227938353163255
1,236,379,0.0152093177815136,0.232297248949395
1,398,379,0.167629102323738,0.307867791211429
1,425,379,0.0661563150383148,0.310713463098793
1,383,380,0.0162676630323103,0.336083182965664
1,433,380,-0.0872185513904992,0.528981308022858
1,441,380,0.109871684642238,0.391284906154799
1,366,381,0.00199632247256059,0.211802455644841
1,486,381,0.0162400821623393,0.318386623385266
1,312,382,0.0111931204368273,0.128205906850021
1,333,382,0.0432710840713051,0.115149978120383
1,335,382,0.0256617036196224,0.185925114150834
1,259,383,-0.089617659772234,0.339968069498879
1,380,383,0.0239406004404259,0.129286793141878
1,391,383,0.0196120724045001,0.323710290923842
1,403,383,0.0735833194152571,0.194309537678776
1,402,384,-0.0207550892693839,0.15654370238072
1,426,384,0.000549951835500023,0.291167507959155
1,319,386,-0.0484333547941902,0.16390428316545
1,377,386,-0.0554022249165196,0.3235239713099
1,388,386,-0.181827025773369,0.17578621431987
1,441,386,0.0458703173101852,0.410024893699786
1,457,386,-0.0108727095015949,0.0652945539281351
1,319,387,-0.00400951757032709,0.325062013550785
1,352,387,0.00123410256550863,0.197634973620283
1,401,387,-0.0213222415970614,0.345721921921135
1,386,388,-0.0596026017919774,0.525751583326521
1,398,388,0.136918503593628,0.33643585966517
1,413,388,0.0206361957607995,0.501831501064784
1,426,388,-0.00247775817104812,0.152686865965263
1,457,388,-0.0197274204236697,0.277399763773106
1,328,389,-0.00324690526382074,0.110359422288633
1,360,389,0.000687400718112645,0.328853789613867
1,408,389,-0.00144564753180371,0.164091590190826
1,252,390,-0.00132008315546309,0.176485172132162
1,266,390,-1.08547335627325e-05,0.221648910963031
1,360,390,-0.017589074089031,0.207604602159503
1,291,391,-0.0218927363596005,0.0782639643107413
1,383,391,0.0471767936059542,0.193021402959793
1,393,391,-0.0379996150303182,0.322154704326591
1,359,392,-0.0295742425152575,0.320988876189689
1,408,392,-0.00160145430519768,0.220671025281252
1,492,392,9.72215600257252e-06,0.0791620811092565
1,275,393,-0.005862761796137,0.201076789536486
1,391,393,0.0750137554452116,0.133528754615308
1,433,393,0,0.0950740382569745
1,439,393,0.00463058900888317,0.324540881283737
1,346,394,0.0119701903418439,0.00102746955721884
1,354,394,0.00799378099780629,0.128530327935356
1,369,394,-0.0240522168211503,0.341026424711338
1,428,394,0.00642768614412075,0.445276481679998
1,447,394,0.151927950993363,0.242846810961161
1,473,394,-0.012038073966471,0.215741959823659
1,8,395,0.00263640218934676,0.0630177765084374
1,115,395,0.0027349655321863,0.0468911191163952
1,198,395,0.000604572187849784,0.0569049259312589
1,512,395,-0.000197901843072648,0.0606670084862309
1,39,396,-0.00060252849653524,0.0650715997853105
1,90,396,0.00748644732099325,0.164117469815084
1,172,396,0.0415068335484311,0.21003084191786
1,212,396,0.0581692168254753,0.181585730949511
1,271,397,-0.0745020160152704,0.231217456310213
1,236,398,0.0288513732296694,0.164337826879514
1,379,398,-0.0219154386451834,0.40847172305818
1,388,398,-0.138390082394997,0.20274462523989
1,404,398,-0.0269439178464054,0.21022993820676
1,413,398,0.0180816627384916,0.438616062360059
1,426,398,-0.00284837175830171,0.12844821093982
1,112,400,-0.0538899359172213,0.26351171413135
1,366,400,0.00187006688671824,0.220303054062111
1,505,400,0.0144743718263729,0.0972888712430974
1,241,401,-0.000693504273645849,0.198722723773537
1,273,401,-0.0467539256707596,0.169181832750133
1,305,401,0.0837553035587593,0.283076771495062
1,329,401,0.0060873986058531,0.318138738423639
1,387,401,0.00322611481221085,0.371621332614264
1,384,402,0.0507802146666881,0.167088127009524
1,433,402,-0.034588523567729,0.455302533408632
1,446,402,0.00988997907813481,0.0274760796466869
1,457,402,-0.0111976448087084,0.0336274018458196
1,281,403,0.000168106542442823,0.0648118329855292
1,342,403,-0.00312410498793838,0.436506370066281
1,383,403,0.05595972358272,0.169689211707729
1,441,403,0.132362973589938,0.315119911284023
1,344,404,-0.00693896322132768,0.189273803223958
1,375,404,-0.00261494808878524,0.0205038111082791
1,398,404,0.148091917547675,0.156774105572138
1,437,404,-0.130412822052061,0.221856441970119
1,480,404,-0.00226925105264201,0.227810674231444
1,516,407,-0.000724488830878253,0.406446116805741
1,389,408,-0.00306298987807078,0.208240476947161
1,392,408,0.0389866053390895,0.211475720010923
1,435,408,0.000633966245070008,0.00744967818530636
1,465,408,5.29878367812436e-07,0.073236091661203
1,317,409,0.0639887882703945,0.406448289543522
1,355,409,0.0429900527391653,0.136115845120284
1,369,409,0.0156048247490895,0.415166502513639
1,295,410,-0.00190802308547053,0.117189415162418
1,358,410,-0.00220371010866923,0.106195237921103
1,460,410,-0.066148746098934,0.326529666508518
1,495,410,-0.0282060710886576,0.312402724108921
1,84,411,0.0200543709501538,0.254963005154204
1,306,411,-0.00324768285845779,0.0724620167941441
1,189,412,0.0178395046722792,0.544742989478536
1,199,412,-0.000766132852639443,0.169856170677522
1,258,412,-0.00907819553518055,0.23497092676651
1,273,412,0.029954833075918,0.232489590234016
1,305,412,0.050405771401535,0.22075072620221
1,236,413,0.0506713432659399,0.487438372736782
1,319,413,-0.0494857018712707,0.244298858208438
1,388,413,-0.179159428274007,0.179230744667069
1,398,413,0.1533219282933,0.0587689040702744
1,303,414,-0.00013411966330433,0.226529749195079
1,331,414,0.0122829808892106,0.296408301143502
1,373,414,-0.0206103913290377,0.35188671160812
1,282,416,-0.00807981853997276,0.172983553195832
1,372,416,-0.00102391317636464,0.0225723234572403
1,444,416,-0.00236508466873761,0.228970123226851
1,335,417,-0.0256617036196224,0.185925114150834
1,418,417,0.00181184215495365,0.185131788609039
1,432,417,0.0244403125218672,0.338473246231848
1,479,417,0.0148357130475091,0.332837932116324
1,417,418,-0.0171995203905386,0.252349781248369
1,479,418,-0.0043783826051927,0.187768927152892
1,510,418,0.0171381840698301,0.198592346845614
1,515,418,-0.0195196536961956,0.11246974228163
1,121,419,-0.0561569755480819,0.0660307946702578
1,196,419,0.00541235479105807,0.445227148886561
1,471,419,-0.000131969049442125,0.049875422420746
1,316,420,2.79474499387854e-06,0.0195077199373868
1,473,420,-0.00236857865600325,0.195458752884494
1,432,421,0.0723854329068286,0.163708308362777
1,515,421,-0.0102887007549814,0.138042702078891
1,99,422,-0.0728942267284893,0.167497025984813
1,332,422,-0.0117543727806451,0.265730340504551
1,349,422,0.0652288239898709,0.214465280628848
1,435,423,-0.000956582586227735,0.113225677699368
1,465,423,1.85449802895266e-06,0.039529662698843
1,483,423,1.8015383571275e-05,0.229354617178243
1,434,424,-0.00236578358108403,0.0866188754299905
1,509,424,0.0350009597706668,0.0577681766907465
1,137,425,0.000757245467470671,0.214725944441367
1,236,425,0.0428215521415138,0.232549376110274
1,253,425,0.00425812762685965,0.206920012978817
1,347,425,-0.093665450955437,0.283135993488795
1,379,425,0.00369296130269323,0.188845530841093
1,384,426,-0.0507802146666881,0.167088127009524
1,388,426,-0.0338743545596857,0.405989418161088
1,398,426,0.123711192015978,0.292955101397303
1,437,426,-0.102090933682761,0.211439457171332
1,326,427,-0.0225359960123022,0.127643265677859
1,333,427,-0.0432710840713051,0.115149978120383
1,434,427,-0.00189423018643105,0.0404684799317127
1,303,428,-0.0011463335270196,0.0609753063892187
1,354,428,0.00870678915224294,0.1789342715558
1,394,428,0.107585210240509,0.283124078891869
1,473,428,-0.0135783914232461,0.217977891498992
1,331,429,0.0115003048154987,0.234586461347165
1,363,429,4.70209885711432e-07,0.0199737168358821
1,129,430,-0.0370893680452795,0.222330724197785
1,139,430,0.0087872733124295,0.355277535075543
1,446,431,-0.0425214563024542,0.270446638345257
1,463,431,-0.0124775988609829,0.254769259090834
1,417,432,-0.0562825627428025,0.247108565547165
1,421,432,0.0282043950587828,0.147569972608539
1,454,432,0.0106926402258414,0.258260290876708
1,380,433,0.0103362632716948,0.220642221417523
1,393,433,-0.0113602810961416,0.436664196674651
1,402,433,-0.00289880653852058,0.281559328012004
1,446,433,0.0394568584660161,0.19644281243081
1,312,434,-0.0111931204368273,0.128205906850021
1,424,434,-0.035460772942797,-0.0526971445345381
1,427,434,0.000398714189015591,0.0569103955691636
1,522,434,0.00213838908442798,0.177645942899489
1,408,435,-0.00219520883761941,0.0186610347680907
1,423,435,2.96981990985102e-06,0.0830025124704411
1,453,435,0.0115012654786419,0.172910712213186
1,15,436,-0.00174784593294941,0.231877127271618
1,365,436,-0.00268792912528805,0.0828097715308353
1,375,437,-0.0182168956969199,0.36277578392366
1,404,437,0.00856104011688701,0.389886557304118
1,426,437,-0.00337149410096208,0.276157429647858
1,474,437,0.10134243317007,0.274530778077437
1,447,438,0.0828684805786651,0.405113350050864
1,275,439,-0.00318435139077241,0.126190597064036
1,393,439,-0.0212781788678276,0.224006363257715
1,463,439,-0.0220523616491833,0.0946877429692642
1,496,439,-0.00508860572511823,0.0900990455492253
1,506,439,0.00176268277352566,0.254569719671904
1,358,440,-0.00167999975613575,0.128271130996587
1,453,440,0.00753854146811773,0.0325168603142854
1,483,440,5.41179701441482e-06,0.20838231417262
1,377,441,-0.030896403642584,0.293338972170294
1,380,441,0.00165549053083654,0.244526057925315
1,386,441,0.085406037459596,0.318202155403038
1,403,441,0.078064115819359,0.162813202151713
1,457,441,0.0102330564821863,0.27013577533864
1,467,442,1.3714307062243e-05,0.079301157757699
1,487,442,0.0333766359764045,0.00874498636817984
1,501,442,-0.0681866903930868,0.12380808107854
1,506,442,-0.00697396167429877,0.225194042451367
1,372,443,0.00214869464792817,0.140072193837695
1,462,443,-0.054914801699466,0.069723400753409
1,282,444,-0.00785509771475618,0.0705253991360643
1,374,444,-0.0165005981607081,0.23738240066195
1,416,444,0.00115294233493462,0.295282099368863
1,320,445,-0.0150543951649338,0.105706954359149
1,337,445,-0.00181287109946612,0.235368887084403
1,376,445,0.00294643309396813,0.0874857964630569
1,402,446,-0.0252356280065957,0.108107602016017
1,431,446,-0.106088952768654,-0.244536174237765
1,433,446,-0.0555792402177121,0.515603820081462
1,474,446,-0.10134243317007,0.274530778077437
1,346,447,0.020010605190387,0.200351159999756
1,350,447,-0.0283191636043368,0.139807815957885
1,394,447,0.0272918995857753,0.295004077488675
1,438,447,0.000676309445486895,0.0324321772767241
1,93,448,-0.000156339223895453,0.102596104815367
1,517,448,-4.3882228790356e-05,0.105181507243282
1,60,449,-0.00855490820902894,0.0576900893232574
1,491,449,3.4837378918907e-07,0.0199642463302802
1,499,450,0.000249215290814381,0.0705411865716905
1,478,451,0.00240911152789314,0.215981877145723
1,104,452,-0.0225314081612183,0.143365560375208
1,500,452,0.000602972961643987,0.0751816002240165
1,360,453,-0.0137153042579206,0.136015118617973
1,435,453,0.00158433835704076,0.118529170508762
1,440,453,-0.000696771603586108,0.0844458896480548
1,483,453,5.40174761977119e-06,0.163916308810093
1,294,454,-0.00490424589103092,0.206233629247736
1,375,454,0.0417558326996375,0.18111194655707
1,432,454,0.0486459947273737,0.278605693980288
1,3,455,0.003875211107823,0.205965351991163
1,475,456,0.00890422097915236,0.316428131586195
1,483,456,1.84453727086435e-05,0.19882476563044
1,495,456,-0.0270919239851442,0.224548939716457
1,386,457,0.0584386409567228,0.101713559387492
1,388,457,-0.160066641165867,0.0291964446461171
1,402,457,-0.0256149163520075,0.0414819503844935
1,441,457,0.109632565558161,0.120900994208149
1,83,459,0.0253412407096914,0.0474070241132771
1,521,459,-0.028967547338454,0.0762142147097389
1,231,460,0.00217278109883549,0.194900377494059
1,311,460,-0.0190974027700169,0.152944262292297
1,410,460,0.00273735242941342,0.00835737167282674
1,494,460,0.0658085618066195,0.212450056904528
1,495,460,-0.0200965267295845,0.333230226889251
1,496,460,0.00203814653011462,0.174275959863717
1,129,461,-0.0483274357468433,0.399956829392396
1,304,462,-0.00747546890510405,0.112253946660885
1,443,462,-2.55699919832403e-06,0.0124392605612558
1,431,463,0.106088952768654,-0.244536174237765
1,439,463,-0.00472885495889327,0.272114589431067
1,501,463,-0.0552762179765336,0.317963092299833
1,515,463,0.00590935098172473,0.179735424053911
1,408,465,-0.00172029100243917,0.150936254543188
1,423,465,1.9600606936285e-06,0.099076238158558
1,93,466,7.32540209228028e-06,0.0911852620170951
1,442,467,-0.00335572787809253,0.248582784078452
1,487,467,0.0501315825781838,0.197314601315074
1,504,467,0.00015706095839153,0.228475387356339
1,473,470,-0.0167912489057092,0.100127118036907
1,419,471,-0.0506549651936787,0.310433051458223
1,486,471,0.0278995333308161,0.151745155418764
1,488,471,-0.832530152515472,2.01299806787465
1,52,472,-0.00482625616171273,0.0944091075278202
1,394,473,0.0759503769622361,0.214148950774514
1,420,473,-0.108593943110324,0.191979873065721
1,428,473,-0.055276760181537,0.136375419087469
1,470,473,0.00439612335849707,0.0195374742480706
1,437,474,-0.0828590812599619,0.241410230845189
1,446,474,0.0199688284101282,0.284536093721076
1,456,475,-2.76850337664664e-06,0.145812754318779
1,485,475,0.00204477474561183,0.354810280707447
1,451,478,0.0192114452925,0.236570725914912
1,517,478,0.00011874081091696,0.134291923437484
1,417,479,-0.0119279707734529,0.300772427306667
1,418,479,-0.000157351389400243,0.0427301415889449
1,507,479,0.0099255788255748,0.0652173343431216
1,531,479,-0.124192828074474,-0.202471668527559
1,147,480,-0.0147858221769399,0.171285674153237
1,218,480,0.0110556119362723,0.137354932599655
1,404,480,-0.10730579633109,0.412778324879685
1,492,481,-2.45457433758161e-06,0.0544578175052873
1,493,481,0.000195548959298761,0.0817647074981833
1,487,482,-0.00479396067526021,0.330764299847114
1,510,482,-0.0171381840698301,0.198592346845614
1,531,482,0.124192828074474,-0.202471668527559
1,423,483,2.06378115731373e-06,0.0722721235159264
1,440,483,0.00131947908365919,0.173671587111314
1,453,483,-0.0065965238418141,0.195705161100062
1,456,483,8.78974722497556e-06,0.131359331027808
1,316,484,-7.59041444622721e-07,0.0171003323384052
1,475,485,-0.00508336915284742,0.35388644925206
1,494,485,-0.0658085618066195,0.212450056904528
1,504,485,0.000278972052425364,0.356984735139848
1,113,486,-0.00710382359038608,0.191795376872248
1,381,486,0.00091720515940397,0.361068930243959
1,471,486,-0.00270318186671968,0.131185582068913
1,442,487,0,0.00698670941279848
1,467,487,-1.08511243209002e-06,0.142275386267915
1,482,487,-0.0262096257263939,0.313416878192194
1,501,487,-0.0753254628170911,0.0918772441814834
1,113,488,-0.00711654016173816,0.188035314342813
1,471,488,-0.00336149590151483,0.125981191561751
1,507,489,-0.0099255788255748,0.0652173343431216
1,509,489,-0.0350009597706668,0.0577681766907465
1,60,491,-0.00174722997857018,0.229803884041183
1,449,491,-0.00111944024631865,0.173661582226373
1,392,492,0.0891676059054634,0.340941440870435
1,481,492,0.0224672241801045,0.0799347378855737
1,481,493,-0.0224672241801045,0.0799347378855737
1,460,494,0.0356266207297258,0.336380314798441
1,485,494,0.0132595806919217,0.184637287573197
1,410,495,0.00222550644225787,0.139128668262379
1,456,495,1.00209372369611e-05,0.093667763300087
1,460,495,-0.0200346441583223,0.114092732278795
1,231,496,0.00197665735061094,0.0984631875824171
1,275,496,-0.00762989387974234,0.286480614638597
1,439,496,0.0030360406818936,0.0573546642688705
1,460,496,-0.00122101550061901,0.515385310999348
1,506,496,-0.00813952456456141,0.100229308546985
1,157,497,-0.112254283522491,0.156812335470849
1,254,497,-0.0288619749469375,0.316511858785491
1,354,497,-0.0142742959343843,0.226813116528077
1,227,499,0.0227504973349362,0.326344100425645
1,450,499,-0.000175410574729814,0.112800160522638
1,512,499,0.000188491437876192,0.10590464302448
1,53,500,-0.00300855644892201,0.0722061598730686
1,452,500,-8.50160594643748e-05,0.0634207428859992
1,534,500,0.00078863361570443,0.309857698073422
1,442,501,-0.00461634944849565,0.229581554678829
1,463,501,-0.030736888074084,0.329364164945864
1,487,501,0.0235735171513761,0.185869826579334
1,515,501,0.0152999720999299,0.11519340275151
1,516,502,-0.00504503909203724,0.346159217866401
1,529,502,-0.0147567771324658,0.155457798651682
1,149,503,-0.035206234779954,0.258127182150689
1,505,503,0.0193383750268492,0.225301483593611
1,467,504,1.5902692454061e-05,0.114328475576012
1,485,504,0.0112902240081572,0.328663921732445
1,149,505,-0.0393583122676921,0.482136483263673
1,400,505,-0.0200356443021019,0.169077089136293
1,503,505,0.00844762096757997,0.134064716374324
1,439,506,0.00538411286774536,0.197192367961479
1,442,506,-0.018007514373923,0.395687896918879
1,496,506,-0.00405508934140563,0.0281646883869241
1,479,507,-0.00880569670125194,0.0759626787597801
1,489,507,0.0461125587971675,0.0659398989155616
1,424,509,0.035460772942797,-0.0526971445345381
1,489,509,-0.0461125587971675,0.0659398989155616
1,418,510,-0.00146808758568885,0.17855478879429
1,482,510,-0.0136731617588971,0.155827246075999
1,230,511,-0.00681296647198544,0.382859480447156
1,93,512,2.01026807738369e-05,0.0331029997607485
1,395,512,7.75438923129421e-05,0.0669224368953536
1,499,512,-0.000472652080324875,0.13235672269799
1,522,513,0.00229301084246464,0.0863194730813349
1,523,513,-0.0123859599549707,-0.0874170953385822
1,274,514,0.0676930656887889,0.278593388446094
1,522,514,-0.00170756067125869,0.179803770570255
1,418,515,-0.000970150600710743,0.201767006129629
1,421,515,-0.0282043950587828,0.147569972608539
1,463,515,-0.0214764446742961,0.189733804285904
1,501,515,-0.0564936688294169,0.244599324504597
1,98,516,0.0548827345944998,0.269995902083246
1,407,516,0.0676795693709822,0.0490897340857231
1,502,516,-0.00213369844714956,0.202030184277234
1,448,517,-0.0145405743421133,0.0845067473401331
1,478,517,0,0.000120736508638496
1,103,521,0.0217043834611969,-0.0619288371493741
1,459,521,-0.0223371326413023,0.32328112268542
1,434,522,0.000778980971990487,0.184156921686534
1,513,522,0.00363776898232924,0.102797368916993
1,514,522,-0.103676244399978,0.244772957669099
1,513,523,-0.00363776898232924,0.102797368916993
1,525,523,-0.000260439730753879,0.102446451912815
1,523,525,0.0123859599549707,-0.0874170953385822
1,530,525,-0.00114927585279858,0.134098988824911
1,40,529,-0.0119811530709693,0.275714733288967
1,202,529,-0.0718031614438357,0.0803456057536104
1,502,529,0.000814529112330641,0.255885672240147
1,525,530,-1.09011980121222e-05,0.0610008133813451
1,479,531,0.0124825274306308,0.25900737542131
1,482,531,-0.02328358496238,0.147670735999811
1,500,534,0.000573841317914274,0.114545440230547
1,208,-1,-1.64201855334454e-07,0.0277797772264041
1,227,-1,0.00884544152016186,0.0743636288208325
1,306,-1,-0.00249376777452881,0.199004082029975
1,316,-1,2.77465850152305e-06,0.0103839784619111
1,363,-1,2.11991021490025e-07,0.016954583471551
1,366,-1,0.00242462338254818,0.0517544612347956
1,372,-1,-0.00271770384677408,0.117872010930504
1,381,-1,-0.0021287855764909,0.348721720950866
1,407,-1,-0.0676795693709822,0.0490897340857231
1,411,-1,0.194957371341737,0.378225140866285
1,419,-1,-0.0349779264167791,0.386282060441683
1,423,-1,3.49683482882479e-06,0.0604131179271708
1,430,-1,0.000523583597090668,0.444663663986612
1,436,-1,0.0023921190685809,0.310889194033294
1,438,-1,-0.000676309445486895,0.0324321772767241
1,443,-1,-3.76883117159008e-06,0.00508847630774852
1,445,-1,-0.0015387376694215,0.141543778632797
1,449,-1,-0.000270645482342787,0.000997845900237175
1,452,-1,-0.000317683747543003,0.139688006206985
1,456,-1,8.02103422379996e-06,0.0522455918904536
1,459,-1,-0.0230711914783649,0.311925042395886
1,461,-1,-0.0835278872639049,0.269894284134113
1,465,-1,2.38439292390572e-06,0.075134429084587
1,466,-1,-0.00664878010608068,0.0653490232504224
1,467,-1,1.42658082425693e-05,0.0406150428289263
1,468,-1,-0.00141075796995134,0.130797222999328
1,470,-1,-0.00439612335849707,0.0195374742480706
1,471,-1,0.000539656368898014,0.115229335527634
1,472,-1,-0.0400420230005424,0.106818842973031
1,475,-1,0.00333373757379379,0.0941622489792321
1,478,-1,-0.000395303627722083,0.21589604700598
1,482,-1,0.0034059430981102,0.2945707178813
1,483,-1,1.57575106149534e-05,0.132670593413451
1,484,-1,-0.0771674546587503,0.0763477669067774
1,485,-1,0.0132375089450481,0.00763252855856536
1,486,-1,0.0240110203326476,0.311316245878373
1,490,-1,0.000301779450036678,0.119880201754191
1,491,-1,5.66359669252591e-07,0.0471233160860785
1,492,-1,7.26679709988341e-06,0.0905525916521012
1,500,-1,-0.000426704780545718,0.119136510253244
1,502,-1,-0.00159503571442646,0.0416260605864281
1,503,-1,0.00417470987331736,0.337703676118616
1,504,-1,0.000757477848943377,0.130195075528398
1,505,-1,-0.0626206517086251,0.410529358183099
1,511,-1,-0.120523357631393,0.456780659421397
1,514,-1,-0.102300970875042,0.402358033245506
1,516,-1,-0.00679735985684896,0.118020163939627
1,517,-1,0.000491357617088135,0.0711554593598896
1,522,-1,0.00189434372514131,0.127546834646968
1,525,-1,-0.000109490739151657,0.050478684093279
1,526,-1,0.00415150698897641,0.140784055146893
1,529,-1,0.0100513174441153,0.331353997964605
