1,861,1871,29,1
2,2470,1070,33,1
3,2790,2086,30,1
4,231,2081,31,1
5,2516,1123,28,1
6,814,2026,28,1
7,1086,2416,35,1
8,2856,1617,29,1
9,1429,917,29,1
10,1376,2649,29,1
11,2660,2512,29,1
12,1416,2722,30,1
13,3049,2578,29,1
14,2773,1596,33,1
15,777,2189,28,1
16,998,385,30,1
17,1748,2764,29,1
18,2579,2511,29,1
19,2876,2417,29,1
20,2402,2542,27,1
21,2296,2636,28,1
22,2761,1657,28,1
23,2764,1237,30,1
24,2686,2932,30,1
25,2369,241,28,1
26,1203,2723,29,1
27,982,2373,28,1
28,2836,1517,30,1
29,213,2029,28,1
30,1651,159,30,1
31,1012,2427,28,1
32,2252,2823,30,1
33,336,1151,28,1
34,1423,3109,29,1
35,761,2052,29,1
36,1168,2899,30,1
37,1613,727,29,1
38,2301,2715,29,1
39,2304,2790,29,1
40,785,1909,29,1
41,1642,2736,35,1
42,1151,1014,29,1
43,1136,2605,28,1
44,1995,156,31,1
45,1238,1052,28,1
46,2719,2039,27,1
47,1253,2656,34,1
48,2262,2756,29,1
49,2454,954,29,1
50,802,1527,28,1
51,2607,1206,30,1
52,1595,793,30,1
53,809,2413,28,1
54,1324,2842,29,1
55,2269,945,33,1
56,1245,2515,33,1
57,2980,1932,30,1
58,714,2196,29,1
59,2802,2443,28,1
60,1007,2482,28,1
61,2708,407,30,1
62,2377,2793,30,1
63,2355,2727,28,1
64,728,1515,28,1
65,902,2253,34,1
66,2761,2334,29,1
67,2632,1157,29,1
68,1687,2961,29,1
69,2709,2334,30,1
70,1121,2551,30,1
71,3129,965,30,1
72,1826,146,29,1
73,1197,2582,35,1
74,871,1260,33,1
75,3164,2686,31,1
76,1082,1156,34,1
77,1800,3299,30,1
78,3049,1908,30,1
79,2841,2567,30,1
80,1169,2527,28,1
81,2704,1472,28,1
82,2306,220,28,1
83,2784,2030,30,1
84,2946,2253,30,1
85,725,1438,30,1
86,956,2221,28,1
87,686,888,30,1
88,2506,2633,30,1
89,1194,978,30,1
90,1726,2879,29,1
91,3033,1403,29,1
92,233,2137,27,1
93,419,988,29,1
94,2196,2699,29,1
95,814,3052,29,1
96,1942,150,29,1
97,3074,2009,28,1
98,2584,830,30,1
99,735,1930,28,1
100,729,1697,29,1
101,770,1477,29,1
102,2657,1357,27,1
103,917,444,30,1
104,1651,3340,29,1
105,723,600,29,1
106,3009,1868,30,1
107,738,1809,30,1
108,795,1641,28,1
109,1178,299,32,1
110,600,722,28,1
111,1129,636,29,1
112,2907,1399,30,1
113,1912,3272,29,1
114,483,1653,30,1
115,740,1752,30,1
116,247,2193,28,1
117,1884,148,30,1
118,3413,2048,32,1
119,2561,2443,29,1
120,951,1367,30,1
121,1363,2778,35,1
122,2879,1221,29,1
123,826,1391,30,1
124,1725,2809,29,1
125,1051,1299,28,1
126,1242,270,29,1
127,815,2093,29,1
128,381,1247,30,1
129,869,1028,30,1
130,523,2773,30,1
131,2062,660,30,1
132,856,2202,34,1
133,2818,2304,33,1
134,290,1268,28,1
135,2339,928,30,1
136,876,965,30,1
137,1919,2744,29,1
138,741,1261,30,1
139,408,1040,30,1
140,633,2344,29,1
141,1192,2642,28,1
142,2405,2747,29,1
143,447,941,28,1
144,1776,2847,33,1
145,892,1379,29,1
146,2837,2243,29,1
147,2294,640,29,1
148,1340,782,29,1
149,2804,1961,29,1
150,2857,2361,30,1
151,2557,2384,33,1
152,647,1739,34,1
153,2123,835,29,1
154,784,1854,29,1
155,1612,193,29,1
156,2019,3386,30,1
157,1629,850,35,1
158,3112,2595,31,1
159,2695,1278,33,1
160,1280,1015,29,1
161,2755,1783,28,1
162,2515,850,28,1
163,1407,2820,30,1
164,699,2019,29,1
165,2049,161,29,1
166,2876,1553,28,1
167,2397,2853,30,1
168,1806,2780,32,1
169,489,2730,30,1
170,282,2314,30,1
171,2819,1767,34,1
172,2111,2980,29,1
173,1868,742,28,1
174,2738,3087,28,1
175,1995,2947,30,1
176,2561,3137,27,1
177,798,2241,31,1
178,931,1420,29,1
179,1312,2615,35,1
180,857,1552,28,1
181,207,1898,32,1
182,1289,811,29,1
183,1779,779,30,1
184,3202,2569,28,1
185,2409,809,30,1
186,948,1050,30,1
187,3075,2072,30,1
188,654,2179,28,1
189,2116,2678,34,1
190,2090,882,33,1
191,3341,2234,29,1
192,1144,2852,29,1
193,198,1747,29,1
194,1933,2926,29,1
195,619,1939,31,1
196,2199,2826,28,1
197,367,1086,31,1
198,1064,2594,33,1
199,564,1673,29,1
200,1087,2499,34,1
201,3002,2914,29,1
202,880,2321,32,1
203,1959,809,29,1
204,1698,620,30,1
205,1467,2686,34,1
206,3047,1691,27,1
207,2029,818,34,1
208,2141,550,29,1
209,2911,2363,29,1
210,1148,2683,33,1
211,828,994,28,1
212,2273,704,32,1
213,997,1129,33,1
214,2815,1222,30,1
215,1083,2698,30,1
216,934,2084,31,1
217,815,2349,35,1
218,1901,2878,32,1
219,194,1802,28,1
220,2674,901,30,1
221,1560,3366,28,1
222,1480,896,29,1
223,2673,1112,32,1
224,449,2651,32,1
225,3122,1908,30,1
226,2802,2951,31,1
227,1706,154,30,1
228,3110,1721,29,1
229,1301,2792,30,1
230,623,1294,31,1
231,2897,1275,28,1
232,1842,2901,29,1
233,3332,1813,29,1
234,849,1110,32,1
235,2838,2989,30,1
236,2639,1251,29,1
237,211,1638,29,1
238,3054,1349,29,1
239,2567,644,28,1
240,333,2399,29,1
241,692,1052,30,1
242,842,2273,29,1
243,2853,1889,29,1
244,1029,594,33,1
245,873,488,33,1
246,954,2496,29,1
247,1833,3354,30,1
248,3041,1572,30,1
249,1581,3000,30,1
250,775,573,32,1
251,2685,1209,33,1
252,2442,2595,35,1
253,1001,987,31,1
254,650,1545,30,1
255,2461,837,29,1
256,2827,2126,29,1
257,2778,2256,29,1
258,2957,1296,29,1
259,1033,1213,29,1
260,3182,933,30,1
261,2889,2254,29,1
262,862,2387,29,1
263,803,938,30,1
264,825,2998,31,1
265,1363,226,32,1
266,3287,2013,29,1
267,692,783,29,1
268,1982,253,28,1
269,680,635,29,1
270,2673,638,30,1
271,2749,2455,30,1
272,3141,2412,32,1
273,792,1764,30,1
274,737,1322,28,1
275,2540,1043,33,1
276,3019,2674,31,1
277,2792,1355,30,1
278,2915,2198,28,1
279,1372,828,30,1
280,1051,356,32,1
281,680,1895,33,1
282,481,842,29,1
283,1970,2872,32,1
284,911,1319,33,1
285,2372,1026,28,1
286,2145,2857,28,1
287,564,1860,30,1
288,1452,2765,28,1
289,3082,1862,28,1
290,2716,2125,34,1
291,2485,1005,32,1
292,339,1867,31,1
293,847,1331,34,1
294,745,1643,29,1
295,3120,2780,28,1
296,1460,649,28,1
297,3260,2447,31,1
298,3163,2615,27,1
299,2246,207,32,1
300,1650,2798,29,1
301,2842,1272,30,1
302,2448,2499,33,1
303,1747,3114,30,1
304,503,1936,30,1
305,211,1967,32,1
306,966,1256,34,1
307,325,1453,29,1
308,233,1841,30,1
309,2695,985,28,1
310,1969,860,28,1
311,918,2377,32,1
312,818,1055,29,1
313,1214,2460,28,1
314,975,2546,29,1
315,1626,2848,27,1
316,953,2318,35,1
317,1197,2846,28,1
318,2641,1305,28,1
319,867,480,32,1
320,787,1701,34,1
321,2721,2255,32,1
322,1038,455,31,1
323,2963,1843,29,1
324,866,1942,28,1
325,949,2433,33,1
326,682,2954,30,1
327,939,2627,30,1
328,2673,2208,34,1
329,983,435,28,1
330,902,1508,33,1
331,2780,2513,34,1
332,1259,2587,30,1
333,3123,2109,30,1
334,364,1349,30,1
335,1843,3426,27,1
336,1966,2786,35,1
337,3374,1647,30,1
338,511,2340,28,1
339,2685,481,30,1
340,202,1691,29,1
341,1564,2758,29,1
342,3349,1929,30,1
343,761,1572,34,1
344,763,3033,28,1
345,2043,215,30,1
346,2036,2742,34,1
347,940,1105,30,1
348,1397,3035,29,1
349,3254,1849,30,1
350,2201,508,32,1
351,380,1579,30,1
352,901,777,32,1
353,1441,849,34,1
354,699,1591,32,1
355,1596,3406,29,1
356,3088,802,28,1
357,2786,1492,34,1
358,2561,1167,35,1
359,520,1611,33,1
360,1044,1014,30,1
361,515,1815,30,1
362,2192,837,29,1
363,2947,1349,30,1
364,2591,2978,30,1
365,2103,189,31,1
366,355,1628,30,1
367,1700,3369,31,1
368,3007,2510,30,1
369,566,771,32,1
370,1194,3096,29,1
371,1212,1101,28,1
372,3119,2660,30,1
373,2640,2354,33,1
374,528,1420,28,1
375,2895,959,29,1
376,2933,1097,30,1
377,2874,2309,29,1
378,2888,1744,33,1
379,482,1449,31,1
380,2928,2304,29,1
381,2079,2785,32,1
382,1430,2616,31,1
383,643,2915,30,1
384,3082,2825,29,1
385,3013,1305,29,1
386,1299,251,32,1
387,2088,780,35,1
388,2965,2202,31,1
389,2771,989,31,1
390,3423,2051,31,1
391,1128,3237,29,1
392,2771,2139,29,1
393,2030,280,29,1
394,897,1073,30,1
395,3057,2480,28,1
396,587,1440,30,1
397,848,1749,33,1
398,3089,2533,35,1
399,1461,3071,29,1
400,832,2469,28,1
401,1509,2734,32,1
402,2286,773,32,1
403,2715,938,30,1
404,1295,2726,34,1
405,1310,927,32,1
406,1252,963,35,1
407,1399,3185,35,1
408,2019,2827,33,1
409,888,1796,28,1
410,2941,2137,29,1
411,2254,2682,31,1
412,1904,2813,32,1
413,2205,933,28,1
414,1649,3410,29,1
415,630,929,28,1
416,1361,2718,30,1
417,1096,901,34,1
418,2984,1201,29,1
419,834,2627,29,1
420,1847,840,34,1
421,602,990,31,1
422,1126,2798,30,1
423,1030,3153,27,1
424,691,1778,28,1
425,2668,1053,30,1
426,1659,225,32,1
427,1502,2912,33,1
428,2585,995,30,1
429,634,1811,34,1
430,1147,2470,35,1
431,2644,798,30,1
432,559,2733,30,1
433,1730,534,28,1
434,3398,1596,32,1
435,1058,1095,34,1
436,1549,740,35,1
437,632,1992,31,1
438,2032,2903,33,1
439,2196,2919,30,1
440,2576,942,30,1
441,2327,982,33,1
442,2231,660,29,1
443,784,1359,30,1
444,573,1324,31,1
445,2528,906,30,1
446,814,2147,30,1
447,2699,557,32,1
448,2183,2643,33,1
449,522,2692,28,1
450,2650,2702,28,1
451,2797,1903,33,1
452,2654,2578,31,1
453,622,1677,34,1
454,2490,568,29,1
455,2853,606,30,1
456,469,2366,30,1
457,3453,1648,31,1
458,1513,632,30,1
459,1328,986,29,1
460,1680,2847,28,1
461,380,2535,32,1
462,1487,191,32,1
463,850,1679,35,1
464,1634,3097,29,1
465,3114,911,28,1
466,413,2593,32,1
467,1222,833,32,1
468,2801,875,31,1
469,1720,3174,29,1
470,581,1732,33,1
471,1640,3017,35,1
472,2741,2632,32,1
473,1571,2821,34,1
474,811,518,32,1
475,997,2603,35,1
476,1090,597,28,1
477,2987,2315,33,1
478,1082,2343,33,1
479,256,1385,32,1
480,3193,1207,28,1
481,1582,255,29,1
482,973,1317,30,1
483,2751,1397,35,1
484,2891,2793,27,1
485,2027,3238,28,1
486,1416,684,29,1
487,977,941,28,1
488,1834,785,29,1
489,1039,2379,30,1
490,3087,1947,29,1
491,946,2682,29,1
492,2790,1293,33,1
493,346,2477,32,1
494,2556,2655,30,1
495,2811,3079,32,1
496,3352,1362,32,1
497,2568,3081,31,1
498,2675,2843,29,1
499,2871,1949,33,1
500,1754,3215,31,1
501,296,2086,32,1
502,238,1449,32,1
503,1368,2971,28,1
504,849,736,30,1
505,2196,736,29,1
506,962,1471,31,1
507,1106,545,30,1
508,1319,855,29,1
509,846,1493,30,1
510,681,1961,35,1
511,1183,2789,34,1
512,2906,1858,31,1
513,2613,2756,30,1
514,604,2869,30,1
515,2185,581,29,1
516,529,1992,30,1
517,2610,2668,29,1
518,2219,884,29,1
519,635,2653,29,1
520,2930,1648,29,1
521,639,2398,29,1
522,2120,307,30,1
523,626,1379,32,1
524,2215,786,28,1
525,466,1987,32,1
526,2251,2927,30,1
527,913,1203,32,1
528,1368,3135,28,1
529,2891,2125,30,1
530,2633,2805,28,1
531,786,2295,29,1
532,529,891,30,1
533,1760,2924,31,1
534,2652,528,30,1
535,640,1442,31,1
536,1043,944,34,1
537,2842,990,32,1
538,2905,1504,30,1
539,1099,773,30,1
540,2495,2757,29,1
541,1327,2674,29,1
542,1570,431,29,1
543,867,2140,29,1
544,2928,1802,30,1
545,994,2975,31,1
546,1093,1045,30,1
547,1683,823,29,1
548,3058,1286,29,1
549,642,680,31,1
550,1003,1059,33,1
551,2927,1451,29,1
552,2145,482,30,1
553,2455,2720,30,1
554,2732,1530,34,1
555,753,1991,35,1
556,1572,672,35,1
557,590,2620,30,1
558,2434,266,32,1
559,852,1187,33,1
560,3166,1725,28,1
561,2521,916,31,1
562,993,2664,28,1
563,384,1915,29,1
564,683,2878,32,1
565,988,2268,30,1
566,934,991,33,1
567,477,895,28,1
568,1064,2866,30,1
569,2945,934,30,1
570,263,2254,32,1
571,3001,834,30,1
572,1746,647,28,1
573,1563,859,35,1
574,1307,324,30,1
575,2027,876,28,1
576,2682,760,30,1
577,3386,1818,30,1
578,1486,779,32,1
579,3189,993,33,1
580,721,2994,29,1
581,3323,1628,31,1
582,2398,905,31,1
583,314,1213,32,1
584,2411,747,31,1
585,1504,846,29,1
586,2976,1985,30,1
587,2170,182,31,1
588,1866,2762,29,1
589,1876,2944,30,1
590,3008,2249,32,1
591,2784,1171,35,1
592,1881,3382,29,1
593,547,1486,32,1
594,2737,2395,35,1
595,1148,744,28,1
596,3036,1628,34,1
597,636,1606,33,1
598,3124,2045,31,1
599,1631,619,33,1
600,2751,1982,34,1
601,733,1864,29,1
602,2831,2850,29,1
603,2398,971,34,1
604,1506,2849,29,1
605,1839,587,29,1
606,2811,2624,29,1
607,1616,498,30,1
608,283,1327,31,1
609,1551,2653,28,1
610,2822,1698,33,1
611,2551,2567,34,1
612,2452,3280,30,1
613,1371,889,33,1
614,1208,913,33,1
615,711,1158,30,1
616,2952,2443,31,1
617,808,2519,30,1
618,2633,730,30,1
619,804,1234,35,1
620,1732,2709,31,1
621,1759,2987,30,1
622,2053,471,30,1
623,1147,938,32,1
624,1371,2583,32,1
625,2989,1544,29,1
626,752,802,30,1
627,1894,194,27,1
628,1751,3323,29,1
629,2389,2636,35,1
630,1163,867,35,1
631,2909,1597,30,1
632,1912,3162,29,1
633,1540,803,27,1
634,268,1955,27,1
635,3023,2034,35,1
636,2844,2913,30,1
637,746,2877,32,1
638,2348,2548,28,1
639,918,533,31,1
640,1160,1144,34,1
641,2772,2772,31,1
642,3319,1738,30,1
643,2187,3277,29,1
644,2896,2469,29,1
645,582,883,30,1
646,693,2303,32,1
647,3200,1526,29,1
648,1287,3209,26,1
649,2350,413,30,1
650,2826,1836,34,1
651,1513,2797,29,1
652,216,1578,31,1
653,1094,2754,29,1
654,782,1105,28,1
655,2340,718,33,1
656,535,828,31,1
657,2900,556,35,1
658,2677,2394,29,1
659,696,2426,29,1
660,3372,1427,28,1
661,1374,3082,30,1
662,3267,2128,33,1
663,1994,2695,25,1
664,2732,2740,29,1
665,2586,1108,32,1
666,424,1546,31,1
667,874,2080,34,1
668,3044,1234,30,1
669,682,1491,33,1
670,3212,1584,32,1
671,594,2156,33,1
672,525,1363,30,1
673,1928,756,35,1
674,508,2531,31,1
675,2536,805,28,1
676,2752,2985,29,1
677,2960,2039,30,1
678,1843,2838,31,1
679,2804,2384,34,1
680,1634,672,28,1
681,2221,2871,30,1
682,831,1816,34,1
683,904,2029,30,1
684,1534,3295,27,1
685,1036,2536,35,1
686,1469,3015,28,1
687,1582,2706,33,1
688,1964,545,28,1
689,3403,1915,29,1
690,1671,2905,33,1
691,3014,1086,33,1
692,2357,2894,29,1
693,2902,902,30,1
694,2313,3199,32,1
695,2426,2926,31,1
696,1754,3268,27,1
697,1056,805,29,1
698,2783,1053,30,1
699,1936,646,28,1
700,711,2139,31,1
701,2135,2915,35,1
702,1591,3324,34,1
703,1145,2740,29,1
704,1045,2286,31,1
705,1717,863,28,1
706,1631,612,32,1
707,1209,735,30,1
708,2884,1677,32,1
709,2471,720,30,1
710,3243,2370,28,1
711,882,2674,33,1
712,2100,445,30,1
713,1361,3298,30,1
714,2352,3234,30,1
715,798,2871,30,1
716,2869,1453,31,1
717,1708,3012,29,1
718,872,1616,35,1
719,894,2509,31,1
720,1017,896,29,1
721,2006,3192,30,1
722,1766,149,31,1
723,434,1612,32,1
724,1341,3017,29,1
725,463,1333,30,1
726,1110,328,31,1
727,422,1954,29,1
728,949,482,33,1
729,2775,2692,33,1
730,2515,2877,29,1
731,2074,578,31,1
732,1851,3164,30,1
733,2976,2094,28,1
734,3037,2193,31,1
735,1457,254,29,1
736,3203,2150,33,1
737,1677,709,32,1
738,2341,2601,28,1
739,1061,740,30,1
740,2890,1336,35,1
741,3075,1065,32,1
742,2435,2803,32,1
743,2684,2455,33,1
744,883,2443,35,1
745,1901,3423,28,1
746,3284,1357,31,1
747,1072,410,29,1
748,2708,2693,29,1
749,1307,652,30,1
750,2883,2946,30,1
751,1719,770,31,1
752,2763,836,31,1
753,2504,2424,31,1
754,2083,2858,31,1
755,2482,3037,31,1
756,1914,3107,30,1
757,2614,2269,28,1
758,2743,2932,28,1
759,474,2290,30,1
760,2664,2291,34,1
761,1303,2552,35,1
762,3013,828,30,1
763,2689,1409,33,1
764,810,625,31,1
765,2959,1497,28,1
766,3326,1232,34,1
767,2617,2464,33,1
768,1610,2895,30,1
769,3190,2383,31,1
770,2520,2489,34,1
771,2761,1719,33,1
772,684,1659,33,1
773,2973,1600,33,1
774,2397,692,29,1
775,3009,1459,30,1
776,1505,692,35,1
777,1231,674,30,1
778,2044,2981,34,1
779,3293,1690,31,1
780,879,1442,31,1
781,2879,1108,32,1
782,2959,2957,29,1
783,922,935,29,1
784,3435,1537,33,1
785,3351,2054,31,1
786,392,1143,31,1
787,1407,270,31,1
788,749,2341,35,1
789,2489,2550,32,1
790,3327,2286,30,1
791,1017,3034,30,1
792,1744,699,32,1
793,561,2820,32,1
794,2781,509,26,1
795,1121,385,29,1
796,2488,2924,28,1
797,1081,490,28,1
798,2950,882,30,1
799,3358,2175,31,1
800,295,1331,30,1
801,2140,355,29,1
802,1145,3140,32,1
803,318,1391,32,1
804,2834,2793,34,1
805,2150,3343,30,1
806,1558,158,27,1
807,1002,496,30,1
808,2625,2869,29,1
809,621,2500,31,1
810,2730,1335,31,1
811,2512,2699,34,1
812,757,640,29,1
813,2905,611,30,1
814,2942,2438,31,1
815,2930,829,30,1
816,674,2540,34,1
817,1859,3116,27,1
818,1129,1090,33,1
819,3181,1891,29,1
820,1200,3148,31,1
821,2672,2645,35,1
822,917,2176,33,1
823,3228,2097,31,1
824,1170,796,33,1
825,3236,1318,31,1
826,1424,205,31,1
827,534,996,31,1
828,1773,3378,31,1
829,2920,1166,32,1
830,2923,2078,30,1
831,2649,852,29,1
832,2928,2827,31,1
833,3065,2697,30,1
834,1563,2939,33,1
835,2981,2568,32,1
836,1277,697,29,1
837,2901,1042,31,1
838,818,1590,28,1
839,2721,2871,35,1
840,2849,758,28,1
841,3198,2441,35,1
842,3098,1247,29,1
843,2945,2625,31,1
844,377,1490,35,1
845,2328,3282,30,1
846,2084,261,34,1
847,3008,2435,33,1
848,2078,2937,30,1
849,473,2166,31,1
850,974,1187,30,1
851,1378,950,35,1
852,2396,638,30,1
853,2205,2767,30,1
854,509,1049,30,1
855,1075,2815,30,1
856,1048,2657,29,1
857,1677,394,30,1
858,1975,3277,32,1
859,739,933,30,1
860,3149,1550,34,1
861,2871,1803,29,1
862,532,2143,30,1
863,815,1446,29,1
864,2840,2493,32,1
865,353,1683,30,1
866,1238,338,30,1
867,1334,2920,34,1
868,1265,758,35,1
869,2555,2777,30,1
870,562,2381,32,1
871,430,1488,31,1
872,799,827,30,1
873,1591,318,32,1
874,1880,458,30,1
875,859,558,31,1
876,862,620,30,1
877,1001,833,33,1
878,3362,1539,30,1
879,3028,2091,30,1
880,807,1153,30,1
881,2494,333,30,1
882,2856,2074,33,1
883,1068,655,35,1
884,1626,3149,29,1
885,973,2921,30,1
886,701,2654,30,1
887,2002,645,33,1
888,3312,1536,29,1
889,324,1219,30,1
890,2998,2503,31,1
891,517,2047,29,1
892,3178,2080,32,1
893,2438,535,30,1
894,1313,3125,30,1
895,3334,1300,29,1
896,1823,665,35,1
897,919,1847,29,1
898,3167,2278,28,1
899,1284,3017,30,1
900,2518,677,34,1
901,3123,1987,30,1
902,2883,722,31,1
903,2364,855,31,1
904,1060,860,30,1
905,1801,2714,31,1
906,267,2027,32,1
907,3382,1260,29,1
908,2276,2979,30,1
909,2904,2018,34,1
910,852,918,31,1
911,1231,3032,29,1
912,2928,1964,28,1
913,1970,3153,30,1
914,2469,378,28,1
915,1758,300,30,1
916,3242,2595,28,1
917,3325,2441,29,1
918,223,1512,32,1
919,793,2579,31,1
920,1164,566,33,1
921,1449,726,31,1
922,644,2050,35,1
923,3199,1102,29,1
924,777,1413,29,1
925,2088,719,30,1
926,491,2233,35,1
927,1639,3230,32,1
928,648,2821,32,1
929,2970,2380,32,1
930,3424,1778,29,1
931,1513,3397,29,1
932,1096,982,33,1
933,1922,245,33,1
934,2792,3030,32,1
935,409,2153,33,1
936,528,2635,30,1
937,459,2646,30,1
938,2720,667,30,1
939,3344,1691,31,1
940,221,1966,33,1
941,3150,1782,31,1
942,780,2815,32,1
943,3282,1793,34,1
944,1714,201,26,1
945,2744,1102,32,1
946,545,2574,30,1
947,2730,3033,29,1
948,680,1344,31,1
949,1950,598,28,1
950,1457,3158,31,1
951,1805,725,34,1
952,2221,2975,28,1
953,335,2273,32,1
954,2433,476,30,1
955,1226,567,27,1
956,2299,883,35,1
957,3120,1143,29,1
958,1061,2931,32,1
959,1462,2818,30,1
960,1939,3350,30,1
961,1842,418,29,1
962,3099,1802,29,1
963,2084,385,30,1
964,3148,2557,30,1
965,1466,2957,30,1
966,456,1272,32,1
967,3172,1151,33,1
968,2862,2180,33,1
969,2600,2610,33,1
970,2941,2512,33,1
971,2863,858,30,1
972,1167,2416,28,1
973,1725,3424,29,1
974,2971,1407,33,1
975,2674,696,31,1
976,542,2205,33,1
977,2138,408,31,1
978,651,2120,31,1
979,1815,3220,30,1
980,1520,448,28,1
981,706,2078,35,1
982,1543,291,30,1
983,2344,664,29,1
984,1982,3015,34,1
985,756,2403,31,1
986,3368,1747,30,1
987,1585,3196,32,1
988,813,1966,35,1
989,1385,3364,28,1
990,3140,1195,31,1
991,2644,1004,29,1
992,2307,376,29,1
993,760,2118,31,1
994,1354,678,33,1
995,1853,518,30,1
996,511,1704,31,1
997,2730,724,31,1
998,914,1570,30,1
999,472,1762,34,1
1000,1513,398,29,1
1001,1034,2767,33,1
1002,2020,381,30,1
1003,1122,2954,31,1
1004,1447,529,35,1
1005,1267,2930,31,1
1006,3173,2503,31,1
1007,526,1762,30,1
1008,3259,1223,31,1
1009,2480,503,29,1
1010,3222,1699,33,1
1011,2697,2987,31,1
1012,1871,299,32,1
1013,1214,2937,30,1
1014,434,2322,31,1
1015,652,2455,30,1
1016,1961,386,35,1
1017,3188,2210,26,1
1018,595,1555,30,1
1019,1064,2988,33,1
1020,2163,3030,35,1
1021,1107,699,33,1
1022,902,2774,31,1
1023,2611,3204,35,1
1024,2243,2614,28,1
1025,2621,3141,35,1
1026,3232,1907,33,1
1027,2323,3087,30,1
1028,3003,898,34,1
1029,856,2562,33,1
1030,914,2725,28,1
1031,578,1615,34,1
1032,346,2270,34,1
1033,1863,2999,28,1
1034,2876,2618,35,1
1035,1378,2875,33,1
1036,2584,2322,33,1
1037,567,1032,29,1
1038,1778,3366,35,1
1039,1309,2970,30,1
1040,546,2467,34,1
1041,2442,3170,31,1
1042,1320,731,30,1
1043,2306,273,31,1
1044,1790,3158,32,1
1045,3084,1423,30,1
1046,2641,2987,30,1
1047,2165,2966,30,1
1048,2838,656,30,1
1049,312,1596,31,1
1050,1189,3245,30,1
1051,2859,3036,35,1
1052,2368,2947,30,1
1053,955,3174,30,1
1054,1696,3303,35,1
1055,2576,2716,32,1
1056,3363,1196,28,1
1057,2812,2732,31,1
1058,2995,1253,27,1
1059,2577,460,30,1
1060,3119,844,29,1
1061,3419,1419,30,1
1062,3279,1581,34,1
1063,2548,312,29,1
1064,3343,1992,32,1
1065,3028,2372,33,1
1066,3032,2809,31,1
1067,3253,1416,25,1
1068,1079,1242,32,1
1069,3045,2307,31,1
1070,3168,1374,31,1
1071,2946,1732,34,1
1072,1235,2889,29,1
1073,741,2254,35,1
1074,3405,1478,32,1
1075,1866,3060,31,1
1076,3132,1022,33,1
1077,445,1152,30,1
1078,3380,1743,34,1
1079,615,2863,35,1
1080,2027,3125,35,1
1081,519,1257,31,1
1082,2065,329,35,1
1083,3043,2868,30,1
1084,2350,600,31,1
1085,2181,685,28,1
1086,1978,492,27,1
1087,3041,770,33,1
1088,528,2288,30,1
1089,963,2794,35,1
1090,2720,2562,35,1
1091,415,2027,31,1
1092,635,874,31,1
1093,3456,1822,31,1
1094,620,1876,35,1
1095,2463,892,34,1
1096,2073,3094,29,1
1097,3063,1755,35,1
1098,3086,1656,30,1
1099,1051,544,31,1
1100,1461,418,30,1
1101,2143,727,30,1
1102,1412,2929,35,1
1103,549,2091,30,1
1104,2144,2798,35,1
1105,1521,3049,35,1
1106,2604,886,34,1
1107,1012,3198,34,1
1108,1520,3178,31,1
1109,3367,2332,29,1
1110,2809,473,28,1
1111,1112,444,30,1
1112,1816,2960,35,1
1113,3260,1107,32,1
1114,3105,752,30,1
1115,956,879,31,1
1116,2400,2692,29,1
1117,745,2533,34,1
1118,3033,1517,30,1
1119,2394,564,30,1
1120,926,2568,33,1
1121,2716,3149,32,1
1122,1967,3409,31,1
1123,295,2439,29,1
1124,2381,456,30,1
1125,2937,1550,28,1
1126,2990,1787,34,1
1127,1849,3274,34,1
1128,347,2162,30,1
1129,2756,561,33,1
1130,3150,2346,29,1
1131,1768,160,32,1
1132,2388,507,26,1
1133,274,1557,30,1
1134,601,2094,29,1
1135,1015,2888,30,1
1136,455,1058,29,1
1137,689,1832,30,1
1138,342,1541,31,1
1139,2011,587,33,1
1140,1250,3094,34,1
1141,303,1651,31,1
1142,1790,613,30,1
1143,425,1104,30,1
1144,1468,470,29,1
1145,3096,1598,33,1
1146,794,1297,35,1
1147,782,580,32,1
1148,843,2803,33,1
1149,2254,830,31,1
1150,1617,393,34,1
1151,3062,1473,29,1
1152,3229,1974,33,1
1153,3394,1974,35,1
1154,403,1668,31,1
1155,1769,208,25,1
1156,919,839,30,1
1157,2166,281,31,1
1158,268,1895,32,1
1159,3266,1734,30,1
1160,572,2261,30,1
1161,2674,3048,34,1
1162,1271,521,28,1
1163,3318,2340,30,1
1164,2891,672,35,1
1165,913,2894,28,1
1166,752,870,33,1
1167,245,1722,31,1
1168,466,2047,31,1
1169,3062,717,33,1
1170,2245,394,32,1
1171,2078,396,29,1
1172,496,1164,30,1
1173,511,1311,29,1
1174,613,1061,32,1
1175,358,2105,30,1
1176,2941,1234,33,1
1177,2054,2670,28,1
1178,2123,667,33,1
1179,537,1202,33,1
1180,2385,3278,32,1
1181,362,1742,35,1
1182,3068,1124,33,1
1183,2145,2733,34,1
1184,2596,565,34,1
1185,579,1978,30,1
1186,2964,608,34,1
1187,612,2562,34,1
1188,1830,198,32,1
1189,3101,1372,29,1
1190,2726,516,30,1
1191,3091,2189,31,1
1192,2847,1383,33,1
1193,1685,3068,32,1
1194,2252,3196,30,1
1195,2285,2879,35,1
1196,3025,1170,30,1
1197,3177,1475,30,1
1198,3298,1170,32,1
1199,2844,2010,33,1
1200,2512,3262,31,1
1201,1101,2643,30,1
1202,2624,676,29,1
1203,406,2032,32,1
1204,842,788,32,1
1205,2350,3330,32,1
1206,2481,436,32,1
1207,1690,570,30,1
1208,3118,2473,32,1
1209,2591,767,33,1
1210,2539,3024,35,1
1211,852,3098,31,1
1212,1266,883,35,1
1213,2881,2862,30,1
1214,2702,819,33,1
1215,1667,3186,27,1
1216,3073,996,32,1
1217,3434,2106,29,1
1218,2733,2187,35,1
1219,2743,783,30,1
1220,2961,1053,30,1
1221,548,1150,30,1
1222,2125,3390,30,1
1223,2777,682,34,1
1224,3015,1019,34,1
1225,3203,1831,33,1
1226,3212,1766,34,1
1227,2537,373,30,1
1228,1784,3425,27,1
1229,338,1291,33,1
1230,1557,2876,30,1
1231,1870,2707,31,1
1232,1896,692,35,1
1233,884,2617,28,1
1234,1420,2988,29,1
1235,2821,555,32,1
1236,960,2132,28,1
1237,2194,240,32,1
1238,1715,452,31,1
1239,1010,647,32,1
1240,2718,2500,30,1
1241,382,2427,30,1
1242,308,2210,34,1
1243,493,1108,31,1
1244,651,1004,33,1
1245,3226,1463,31,1
1246,2619,623,30,1
1247,785,697,35,1
1248,1697,3239,32,1
1249,306,1773,30,1
1250,1997,759,34,1
1251,1342,382,31,1
1252,679,729,30,1
1253,2328,330,31,1
1254,3148,1669,34,1
1255,2376,365,34,1
1256,2468,781,34,1
1257,2844,1050,33,1
1258,759,1190,35,1
1259,3234,934,29,1
1260,2200,334,34,1
1261,1219,3196,30,1
1262,3134,1093,35,1
1263,1331,3340,31,1
1264,1652,779,35,1
1265,1950,3219,33,1
1266,3270,2546,30,1
1267,2913,769,30,1
1268,3261,1515,34,1
1269,848,2858,31,1
1270,2760,1845,32,1
1271,1112,2892,30,1
1272,1650,768,34,1
1273,1826,471,30,1
1274,1572,3119,33,1
1275,2159,3135,29,1
1276,631,2716,29,1
1277,2547,3201,32,1
1278,3464,1880,29,1
1279,851,679,35,1
1280,2830,709,30,1
1281,1300,314,31,1
1282,2978,1139,33,1
1283,3157,1609,30,1
1284,572,2322,33,1
1285,412,1731,29,1
1286,1506,569,32,1
1287,1330,529,32,1
1288,914,3077,34,1
1289,1627,2957,33,1
1290,1235,325,32,1
1291,2271,3312,33,1
1292,730,1384,30,1
1293,2784,672,34,1
1294,3206,2640,35,1
1295,2630,477,32,1
1296,980,545,32,1
1297,3074,2135,34,1
1298,1533,910,28,1
1299,2380,3170,32,1
1300,769,2470,35,1
1301,3281,1463,25,1
1302,710,838,31,1
1303,627,2284,35,1
1304,1418,787,33,1
1305,311,1986,27,1
1306,1379,331,32,1
1307,3174,1318,30,1
1308,1112,708,31,1
1309,2720,2805,35,1
1310,1868,249,28,1
1311,421,2264,35,1
1312,3155,885,31,1
1313,3330,1481,30,1
1314,3237,2510,32,1
1315,1113,835,31,1
1316,685,1283,31,1
1317,1562,374,30,1
1318,656,2605,33,1
1319,2278,3147,30,1
1320,1126,1195,29,1
1321,2639,945,32,1
1322,3004,2149,34,1
1323,1330,3178,30,1
1324,2733,878,31,1
1325,1649,443,33,1
1326,430,1432,28,1
1327,3196,1644,30,1
1328,1923,2982,35,1
1329,1910,344,31,1
1330,1028,2707,25,1
1331,2903,2677,30,1
1332,3173,2735,27,1
1333,1016,2828,35,1
1334,1449,596,32,1
1335,570,2813,33,1
1336,857,843,32,1
1337,3310,1097,30,1
1338,3144,2164,35,1
1339,3010,2737,32,1
1340,1809,316,29,1
1341,2241,274,30,1
1342,2719,1158,35,1
1343,2678,3112,34,1
1344,2669,3189,29,1
1345,3405,1978,31,1
1346,1942,303,35,1
1347,1012,1353,32,1
1348,1805,266,30,1
1349,3221,1371,30,1
1350,432,1215,35,1
1351,2004,435,34,1
1352,2853,514,33,1
1353,3010,2623,30,1
1354,2030,712,35,1
1355,1243,2979,30,1
1356,560,1920,35,1
1357,1488,2631,27,1
1358,1382,737,32,1
1359,2242,3256,32,1
1360,3463,1708,29,1
1361,3391,1328,32,1
1362,1566,606,33,1
1363,2106,3136,30,1
1364,1418,448,31,1
1365,3420,1861,31,1
1366,906,647,29,1
1367,3114,1366,34,1
1368,1308,482,31,1
1369,2934,2749,35,1
1370,2329,2988,30,1
1371,450,1899,35,1
1372,1247,2764,35,1
1373,3342,1145,29,1
1374,2185,635,30,1
1375,507,2412,33,1
1376,2267,3095,33,1
1377,2209,3323,34,1
1378,454,1833,34,1
1379,777,985,31,1
1380,3086,1536,31,1
1381,344,2039,33,1
1382,2881,2528,30,1
1383,254,1671,32,1
1384,899,1716,29,1
1385,1740,588,30,1
1386,2473,2985,33,1
1387,603,2774,32,1
1388,706,2483,35,1
1389,3271,2317,32,1
1390,1163,423,29,1
1391,661,826,31,1
1392,2027,3061,31,1
1393,2419,410,32,1
1394,1068,3229,35,1
1395,1192,618,35,1
1396,2155,785,35,1
1397,1805,3096,34,1
1398,974,2734,35,1
1399,2675,2760,32,1
1400,961,606,33,1
1401,3287,2394,34,1
1402,2538,530,32,1
1403,2654,433,30,1
1404,578,2035,34,1
1405,936,3015,33,1
1406,3353,1867,32,1
1407,2293,2576,28,1
1408,2578,703,32,1
1409,972,3061,31,1
1410,1999,3338,33,1
1411,385,2310,29,1
1412,1471,3281,35,1
1413,2596,413,35,1
1414,572,1251,34,1
1415,2332,3138,31,1
1416,2608,1053,32,1
1417,2569,2910,30,1
1418,2329,474,33,1
1419,1178,3045,31,1
1420,1506,3110,35,1
1421,3164,1947,35,1
1422,3181,1050,30,1
1423,667,1110,35,1
1424,857,2921,33,1
1425,1780,365,31,1
1426,2913,2994,35,1
1427,2231,554,31,1
1428,554,1091,35,1
1429,3413,1692,34,1
1430,396,2369,35,1
1431,1339,3239,33,1
1432,2816,1110,33,1
1433,2812,813,34,1
1434,904,714,35,1
1435,2742,454,33,1
1436,2934,2911,32,1
1437,283,1498,33,1
1438,1450,3370,32,1
1439,1520,338,30,1
1440,2799,1436,29,1
1441,3111,1307,31,1
1442,2539,595,30,1
1443,2194,3083,35,1
1444,2672,2749,32,1
1445,3198,1417,30,1
1446,2590,577,29,1
1447,2651,582,32,1
1448,1847,367,34,1
1449,2242,3375,30,1
1450,3451,2000,29,1
1451,2230,608,30,1
1452,278,2027,34,1
1453,731,1105,35,1
1454,1791,548,33,1
1455,1446,2875,35,1
1456,562,2525,31,1
1457,575,1798,34,1
1458,1998,3326,32,1
1459,1283,568,30,1
1460,483,1219,30,1
1461,3073,862,33,1
1462,2789,750,34,1
1463,3009,1730,30,1
1464,1561,482,30,1
1465,1522,2978,31,1
1466,1691,284,32,1
1467,1142,491,31,1
1468,3469,1764,30,1
1469,2434,334,35,1
1470,2130,608,35,1
1471,682,1407,30,1
1472,1635,3280,31,1
1473,2228,3027,33,1
1474,1739,251,30,1
1475,3007,957,30,1
1476,869,2976,25,1
1477,2784,2578,33,1
1478,2454,2661,35,1
1479,1929,2693,28,1
1480,1585,3061,35,1
1481,2509,3089,35,1
1482,766,1048,35,1
1483,2545,3190,34,1
1484,2270,3300,32,1
1485,2065,3187,34,1
1486,3062,2134,31,1
1487,2977,1678,35,1
1488,694,2367,35,1
1489,1630,554,35,1
1490,772,2982,30,1
1491,610,1497,32,1
1492,1252,3244,33,1
1493,3378,2270,33,1
1494,1463,354,33,1
1495,3115,2297,33,1
1496,724,2589,35,1
1497,1631,281,30,1
1498,2096,507,33,1
1499,797,2931,34,1
1500,3291,2073,34,1
1501,1157,3280,29,1
1502,3245,1045,33,1
1503,917,1660,31,1
1504,1290,2882,31,1
1505,1268,3328,28,1
1506,2601,341,30,1
1507,2591,511,28,1
1508,2456,2873,33,1
1509,3292,2185,35,1
1510,2191,436,33,1
1511,485,2105,33,1
1512,928,1909,29,1
1513,1099,3184,31,1
1514,1388,496,33,1
1515,1972,3089,35,1
1516,571,1388,30,1
1517,1021,2227,29,1
1518,924,2952,35,1
1519,2194,3207,35,1
1520,3247,1643,35,1
1521,1928,3048,34,1
1522,2311,826,30,1
1523,564,939,33,1
1524,1886,3219,34,1
1525,485,1512,34,1
1526,2853,2173,35,1
1527,1502,3331,35,1
1528,1407,394,33,1
1529,1303,427,25,1
1530,2384,3106,32,1
1531,1730,401,30,1
1532,1261,3154,35,1
1533,3293,1036,29,1
1534,3322,2121,31,1
1535,1193,460,30,1
1536,2140,237,30,1
1537,790,2754,33,1
1538,3073,2249,34,1
1539,693,2712,26,1
1540,1898,566,32,1
1541,1916,506,33,1
1542,2219,3141,35,1
1543,2721,1044,30,1
1544,1457,3213,33,1
1545,2476,280,28,1
1546,471,1000,32,1
1547,1490,297,31,1
1548,2183,3383,29,1
1549,2295,3355,28,1
1550,658,1102,34,1
1551,1222,406,33,1
1552,3238,2203,28,1
1553,3063,936,31,1
1554,2661,373,31,1
1555,3041,1817,35,1
1556,1965,209,30,1
1557,2298,428,31,1
1558,2527,476,31,1
1559,2531,2956,34,1
1560,479,2591,34,1
1561,1164,3193,31,1
1562,2442,599,35,1
1563,2778,929,35,1
1564,3304,1888,33,1
1565,2051,3302,33,1
1566,594,2435,35,1
1567,1256,620,35,1
1568,992,2179,29,1
1569,3290,1953,32,1
1570,1122,3020,33,1
1571,1941,445,31,1
1572,1171,685,35,1
1573,375,1422,35,1
1574,3234,1049,34,1
1575,2403,2988,33,1
1576,2844,924,35,1
1577,1186,2979,35,1
1578,2852,1168,34,1
1579,541,1555,33,1
1580,2873,2733,33,1
1581,813,885,31,1
1582,2770,3122,29,1
1583,3277,2246,34,1
1584,1305,3280,33,1
1585,289,2149,33,1
1586,435,2207,30,1
1587,1083,3121,35,1
1588,1521,3231,32,1
1589,1253,457,30,1
1590,2150,3243,28,1
1591,2622,3089,30,1
1592,2565,2839,32,1
1593,1567,534,31,1
1594,2449,669,35,1
1595,2525,746,35,1
1596,2378,293,33,1
1597,390,1858,35,1
1598,770,2634,35,1
1599,2631,2934,34,1
1600,671,2763,30,1
1601,2978,2795,35,1
1602,2423,3049,35,1
1603,961,2865,32,1
1604,1393,632,31,1
1605,2920,2572,35,1
1606,2538,425,30,1
1607,3097,2363,35,1
1608,374,2218,31,1
1609,2729,611,35,1
1610,411,2479,32,1
1611,407,1790,32,1
1612,2116,3304,35,1
1613,1554,216,33,1
1614,3180,2015,34,1
1615,629,763,31,1
1616,2079,3345,34,1
1617,3122,2723,33,1
1618,2947,995,34,1
1619,2135,3080,31,1
1620,3410,2163,35,1
1621,3221,2260,35,1
1622,713,682,35,1
1623,457,1701,30,1
1624,2185,382,30,1
1625,3000,1360,30,1
1626,1807,3028,34,1
1627,3227,2036,34,1
1628,726,2762,33,1
1629,1364,237,34,1
1630,900,887,30,1
1631,1511,250,29,1
1632,676,945,32,1
1633,2970,2858,35,1
1634,853,2740,34,1
1635,1495,3344,34,1
1636,1257,2831,35,1
1637,1316,3069,35,1
1638,672,2237,34,1
1639,916,1972,30,1
1640,1355,287,31,1
1641,2078,3359,35,1
1642,3171,836,29,1
1643,1963,701,35,1
1644,3121,1487,35,1
1645,1332,600,35,1
1646,2086,3235,32,1
1647,2047,3289,30,1
1648,373,1194,31,1
1649,2288,578,34,1
1650,3449,1938,31,1
1651,1438,309,31,1
1652,2496,623,25,1
1653,295,1711,34,1
1654,1655,341,35,1
1655,443,2418,32,1
1656,2262,341,31,1
1657,329,1928,35,1
1658,1015,706,33,1
1659,2942,723,33,1
1660,2354,785,35,1
1661,1278,384,35,1
1662,481,1572,30,1
1663,1998,323,32,1
1664,897,2840,34,1
1665,2136,3189,34,1
1666,698,1217,35,1
1667,328,2340,33,1
1668,2336,2838,35,1
1669,1879,627,32,1
1670,370,1977,35,1
1671,3073,2639,35,1
1672,3378,2111,35,1
1673,1570,547,34,1
1674,903,3134,34,1
1675,426,2094,35,1
1676,3019,666,31,1
1677,2839,2675,34,1
1678,965,3118,34,1
1679,960,799,31,1
1680,264,1615,32,1
1681,1583,3248,35,1
1682,1985,2654,28,1
1683,2798,2197,35,1
1684,478,2477,35,1
1685,1359,453,31,1
1686,718,2821,33,1
1687,2029,523,34,1
1688,3135,2233,33,1
1689,909,594,31,1
1690,2253,461,31,1
1691,1509,512,35,1
1692,2878,805,29,1
1693,3065,2758,35,1
1694,2411,3216,33,1
1695,288,1830,31,1
1696,739,747,35,1
1697,1405,3254,29,1
1698,2414,3230,35,1
1699,250,1782,29,1
1700,751,2699,34,1
1701,1749,3051,35,1
1702,2963,665,32,1
1703,2446,3112,35,1
1704,3278,1281,27,1
1705,1419,3319,30,1
1706,1782,430,35,1
1707,1720,345,35,1
1708,1388,562,35,1
1709,418,1370,35,1
1710,3462,1493,29,1
1711,1772,493,34,1
1712,1019,3097,35,1
1713,3229,1170,34,1
1714,3024,1962,35,1
1715,1960,196,32,1
1716,3141,1848,33,1
1717,471,1393,31,1
1718,3346,2388,25,1
1719,285,2370,27,1
1720,2491,285,27,1
1721,2961,2692,35,1
1722,956,740,35,1
1723,1182,370,35,1
1724,3256,991,34,1
1725,1209,515,35,1
1726,875,3030,33,1
1727,3078,2422,33,1
1728,3078,1191,33,1
1729,1075,3055,35,1
1730,586,1187,34,1
1731,506,1875,35,1
1732,607,2217,34,1
1733,607,1129,35,1
1734,580,2680,34,1
1735,1215,3298,33,1
1736,2501,3155,32,1
1737,945,401,30,1
1738,2479,3216,30,1
1739,2554,1198,32,1
1740,2338,541,35,1
1741,2501,2818,35,1
1742,2277,517,34,1
1743,2781,428,29,1
1744,1173,358,33,1
1745,2607,3034,32,1
1746,2513,1150,25,1
1747,2774,2833,35,1
1748,2689,397,32,1
1749,3204,2322,35,1
1750,2590,1247,25,1
1751,2739,1589,28,1
1752,2360,3041,33,1
1753,795,760,28,1
1754,2793,613,31,1
1755,733,2933,29,1
1756,654,1171,35,1
1757,2568,3244,27,1
1758,1133,3084,34,1
1759,1883,3322,35,1
1760,1685,3128,35,1
1761,2997,719,33,1
1762,1901,401,35,1
1763,447,2536,35,1
1764,2314,2932,35,1
1765,404,1305,29,1
1766,352,1808,35,1
1767,3314,1415,35,1
1768,250,1244,27,1
1769,3142,1427,35,1
1770,2120,210,30,1
1771,1011,771,35,1
1772,2175,3333,34,1
1773,2294,3035,35,1
1774,2406,3316,26,1
1775,2068,3410,25,1
1776,2790,2893,35,1
1777,2732,1848,31,1
1778,720,997,35,1
1779,508,815,25,1
1780,3293,2492,30,1
1781,3455,1589,26,1
1782,2970,771,35,1
1783,3135,797,25,1
1,2659,2513,29,2
2,3048,2579,30,2
3,2875,2417,30,2
4,2586,2512,28,2
5,726,1700,29,2
6,231,2081,31,2
7,1198,1079,28,2
8,1326,2578,33,2
9,2855,1617,30,2
10,2840,1275,29,2
11,811,2412,28,2
12,2107,840,29,2
13,998,385,30,2
14,2859,2351,28,2
15,939,1430,30,2
16,2492,1108,28,2
17,2839,2565,30,2
18,1106,2558,29,2
19,1240,1040,30,2
20,1436,914,28,2
21,1155,2535,28,2
22,2447,1066,34,2
23,770,1480,28,2
24,2370,241,28,2
25,1010,2479,29,2
26,1763,2772,28,2
27,2709,407,29,2
28,2780,1333,30,2
29,1434,2719,29,2
30,2604,1264,28,2
31,1652,159,30,2
32,1423,3108,29,2
33,3129,965,28,2
34,1265,2546,33,2
35,729,1516,28,2
36,1008,2280,29,2
37,1390,2658,29,2
38,2685,2932,30,2
39,789,1676,28,2
40,1098,2427,34,2
41,1626,2846,29,2
42,2230,2682,29,2
43,2584,1183,29,2
44,1995,156,30,2
45,2759,1610,28,2
46,1940,2753,29,2
47,2335,999,28,2
48,699,2018,30,2
49,1167,2899,31,2
50,2284,2747,29,2
51,381,1247,30,2
52,2568,644,29,2
53,336,1152,28,2
54,1063,1184,33,2
55,2805,2056,30,2
56,1688,2960,29,2
57,806,1538,28,2
58,2151,2858,28,2
59,1143,2608,29,2
60,1198,2579,35,2
61,2221,791,29,2
62,213,2029,29,2
63,775,2054,29,2
64,2811,2434,28,2
65,1594,2767,29,2
66,1941,150,29,2
67,1871,757,29,2
68,290,1268,28,2
69,2334,2618,29,2
70,1799,3301,30,2
71,2168,830,29,2
72,744,1263,28,2
73,937,2126,28,2
74,2584,2414,29,2
75,1652,3341,29,2
76,868,2386,28,2
77,1302,2642,35,2
78,917,442,29,2
79,2046,870,32,2
80,247,2193,28,2
81,2211,737,28,2
82,2585,994,30,2
83,1826,146,30,2
84,2443,2590,33,2
85,1163,1009,30,2
86,1044,2376,30,2
87,632,2344,29,2
88,1600,854,35,2
89,805,2157,28,2
90,744,1648,29,2
91,1696,2736,35,2
92,1244,2680,33,2
93,601,722,29,2
94,2070,650,29,2
95,2821,1754,33,2
96,2439,2506,27,2
97,2911,2356,28,2
98,2980,1932,30,2
99,1380,2730,29,2
100,915,1315,34,2
101,2050,162,29,2
102,2813,1227,30,2
103,281,2314,30,2
104,234,2137,28,2
105,965,2236,29,2
106,860,1653,35,2
107,1029,594,33,2
108,2730,2227,34,2
109,1743,658,29,2
110,1358,830,29,2
111,2582,832,29,2
112,2629,1217,29,2
113,938,1106,30,2
114,3002,2914,29,2
115,783,1883,28,2
116,876,1920,30,2
117,686,890,30,2
118,2306,220,28,2
119,815,3052,29,2
120,854,1192,35,2
121,3049,1908,30,2
122,1324,2842,30,2
123,1362,2786,35,2
124,1288,1011,29,2
125,1536,874,35,2
126,2785,1486,31,2
127,1587,793,30,2
128,2754,1737,28,2
129,726,1440,30,2
130,1195,2642,28,2
131,680,635,29,2
132,2375,2580,29,2
133,3010,1869,29,2
134,989,2375,28,2
135,489,2730,29,2
136,1884,149,30,2
137,419,987,28,2
138,736,1941,30,2
139,1012,2424,29,2
140,1978,2801,33,2
141,2763,2330,30,2
142,845,1498,30,2
143,788,1939,28,2
144,2509,2629,29,2
145,814,2350,35,2
146,1724,2809,30,2
147,1885,2759,28,2
148,1937,810,29,2
149,2612,1136,30,2
150,2758,2453,30,2
151,2740,2390,33,2
152,1535,815,30,2
153,3414,2048,32,2
154,3165,2686,30,2
155,2042,218,28,2
156,683,2955,31,2
157,1913,3273,28,2
158,1726,2879,29,2
159,2020,3386,30,2
160,1613,195,30,2
161,1078,2492,33,2
162,871,1027,30,2
163,2741,1396,33,2
164,2377,2795,30,2
165,2474,843,29,2
166,2257,2823,28,2
167,883,1387,28,2
168,2833,2124,29,2
169,1179,298,32,2
170,876,966,31,2
171,827,2046,28,2
172,1693,624,30,2
173,523,2773,30,2
174,1672,2792,30,2
175,2906,1399,31,2
176,2749,1214,28,2
177,1559,3367,30,2
178,1084,2699,30,2
179,742,1326,29,2
180,2672,1116,32,2
181,1483,848,29,2
182,1768,774,30,2
183,2637,2229,27,2
184,958,2497,28,2
185,1242,270,29,2
186,2832,1528,28,2
187,1023,1235,30,2
188,3076,2072,30,2
189,195,1802,29,2
190,1481,787,32,2
191,2573,939,29,2
192,2688,983,29,2
193,2560,3136,29,2
194,2334,936,29,2
195,448,941,29,2
196,2918,2188,29,2
197,408,1041,30,2
198,565,1672,29,2
199,972,1272,33,2
200,198,1747,29,2
201,2782,2108,29,2
202,1477,2755,28,2
203,1776,2846,33,2
204,211,1638,29,2
205,1329,785,28,2
206,3041,1571,30,2
207,1651,3409,30,2
208,2358,2733,30,2
209,1494,2692,35,2
210,2881,1226,30,2
211,1776,2717,32,2
212,2010,816,34,2
213,2839,2240,30,2
214,207,1899,32,2
215,983,435,28,2
216,1903,2882,33,2
217,1000,990,29,2
218,1651,821,29,2
219,1412,2823,31,2
220,324,1452,29,2
221,1233,2494,28,2
222,1840,2901,28,2
223,1039,455,30,2
224,3341,2234,30,2
225,3033,1404,29,2
226,655,2178,28,2
227,1819,792,30,2
228,818,1055,29,2
229,1581,2998,30,2
230,1203,2723,29,2
231,828,995,29,2
232,916,2269,35,2
233,1345,2686,29,2
234,2316,2701,29,2
235,1639,673,28,2
236,762,1580,33,2
237,1150,2679,34,2
238,2946,2249,30,2
239,1707,153,29,2
240,510,2340,28,2
241,2821,1934,28,2
242,2282,959,33,2
243,2493,2531,33,2
244,982,1142,33,2
245,2284,697,33,2
246,339,1867,31,2
247,2816,2300,32,2
248,2202,2824,28,2
249,1940,2929,28,2
250,483,1653,30,2
251,1130,637,30,2
252,1671,870,28,2
253,448,2651,31,2
254,1832,3353,30,2
255,1582,255,28,2
256,333,2399,29,2
257,520,1611,32,2
258,2889,2125,29,2
259,724,601,29,2
260,948,1052,30,2
261,817,2100,29,2
262,2964,1849,28,2
263,2941,2138,30,2
264,1254,2603,30,2
265,2781,2005,29,2
266,1197,2845,29,2
267,367,1086,32,2
268,738,1810,29,2
269,588,1440,29,2
270,2111,2980,29,2
271,3423,2050,31,2
272,2397,2854,30,2
273,1144,2851,30,2
274,2386,2521,27,2
275,3181,934,29,2
276,3112,2594,31,2
277,2836,2989,31,2
278,1904,2816,33,2
279,2225,926,31,2
280,2417,813,29,2
281,2031,281,30,2
282,3261,2446,30,2
283,1994,2949,29,2
284,894,1601,30,2
285,529,1419,28,2
286,1199,919,33,2
287,714,2195,29,2
288,804,939,31,2
289,3202,2569,27,2
290,1605,719,29,2
291,2586,2348,34,2
292,2163,915,27,2
293,2897,1279,27,2
294,788,1737,34,2
295,2901,1504,29,2
296,548,1485,32,2
297,2931,1098,30,2
298,643,2915,29,2
299,842,1580,29,2
300,971,2172,29,2
301,2958,1298,30,2
302,3084,1864,28,2
303,2673,638,30,2
304,559,2734,30,2
305,234,1841,30,2
306,210,1967,32,2
307,946,2682,28,2
308,1833,594,29,2
309,1050,1124,33,2
310,948,481,28,2
311,962,2319,35,2
312,2526,861,29,2
313,2802,2951,30,2
314,1031,3153,27,2
315,2511,925,32,2
316,1920,859,28,2
317,2711,939,29,2
318,1122,1046,29,2
319,908,1228,35,2
320,850,1111,32,2
321,3349,1929,31,2
322,619,1938,31,2
323,2153,2785,35,2
324,624,1295,30,2
325,645,1735,35,2
326,2636,1317,27,2
327,887,2442,32,2
328,2982,1202,30,2
329,346,2477,33,2
330,1051,355,31,2
331,2394,918,33,2
332,1510,2851,29,2
333,2737,3085,29,2
334,801,2244,30,2
335,2684,481,30,2
336,1983,255,29,2
337,2683,2183,34,2
338,483,1451,31,2
339,1351,902,32,2
340,602,991,29,2
341,1391,947,29,2
342,2485,2465,34,2
343,1149,2474,35,2
344,2672,903,30,2
345,1306,2732,35,2
346,1149,745,29,2
347,769,2195,29,2
348,1070,1065,29,2
349,383,1915,29,2
350,503,1936,30,2
351,3006,2511,31,2
352,759,1996,32,2
353,1398,3185,32,2
354,3114,912,28,2
355,2145,482,30,2
356,835,2626,28,2
357,1699,3369,31,2
358,953,2437,32,2
359,1467,2814,30,2
360,916,2197,34,2
361,2449,953,29,2
362,2063,779,33,2
363,2090,2800,33,2
364,2881,2945,30,2
365,1639,3018,34,2
366,2643,797,30,2
367,468,2366,30,2
368,2782,2516,30,2
369,3333,1812,30,2
370,2877,1814,29,2
371,1823,2781,34,2
372,3163,2613,27,2
373,3047,1690,28,2
374,3120,2779,27,2
375,2187,3279,28,2
376,3254,1849,30,2
377,1127,3238,29,2
378,2633,2449,33,2
379,2532,1042,35,2
380,381,1580,31,2
381,2543,2572,33,2
382,1129,1177,32,2
383,2900,556,35,2
384,1747,3114,30,2
385,874,488,33,2
386,2657,2580,35,2
387,2733,2082,32,2
388,2775,1554,35,2
389,901,777,31,2
390,1756,3215,31,2
391,1706,783,34,2
392,732,1865,28,2
393,1875,2943,29,2
394,935,991,33,2
395,216,1577,32,2
396,2909,1870,33,2
397,2052,2745,35,2
398,1487,191,31,2
399,1232,677,30,2
400,628,929,31,2
401,1126,2799,30,2
402,678,1894,33,2
403,3083,2824,29,2
404,2959,1499,28,2
405,314,1212,31,2
406,867,480,32,2
407,833,2473,29,2
408,3111,1720,29,2
409,2140,551,28,2
410,354,1628,31,2
411,2659,1059,30,2
412,2976,1987,30,2
413,2201,873,29,2
414,1571,2824,34,2
415,858,2173,28,2
416,825,2998,31,2
417,2246,207,32,2
418,808,1623,30,2
419,2801,875,31,2
420,3140,2412,32,2
421,1634,3096,30,2
422,1285,819,29,2
423,1569,432,30,2
424,792,1798,30,2
425,1542,2736,33,2
426,2693,2279,30,2
427,927,2377,32,2
428,1462,651,30,2
429,3327,2287,29,2
430,1076,2309,32,2
431,1418,687,30,2
432,3074,2009,28,2
433,691,783,31,2
434,2399,988,35,2
435,1631,2716,35,2
436,3322,1627,30,2
437,2690,1430,27,2
438,1299,250,32,2
439,848,736,31,2
440,1461,3070,29,2
441,3166,1725,29,2
442,776,574,32,2
443,365,1349,32,2
444,2027,3238,28,2
445,1081,489,28,2
446,2102,189,31,2
447,1111,328,31,2
448,685,1777,30,2
449,1659,225,32,2
450,3123,2109,29,2
451,641,1443,31,2
452,3056,2480,29,2
453,574,1324,32,2
454,939,2627,30,2
455,2842,992,31,2
456,1843,3426,27,2
457,2415,748,33,2
458,1512,632,30,2
459,781,2294,29,2
460,1091,995,35,2
461,2202,508,33,2
462,2218,2870,28,2
463,2652,530,30,2
464,3018,2675,30,2
465,202,1691,28,2
466,2764,1945,34,2
467,810,519,32,2
468,1502,2913,34,2
469,752,803,30,2
470,3286,2013,30,2
471,2234,660,29,2
472,3088,802,29,2
473,3054,1349,29,2
474,1126,1104,35,2
475,1630,615,33,2
476,2734,2628,32,2
477,263,2254,31,2
478,3123,1908,30,2
479,1595,3406,30,2
480,413,2594,32,2
481,1794,845,32,2
482,1409,864,35,2
483,2968,2199,30,2
484,693,1053,30,2
485,2458,2719,30,2
486,2843,2913,30,2
487,1813,731,33,2
488,563,1859,30,2
489,2877,1553,28,2
490,1184,2788,33,2
491,885,1453,32,2
492,1981,867,28,2
493,2821,1684,33,2
494,1970,2869,32,2
495,622,1671,34,2
496,1492,916,28,2
497,3397,1596,31,2
498,2740,2151,33,2
499,2772,1272,33,2
500,481,842,29,2
501,2830,2849,29,2
502,515,1815,30,2
503,3188,994,33,2
504,2984,2312,34,2
505,1721,3173,30,2
506,2651,2702,29,2
507,1416,797,35,2
508,2941,2512,34,2
509,2351,665,30,2
510,841,1868,34,2
511,2719,1484,34,2
512,2731,1993,26,2
513,1506,695,33,2
514,2892,2245,29,2
515,734,1755,30,2
516,1730,536,29,2
517,3148,1550,33,2
518,2929,1651,30,2
519,2769,989,31,2
520,2032,2906,34,2
521,993,2975,32,2
522,379,2535,32,2
523,520,1257,31,2
524,919,533,31,2
525,1549,743,33,2
526,565,771,32,2
527,2675,1275,35,2
528,886,1539,34,2
529,2053,471,30,2
530,1615,497,30,2
531,2490,571,30,2
532,1156,871,33,2
533,1397,3035,29,2
534,2741,2932,28,2
535,477,895,28,2
536,1313,862,30,2
537,1595,2667,28,2
538,2161,2662,34,2
539,2892,1336,34,2
540,2909,2015,33,2
541,596,2154,35,2
542,2120,308,30,2
543,424,1546,31,2
544,943,1508,32,2
545,2395,2639,33,2
546,2791,1168,33,2
547,535,828,31,2
548,632,1811,33,2
549,630,1990,31,2
550,858,1272,33,2
551,1001,1074,35,2
552,268,1956,27,2
553,526,1363,29,2
554,2676,2383,28,2
555,1036,1025,29,2
556,1590,3324,34,2
557,3192,1207,28,2
558,1766,149,31,2
559,1335,973,33,2
560,2989,1546,28,2
561,2771,2773,30,2
562,1090,599,30,2
563,3036,2193,31,2
564,1061,740,30,2
565,720,2994,28,2
566,2400,2696,29,2
567,2926,2300,30,2
568,628,1379,32,2
569,2942,2437,31,2
570,711,1160,30,2
571,1306,325,31,2
572,1362,226,32,2
573,786,1363,29,2
574,2854,607,30,2
575,2294,765,32,2
576,1340,3018,28,2
577,897,1073,30,2
578,466,1988,32,2
579,976,2547,29,2
580,256,1385,32,2
581,3089,2534,32,2
582,1760,2924,31,2
583,2183,2724,33,2
584,3085,1423,29,2
585,1912,3159,28,2
586,3373,1647,30,2
587,935,1374,28,2
588,2531,1157,34,2
589,2863,1446,32,2
590,2959,2957,29,2
591,1859,3116,27,2
592,2707,2692,29,2
593,763,3032,30,2
594,2482,3037,30,2
595,2325,2781,29,2
596,1842,419,30,2
597,2590,2979,32,2
598,1223,831,33,2
599,2295,640,28,2
600,2947,1350,30,2
601,784,1105,28,2
602,1879,3382,28,2
603,1368,2971,28,2
604,3119,2660,30,2
605,1017,898,30,2
606,2873,2296,30,2
607,391,1144,31,2
608,523,2692,28,2
609,683,1346,33,2
610,2475,1007,32,2
611,824,1396,31,2
612,1750,3324,29,2
613,2968,2378,33,2
614,2099,446,30,2
615,2633,730,30,2
616,1843,2717,31,2
617,2890,2792,29,2
618,1168,799,33,2
619,683,2879,32,2
620,1972,2880,30,2
621,237,1450,31,2
622,2558,2655,30,2
623,2841,2001,34,2
624,1003,496,32,2
625,3074,1066,32,2
626,3031,1517,30,2
627,2896,959,29,2
628,2757,1672,33,2
629,2613,2284,30,2
630,2516,2875,30,2
631,2681,760,30,2
632,1064,2866,30,2
633,797,2871,30,2
634,2679,1369,34,2
635,2762,835,30,2
636,3058,1288,28,2
637,835,2288,30,2
638,1046,950,35,2
639,2411,2751,28,2
640,1368,3135,28,2
641,3372,1428,28,2
642,2921,2080,30,2
643,2730,2741,29,2
644,2140,356,30,2
645,1193,3096,29,2
646,2515,2700,31,2
647,922,936,29,2
648,810,625,31,2
649,730,1384,28,2
650,1935,645,28,2
651,847,1340,34,2
652,2351,722,32,2
653,2674,2842,30,2
654,2170,183,31,2
655,708,2139,30,2
656,976,942,30,2
657,2928,1804,28,2
658,1210,737,32,2
659,297,2086,32,2
660,2350,413,31,2
661,2785,2246,29,2
662,2632,2808,29,2
663,1074,410,30,2
664,3012,1309,30,2
665,1146,3139,31,2
666,1751,712,32,2
667,3199,1526,30,2
668,1897,695,34,2
669,3453,1648,31,2
670,2949,883,30,2
671,2010,645,33,2
672,1146,2738,29,2
673,1570,668,34,2
674,2902,903,30,2
675,2781,1050,30,2
676,2927,2825,30,2
677,2972,1602,34,2
678,2426,2926,32,2
679,2006,583,34,2
680,859,2234,34,2
681,1037,2535,35,2
682,2099,727,30,2
683,1056,807,30,2
684,509,2531,31,2
685,3085,1947,30,2
686,582,883,30,2
687,529,890,29,2
688,422,1953,29,2
689,1894,195,28,2
690,746,2876,32,2
691,621,2500,30,2
692,2136,2918,33,2
693,2451,3280,31,2
694,2454,893,33,2
695,1096,903,33,2
696,529,1991,29,2
697,3344,1691,31,2
698,1975,2686,28,2
699,858,560,32,2
700,3424,1778,29,2
701,2518,681,33,2
702,3199,2440,33,2
703,2641,1006,29,2
704,700,1583,34,2
705,2434,266,32,2
706,852,919,31,2
707,1534,3294,28,2
708,1103,2642,29,2
709,2834,1365,33,2
710,2494,333,31,2
711,3435,1538,33,2
712,2906,611,30,2
713,635,2653,30,2
714,2944,935,30,2
715,3353,1362,32,2
716,2496,2757,29,2
717,994,2664,28,2
718,2225,2625,34,2
719,3036,1629,34,2
720,801,1236,32,2
721,967,1204,32,2
722,692,2302,33,2
723,1283,3017,31,2
724,2600,1052,35,2
725,3182,1891,27,2
726,1759,2986,30,2
727,1140,950,33,2
728,1217,983,35,2
729,2358,2893,29,2
730,2698,558,31,2
731,2959,2040,30,2
732,3041,1235,30,2
733,589,2622,30,2
734,818,1451,30,2
735,1199,3148,31,2
736,1107,545,30,2
737,1093,2754,27,2
738,533,2145,30,2
739,1002,834,32,2
740,809,2519,29,2
741,1418,449,31,2
742,2801,2634,29,2
743,2930,830,31,2
744,875,2117,35,21771
745,2721,2493,30,2
746,883,2672,32,2
747,995,2605,34,2
748,794,1300,31,2
749,1275,948,33,2
750,1914,3109,30,2
751,3026,2370,34,2
752,222,1512,31,2
753,682,1493,33,2
754,3285,1356,31,2
755,643,680,31,2
756,2550,2462,35,2
757,2883,1933,34,2
758,2895,2468,30,2
759,1754,3268,27,2
760,1975,3278,32,2
761,1060,862,31,2
762,1512,398,29,2
763,3001,834,31,2
764,3243,2370,27,2
765,1231,3032,29,2
766,3385,1817,31,2
767,780,2817,33,2
768,3189,2381,31,2
769,2438,535,30,2
770,2997,1255,27,2
771,2185,582,30,2
772,543,2205,33,2
773,1861,2999,29,2
774,740,934,32,2
775,2691,1210,33,2
776,2926,1454,29,2
777,3123,2045,31,2
778,1901,3424,27,2
779,2151,3343,29,2
780,901,2507,35,2
781,2196,2920,30,2
782,3015,1087,34,2
783,1449,734,35,2
784,534,998,31,2
785,1677,394,30,2
786,2848,1881,29,2
787,851,1721,35,2
788,3008,2250,34,2
789,2781,509,27,2
790,1820,672,34,2
791,317,1390,32,2
792,1308,654,29,2
793,3149,2557,31,2
794,3402,1915,30,2
795,641,2400,30,2
796,1227,567,27,2
797,2887,1687,33,2
798,2879,1111,33,2
799,1978,494,28,2
800,3171,1151,34,2
801,3244,2593,29,2
802,2596,567,34,2
803,649,1546,30,2
804,2139,407,30,2
805,429,1488,30,2
806,1051,1283,32,2
807,697,2426,29,2
808,463,1334,30,2
809,605,2869,31,2
810,755,639,28,2
811,3380,1260,28,2
812,435,1613,32,2
813,1470,2633,31,2
814,2881,2862,31,2
815,283,1327,31,2
816,2285,2655,33,2
817,2803,1422,34,2
818,2489,2924,28,2
819,1336,2917,35,2
820,3065,2697,30,2
821,1815,3219,30,2
822,920,839,31,2
823,1961,545,29,2
824,2892,1754,33,2
825,808,1154,30,2
826,1375,3083,30,2
827,648,2821,32,2
828,1871,300,32,2
829,2434,476,29,2
830,2353,3233,30,2
831,1470,3015,30,2
832,2251,2928,30,2
833,3177,2082,32,2
834,1361,3298,30,2
835,3178,1476,29,2
836,3041,771,33,2
837,516,2047,30,2
838,1100,774,30,2
839,444,1152,32,2
840,1610,2895,30,2
841,856,2563,33,2
842,1738,595,30,2
843,1028,1339,28,2
844,1034,2768,32,2
845,2074,577,34,2
846,3156,1609,30,2
847,415,2027,33,2
848,2773,2692,32,2
849,1457,256,30,2
850,2611,2760,31,2
851,3352,2054,32,2
852,1286,3208,29,2
853,529,2635,32,2
854,635,874,31,2
855,3292,1689,31,2
856,1683,711,32,2
857,2751,2983,31,2
858,403,1669,33,2
859,1380,332,32,2
860,1671,2904,34,2
861,829,1983,35,2
862,3312,1535,28,2
863,2880,2525,31,2
864,2791,3029,32,2
865,267,2027,33,2
866,917,2074,28,2
867,2568,3081,31,2
868,3139,1194,31,2
869,1280,701,30,2
870,2621,3141,34,2
871,2326,331,30,2
872,2328,3282,30,2
873,645,2051,35,2
874,2533,2391,31,2
875,3268,2129,32,2
876,1074,2815,29,2
877,2731,878,31,2
878,3199,1102,29,2
879,2077,2938,30,2
880,1519,449,29,2
881,352,1682,31,2
882,1708,3012,29,2
883,2862,2186,31,2
884,2201,333,33,2
885,777,985,31,2
886,2309,819,29,2
887,3232,1907,34,2
888,1424,205,32,2
889,3279,1582,35,2
890,1773,3379,33,2
891,3166,2278,29,2
892,2640,946,32,2
893,1848,521,30,2
894,559,2382,35,2
895,3206,2151,35,2
896,3097,1247,29,2
897,435,2322,31,2
898,1381,751,34,2
899,3257,1223,29,2
900,1641,760,32,2
901,1308,2971,30,2
902,847,2858,30,2
903,2810,3080,32,2
904,2007,3192,29,2
905,3149,2347,30,2
906,2919,1170,32,2
907,1049,2655,29,2
908,1880,459,30,2
909,798,827,30,2
910,2395,565,31,2
911,2561,1102,33,2
912,324,1219,30,2
913,2255,844,35,2
914,619,1876,35,2
915,1258,887,34,2
916,2722,667,30,2
917,460,2647,30,2
918,1221,404,30,2
919,3021,2034,33,2
920,2618,623,30,2
921,1946,598,28,2
922,473,1761,33,2
923,1448,532,35,2
924,1235,2888,30,2
925,754,871,33,2
926,2648,852,29,2
927,1069,655,35,2
928,572,1388,29,2
929,2044,2983,34,2
930,1314,3126,30,2
931,1522,3178,32,2
932,473,2166,31,2
933,547,1149,29,2
934,2099,2658,28,2
935,1302,2793,29,2
936,1066,2986,35,2
937,1060,2930,31,2
938,2471,722,30,2
939,2613,2664,29,2
940,2469,378,27,2
941,2832,709,29,2
942,2398,638,28,2
943,2863,859,30,2
944,3395,1975,33,2
945,3342,2053,34,2
946,1631,553,35,2
947,2335,2547,29,2
948,2873,2618,33,2
949,2847,759,30,2
950,2315,879,34,2
951,1461,419,30,2
952,3087,1655,29,2
953,1468,470,30,2
954,1356,684,32,2
955,678,1960,34,2
956,1562,374,30,2
957,2188,688,29,2
958,2806,2377,34,2
959,2743,1099,32,2
960,2481,503,30,2
961,2161,3026,35,2
962,3465,1707,29,2
963,2153,731,30,2
964,2623,2870,31,2
965,1851,3165,30,2
966,2623,675,29,2
967,901,2775,31,2
968,886,1975,28,2
969,1939,3351,31,2
970,3333,1299,29,2
971,1683,2844,29,2
972,776,1418,30,2
973,2306,274,31,2
974,1017,3034,31,2
975,3362,1539,30,2
976,1966,3408,31,2
977,2579,461,30,2
978,2020,382,30,2
979,1122,385,30,2
980,2809,474,28,2
981,700,2654,30,2
982,848,1800,33,2
983,1717,459,35,2
984,2159,3135,30,2
985,1267,763,35,2
986,1531,2647,28,2
987,1627,2956,33,2
988,2084,262,35,2
989,651,2456,31,2
990,1515,2794,29,2
991,675,2540,34,2
992,561,2819,32,2
993,2833,2793,34,2
994,1626,3149,30,2
995,2764,1799,34,2
996,2860,3037,35,2
997,3325,1232,31,2
998,1385,3363,27,2
999,1465,2956,31,2
1000,3031,2808,30,2
1001,2548,312,29,2
1002,2944,2625,32,2
1003,2307,377,29,2
1004,3008,2435,33,2
1005,1381,742,31,2
1006,3404,1478,32,2
1007,3324,2441,29,2
1008,1214,2937,30,2
1009,913,2894,29,2
1010,3368,1747,30,2
1011,581,1732,33,2
1012,1637,3230,31,2
1013,2534,808,30,2
1014,707,2076,34,2
1015,3227,2096,32,2
1016,250,1449,31,2
1017,411,2154,34,2
1018,377,1489,32,2
1019,295,1330,30,2
1020,1267,2931,31,2
1021,2589,771,32,2
1022,3358,2176,30,2
1023,3362,1196,28,2
1024,2864,2066,35,2
1025,1891,569,35,2
1026,3368,2334,30,2
1027,3419,1419,30,2
1028,2716,2554,33,2
1029,3044,2307,31,2
1030,1785,623,30,2
1031,2313,3199,31,2
1032,581,1616,35,2
1033,1572,3119,33,2
1034,2653,435,28,2
1035,2094,2861,31,2
1036,2729,3033,30,2
1037,1011,645,31,2
1038,3117,2473,32,2
1039,1967,693,33,2
1040,748,2341,35,2
1041,2840,928,34,2
1042,3237,1319,30,2
1043,599,2093,30,2
1044,3455,1822,31,2
1045,509,1049,32,2
1046,1757,300,31,2
1047,2795,2183,35,2
1048,863,621,30,2
1049,2883,722,31,2
1050,578,1976,29,2
1051,2442,3169,31,2
1052,760,1190,35,2
1053,2778,683,34,2
1054,2710,2335,29,2
1055,1321,735,30,2
1056,2351,3330,34,2
1057,1112,445,32,2
1058,3073,998,32,2
1059,1113,2365,33,2
1060,3152,1782,31,2
1061,1410,2605,32,2
1062,1507,571,32,2
1063,2675,697,30,2
1064,2186,636,30,2
1065,2166,281,31,2
1066,2730,724,31,2
1067,2947,1731,34,2
1068,1830,199,31,2
1069,274,1558,30,2
1070,3170,2500,35,2
1071,456,1271,30,2
1072,2791,1881,33,2
1073,2611,3203,35,2
1074,2073,3095,29,2
1075,2651,2335,33,2
1076,1420,2988,29,2
1077,3319,2341,30,2
1078,3027,2092,30,2
1079,3187,2210,30,2
1080,3204,1832,33,2
1081,2130,671,35,2
1082,3212,1585,32,2
1083,567,1033,30,2
1084,753,2408,35,2
1085,2367,2945,30,2
1086,1921,245,29,2
1087,1250,3094,34,2
1088,1456,3159,30,2
1089,3181,1051,32,2
1090,2982,2569,35,2
1091,3311,1097,30,2
1092,2513,3260,31,2
1093,511,1704,31,2
1094,2597,2605,34,2
1095,2605,889,35,2
1096,1913,509,35,2
1097,3228,1974,33,2
1098,1413,2929,35,2
1099,3167,1374,30,2
1100,2939,823,32,2
1101,245,1721,31,2
1102,3062,1754,35,2
1103,1714,202,28,2
1104,3235,934,29,2
1105,334,2273,32,2
1106,3259,1107,32,2
1107,2934,1551,28,2
1108,957,880,31,2
1109,1970,3153,30,2
1110,2032,2836,35,2
1111,3146,1669,32,2
1112,1489,202,35,2
1113,2839,2490,32,2
1114,3212,1767,35,2
1115,3131,1023,32,2
1116,2456,2658,35,2
1117,883,2325,35,2
1118,2903,2677,31,2
1119,1512,3398,27,2
1120,2720,2872,33,2
1121,3316,1739,30,2
1122,2672,2644,35,2
1123,465,2048,31,2
1124,2276,2979,30,2
1125,2757,562,27,2
1126,1842,2846,34,2
1127,2906,1599,29,2
1128,3222,1700,33,2
1129,686,1284,31,2
1130,1407,270,30,2
1131,346,2161,29,2
1132,1558,157,28,2
1133,2936,2750,32,2
1134,473,2289,30,2
1135,2383,455,25,2
1136,2824,1823,33,2
1137,381,2427,29,2
1138,545,2574,30,2
1139,914,2725,28,2
1140,1236,333,35,2
1141,1015,2890,29,2
1142,1188,3244,32,2
1143,2696,2987,26,2
1144,975,1334,30,2
1145,537,1203,30,2
1146,525,1761,29,2
1147,974,2922,29,2
1148,2064,332,34,2
1149,2727,516,30,2
1150,686,1651,35,2
1151,3155,886,31,2
1152,273,1893,35,2
1153,3010,2735,32,2
1154,3095,1597,32,2
1155,1931,752,35,2
1156,2537,3021,33,2
1157,528,2288,30,2
1158,1450,600,31,2
1159,1271,521,29,2
1160,954,3174,30,2
1161,2131,782,33,2
1162,455,1059,30,2
1163,2900,1045,31,2
1164,613,1062,32,2
1165,1789,3158,31,2
1166,709,839,32,2
1167,312,1595,31,2
1168,1063,2595,35,2
1169,1564,2939,33,2
1170,2641,2986,25,2
1171,1695,3304,34,2
1172,2192,3202,30,2
1173,1029,2708,25,2
1174,2974,2095,28,2
1175,1114,2892,30,2
1176,2166,2966,30,2
1177,344,1541,30,2
1178,2622,3089,30,2
1179,3284,1793,33,2
1180,1848,3274,34,2
1181,912,1702,30,2
1182,2936,2911,31,2
1183,2538,373,31,2
1184,1125,2951,34,2
1185,2081,391,35,2
1186,1848,358,32,2
1187,2330,476,33,2
1188,1736,249,28,2
1189,1689,573,30,2
1190,2253,3196,25,2
1191,572,2260,30,2
1192,2842,1053,34,2
1193,1248,2762,33,2
1194,636,1605,33,2
1195,612,2562,34,2
1196,1164,568,34,2
1197,2992,1786,34,2
1198,2221,2975,29,2
1199,1942,304,35,2
1200,2699,2443,33,2
1201,977,2730,34,2
1202,2670,3189,29,2
1203,2932,1958,29,2
1204,3160,1948,32,2
1205,3111,1308,30,2
1206,2969,1409,34,2
1207,555,1091,35,2
1208,2977,1677,35,2
1209,2248,219,33,2
1210,2246,393,32,2
1211,1379,2872,35,2
1212,2959,614,34,2
1213,1200,2449,28,2
1214,2720,2805,35,2
1215,495,1164,29,2
1216,1809,317,29,2
1217,2967,606,32,2
1218,2913,770,31,2
1219,1817,2961,34,2
1220,2228,2766,35,2
1221,2004,443,35,2
1222,1998,755,35,2
1223,2547,3201,32,2
1224,2379,3173,30,2
1225,2042,2685,31,2
1226,1591,318,32,2
1227,610,1499,32,2
1228,2401,693,29,2
1229,425,1103,30,2
1230,2580,2714,31,2
1231,2482,436,32,2
1232,2821,556,31,2
1233,3090,2188,30,2
1234,414,2264,30,2
1235,650,2119,32,2
1236,306,1773,30,2
1237,3011,1729,28,2
1238,662,828,30,2
1239,1521,3049,35,2
1240,963,2794,34,2
1241,1299,316,30,2
1242,1788,554,32,2
1243,3006,1462,34,2
1244,3121,1988,30,2
1245,596,1555,30,2
1246,1178,1132,28,2
1247,569,2813,33,2
1248,1543,291,30,2
1249,1804,3095,33,2
1250,937,3013,34,2
1251,726,2588,33,2
1252,2811,2733,30,2
1253,2124,3391,31,2
1254,1960,382,34,2
1255,2776,929,34,2
1256,903,715,29,2
1257,2420,409,32,2
1258,2940,1239,33,2
1259,1768,161,32,2
1260,2716,3148,31,2
1261,2043,704,35,2
1262,2026,3126,34,2
1263,1460,3213,31,2
1264,1243,2978,30,2
1265,3104,753,29,2
1266,690,1832,29,2
1267,2437,2803,32,2
1268,962,607,32,2
1269,1868,249,28,2
1270,3066,1125,32,2
1271,747,2533,31,2
1272,2742,785,29,2
1273,489,1512,32,2
1274,3073,2134,34,2
1275,2781,2581,33,2
1276,2851,1174,35,2
1277,1068,3226,35,2
1278,431,1431,29,2
1279,842,2803,34,2
1280,1332,530,32,2
1281,1341,383,31,2
1282,1586,3194,34,2
1283,3420,1861,26,2
1284,1635,3281,30,2
1285,980,545,33,2
1286,2673,2762,32,2
1287,1951,3219,32,2
1288,1331,3339,31,2
1289,1568,600,30,2
1290,312,1987,29,2
1291,668,1111,35,2
1292,785,697,35,2
1293,358,2104,32,2
1294,2853,514,33,2
1295,1725,3426,29,2
1296,1941,446,34,2
1297,2601,341,29,2
1298,2721,1322,35,2
1299,1649,444,33,2
1300,3016,1022,32,2
1301,2838,656,30,2
1302,2577,706,32,2
1303,2960,1055,30,2
1304,772,2469,35,2
1305,560,1920,35,2
1306,1283,569,30,2
1307,1163,3193,31,2
1308,3004,899,31,2
1309,2911,2995,35,2
1310,391,2370,33,2
1311,296,2439,29,2
1312,3008,2622,25,2
1313,857,844,34,2
1314,3136,1094,33,2
1315,1699,3239,32,2
1316,493,1110,30,2
1317,1691,291,32,2
1318,3196,1645,30,2
1319,2377,365,34,2
1320,3298,1170,32,2
1321,289,1498,35,2
1322,2104,3136,30,2
1323,573,2322,33,2
1324,1936,3363,30,2
1325,814,885,30,2
1326,2388,509,28,2
1327,795,2934,33,2
1328,577,1799,33,2
1329,1049,540,35,2
1330,3227,1463,30,2
1331,1449,3370,34,2
1332,2027,3063,34,2
1333,1219,3197,31,2
1334,2332,3138,31,2
1335,2324,3086,30,2
1336,1015,2830,34,2
1337,3270,2317,32,2
1338,2672,3047,33,2
1339,428,2262,35,2
1340,1391,632,35,2
1341,563,2525,30,2
1342,3250,1523,30,2
1343,679,729,30,2
1344,343,2039,34,2
1345,2812,1109,34,2
1346,1922,2984,35,2
1347,1099,1233,30,2
1348,1668,3187,27,2
1349,1389,499,33,2
1350,2632,478,30,2
1351,1875,632,33,2
1352,3101,1802,29,2
1353,3061,1474,29,2
1354,3041,2868,31,2
1355,2386,3277,32,2
1356,2442,600,32,2
1357,685,1407,30,2
1358,3120,844,30,2
1359,2512,3095,33,2
1360,3253,1416,25,2
1361,1258,622,35,2
1362,906,1819,28,2
1363,2558,2776,28,2
1364,3139,2163,34,2
1365,1192,461,29,2
1366,910,594,30,2
1367,635,2715,34,2
1368,2242,3256,32,2
1369,3469,1763,29,2
1370,3354,1867,31,2
1371,338,1290,32,2
1372,2507,3085,32,2
1373,3174,2735,27,2
1374,2678,3112,34,2
1375,3464,1881,29,2
1376,2129,613,33,2
1377,763,1046,35,2
1378,603,2774,33,2
1379,1866,3060,30,2
1380,972,3061,30,2
1381,2232,610,30,2
1382,2096,508,33,2
1383,2285,2591,33,2
1384,759,2117,30,2
1385,3330,1481,35,2
1386,1189,616,31,2
1387,848,678,35,2
1388,3450,2000,29,2
1389,1446,2879,33,2
1390,2718,1038,35,2
1391,843,789,28,2
1392,491,2234,35,2
1393,1617,394,35,2
1394,906,646,29,2
1395,3062,714,30,2
1396,1768,210,32,2
1397,1511,250,30,2
1398,3344,1993,34,2
1399,3293,1037,29,2
1400,3236,2511,31,2
1401,1556,2877,30,2
1402,3073,863,32,2
1403,2539,595,31,2
1404,1331,3179,29,2
1405,2900,664,32,2
1406,579,2035,34,2
1407,1288,2880,30,2
1408,1982,3010,35,2
1409,1249,3257,35,2
1410,3221,1371,30,2
1411,1113,835,32,2
1412,3262,1515,35,2
1413,3084,1538,31,2
1414,2472,2985,33,2
1415,3237,2204,30,2
1416,884,2616,29,2
1417,279,2027,34,2
1418,2299,428,30,2
1419,573,1254,32,2
1420,3271,2546,30,2
1421,1915,2705,33,2
1422,484,1218,30,2
1423,2699,820,35,2
1424,373,1195,30,2
1425,2183,3384,30,2
1426,651,1005,33,2
1427,772,2980,31,2
1428,2380,855,33,2
1429,2231,554,29,2
1430,1309,483,30,2
1431,2272,3312,33,2
1432,2330,2988,29,2
1433,863,2913,32,2
1434,347,2269,35,2
1435,2094,2872,34,2
1436,1360,442,34,2
1437,1562,482,30,2
1438,3064,934,31,2
1439,2283,2878,35,2
1440,1011,3197,33,2
1441,2349,603,32,2
1442,918,1888,28,2
1443,3113,1367,33,2
1444,3322,2125,30,2
1445,2194,239,31,2
1446,3433,2107,29,2
1447,1252,460,31,2
1448,1339,3239,32,2
1449,454,1833,34,2
1450,1780,365,32,2
1451,3378,2270,33,2
1452,3120,1145,30,2
1453,728,1101,35,2
1454,792,2751,34,2
1455,3227,2504,33,2
1456,793,2579,31,2
1457,1110,702,35,2
1458,3039,1817,34,2
1459,2741,455,32,2
1460,512,1313,30,2
1461,1784,3424,27,2
1462,2590,511,29,2
1463,2529,477,29,2
1464,2004,431,33,2
1465,3207,2641,35,2
1466,2140,236,30,2
1467,2999,1361,30,2
1468,1585,3061,35,2
1469,2526,746,35,2
1470,309,2210,33,2
1471,2378,295,33,2
1472,1774,498,30,2
1473,1257,2830,35,2
1474,1162,422,30,2
1475,3025,1170,30,2
1476,2873,2737,33,2
1477,1910,346,29,2
1478,507,2412,33,2
1479,1554,215,34,2
1480,1504,3115,33,2
1481,363,1742,34,2
1482,2192,437,33,2
1483,1730,401,31,2
1484,546,2467,34,2
1485,1999,3338,33,2
1486,2977,1140,33,2
1487,2597,412,34,2
1488,853,3098,31,2
1489,1180,3045,31,2
1490,706,2484,35,2
1491,1469,3281,34,2
1492,1521,340,30,2
1493,537,2472,32,2
1494,1330,597,33,2
1495,656,2605,33,2
1496,2473,782,33,2
1497,2724,1157,35,2
1498,703,1219,35,2
1499,436,2206,30,2
1500,1015,2205,29,2
1501,1567,536,35,2
1502,2568,2910,29,2
1503,914,3077,35,2
1504,1407,394,35,2
1505,2789,750,35,2
1506,548,2090,30,2
1507,961,800,30,2
1508,1269,3328,29,2
1509,2361,792,35,2
1510,1683,3069,33,2
1511,450,1899,35,2
1512,2264,3096,32,2
1513,3114,2296,33,2
1514,254,1670,32,2
1515,471,1000,32,2
1516,1974,3089,34,2
1517,1630,282,30,2
1518,2434,335,35,2
1519,2812,812,33,2
1520,2769,3123,29,2
1521,3412,1692,35,2
1522,1119,336,34,2
1523,2241,3374,29,2
1524,1997,3326,32,2
1525,413,2479,32,2
1526,737,2253,35,2
1527,3198,1417,30,2
1528,2495,625,30,2
1529,1522,2982,34,2
1530,2050,3302,34,2
1531,3266,1736,30,2
1532,304,1650,31,2
1533,2536,535,35,2
1534,1142,492,32,2
1535,2148,3243,30,2
1536,475,2478,32,2
1537,1825,472,30,2
1538,1351,288,30,2
1539,2067,3176,35,2
1540,3280,1464,31,2
1541,3244,1045,33,2
1542,2945,997,33,2
1543,927,2568,32,2
1544,433,1214,34,2
1545,2210,3323,35,2
1546,2384,3107,32,2
1547,3292,2185,35,2
1548,285,2151,33,2
1549,2295,3355,29,2
1550,2081,3346,34,2
1551,2185,382,30,2
1552,2660,373,31,2
1553,2651,583,31,2
1554,457,1700,31,2
1555,2196,3083,30,2
1556,3007,957,35,2
1557,3124,1487,34,2
1558,925,2952,35,2
1559,3221,2260,35,2
1560,1304,3284,35,2
1561,1260,3152,35,2
1562,901,888,31,2
1563,868,2975,30,2
1564,693,2711,25,2
1565,3006,2148,34,2
1566,3233,1049,34,2
1567,377,1422,35,2
1568,3409,2164,33,2
1569,3233,2037,35,2
1570,2240,274,31,2
1571,3292,1952,33,2
1572,1049,2249,28,2
1573,3304,1888,33,2
1574,1522,3231,31,2
1575,1496,3346,35,2
1576,539,1552,35,2
1577,714,681,35,2
1578,1101,3185,33,2
1579,1463,355,32,2
1580,2115,3303,33,2
1581,630,764,31,2
1582,3071,2248,32,2
1583,426,2093,34,2
1584,3289,2392,33,2
1585,1278,381,34,2
1586,2475,281,30,2
1587,3173,1319,35,2
1588,2133,3079,31,2
1589,2228,3026,31,2
1590,573,948,31,2
1591,2456,2870,33,2
1592,485,2104,34,2
1593,2539,424,26,2
1594,960,2865,33,2
1595,955,737,33,2
1596,2878,806,29,2
1597,2133,3190,32,2
1598,564,939,33,2
1599,1157,3281,29,2
1600,1302,428,25,2
1601,3342,1144,29,2
1602,1488,299,30,2
1603,3277,2247,34,2
1604,1184,2984,35,2
1605,3395,1324,34,2
1606,966,3119,32,2
1607,1781,429,33,2
1608,2290,579,32,2
1609,1016,705,32,2
1610,3460,1493,28,2
1611,2941,724,29,2
1612,1174,361,33,2
1613,876,3030,32,2
1614,1962,196,33,2
1615,407,1790,32,2
1616,626,2283,34,2
1617,3120,2720,29,2
1618,1436,310,31,2
1619,444,2418,32,2
1620,594,2435,33,2
1621,671,2237,33,2
1622,3017,664,30,2
1623,2446,3110,33,2
1624,3291,2074,34,2
1625,2970,2858,35,2
1626,1964,209,31,2
1627,413,1731,30,2
1628,2565,2836,32,2
1629,2402,2990,33,2
1630,1802,260,35,2
1631,853,2740,34,2
1632,1315,3069,35,2
1633,2977,2791,35,2
1634,2917,2572,35,2
1635,2544,3189,34,2
1636,2412,3215,34,2
1637,3255,989,31,2
1638,691,2366,32,2
1639,2333,2839,35,2
1640,3378,2109,35,2
1641,374,2218,32,2
1642,1124,3017,35,2
1643,1083,3121,35,2
1644,672,2764,30,2
1645,2048,3289,30,2
1646,3069,2637,32,2
1647,3248,1642,35,2
1648,2501,2818,35,2
1649,729,2761,33,2
1650,1416,3325,35,2
1651,2729,611,35,2
1652,1998,328,35,2
1653,751,2699,34,2
1654,2627,2930,35,2
1655,2301,286,35,2
1656,417,1371,35,2
1657,1502,3331,31,2
1658,3135,2233,33,2
1659,2030,527,35,2
1660,1749,3054,35,2
1661,3077,2424,33,2
1662,3141,1848,33,2
1663,723,1003,35,2
1664,266,1614,31,2
1665,1719,346,35,2
1666,328,1926,35,2
1667,384,2311,30,2
1668,1423,3312,35,2
1669,896,1763,29,2
1670,371,1976,35,2
1671,676,946,32,2
1672,2479,3218,35,2
1673,1404,3256,35,2
1674,1686,3128,35,2
1675,402,1301,31,2
1676,899,2840,33,2
1677,2278,3147,30,2
1678,3449,1939,32,2
1679,1172,682,34,2
1680,1215,3296,33,2
1681,333,2339,35,2
1682,1390,564,35,2
1683,2423,3051,33,2
1684,295,1712,33,2
1685,653,1171,35,2
1686,2451,669,32,2
1687,1928,3049,35,2
1688,793,756,33,2
1689,3170,837,28,2
1690,2977,775,34,2
1691,769,2635,35,2
1692,2314,2929,34,2
1693,480,2590,34,2
1694,2217,3146,34,2
1695,3179,2014,33,2
1696,927,2017,30,2
1697,2837,2677,35,2
1698,1653,344,35,2
1699,1510,511,35,2
1700,2079,3360,35,2
1701,286,2372,30,2
1702,481,1572,29,2
1703,2277,520,35,2
1704,2776,2833,35,2
1705,1582,3257,30,2
1706,2069,3409,30,2
1707,2959,2690,35,2
1708,2531,2960,34,2
1709,1808,3026,33,2
1710,1019,3097,33,2
1711,2340,541,34,2
1712,1886,3215,35,2
1713,2266,336,35,2
1714,3149,1427,35,2
1715,396,1856,34,2
1716,3095,2359,32,2
1717,989,1390,33,2
1718,3065,2757,35,2
1719,2088,3239,33,2
1720,2795,615,30,2
1721,2959,675,33,2
1722,718,2821,35,2
1723,739,746,35,2
1724,2251,461,35,2
1725,249,1783,29,2
1726,3279,1280,28,2
1727,940,1575,28,2
1728,2729,1545,28,2
1729,506,1875,34,2
1730,442,2535,34,2
1731,290,1830,29,2
1732,1074,3055,35,2
1733,2569,3246,29,2
1734,3203,2322,29,2
1735,3346,2387,31,2
1736,1882,3321,35,2
1737,3232,1170,35,2
1738,1134,3085,32,2
1739,501,942,33,2
1740,580,2680,34,2
1741,592,1190,29,2
1742,3294,2491,30,2
1743,352,1810,35,2
1744,3082,1189,35,2
1745,2362,3040,32,2
1746,733,2932,28,2
1747,3030,1965,30,2
1748,602,1127,35,2
1749,2999,720,30,2
1750,2746,1926,27,2
1751,1012,771,35,2
1752,1210,516,35,2
1753,2119,208,31,2
1754,1899,401,35,2
1755,1675,508,35,2
1756,2501,3152,33,2
1757,903,3135,34,2
1758,2789,2894,30,2
1759,2997,637,25,2
1760,3461,1588,31,2
1761,2696,2111,27,2
1762,2406,3317,28,2
1763,2294,3034,35,2
1764,957,673,35,2
1765,2781,427,28,2
1766,3315,1415,35,2
1767,2568,1212,28,2
1768,2090,3034,34,2
1769,2604,3036,29,2
1770,3156,1253,30,2
1771,609,2217,35,2
