10,207,4,-1.5959e-06,0.01078
10,609,6,-0.0043808,0.013442
10,220,16,-2.0886e-07,0.013929
10,609,23,2.7107e-06,0.02143
10,663,23,2.27e-06,0.024248
10,794,26,-1.2602e-05,0.011251
10,167,38,0.00089006,0.020733
10,75,41,-3.1365e-06,0.02077
10,169,41,2.6795e-07,0.017121
10,226,41,-0.0050254,0.010751
10,609,41,8.0314e-07,0.016745
10,935,46,8.9675e-07,0.010036
10,539,51,-6.9149e-07,0.015015
10,848,51,3.9273e-08,0.012093
10,115,53,-2.0719e-06,0.015302
10,149,61,2.0402e-07,0.011284
10,1106,68,-1.9836e-07,0.012382
10,169,70,0.0031032,0.011332
10,445,70,-0.0017607,0.0095944
10,41,75,-3.1365e-06,0.02077
10,115,75,6.5582e-06,0.019557
10,814,75,5.6535e-07,0.011093
10,118,78,-3.9032e-06,0.020646
10,718,78,2.4757e-05,0.020852
10,748,78,-2.1393e-05,0.053181
10,806,78,1.9183e-05,0.027171
10,224,81,-1.6794e-06,0.010717
10,167,88,-0.0052388,0.016006
10,655,93,2.8055e-07,0.01243
10,426,101,9.8972e-08,0.011457
10,1325,101,-9.2828e-07,0.010561
10,206,109,-2.3893e-06,0.010512
10,235,114,-9.955e-08,0.010014
10,53,115,-2.0719e-06,0.015302
10,75,115,6.5582e-06,0.019557
10,127,115,-4.842e-06,0.018546
10,316,115,0.0018987,0.011305
10,417,115,0.0019769,0.014185
10,78,118,-3.9032e-06,0.020646
10,353,118,1.5802e-05,0.031255
10,718,118,3.3342e-06,0.03965
10,748,118,1.809e-05,0.040118
10,1018,124,-1.6382e-07,0.011372
10,115,127,-4.842e-06,0.018546
10,571,127,1.8339e-06,0.010105
10,1183,131,-0.0017026,0.017513
10,520,143,-8.5406e-07,0.019231
10,61,149,2.0402e-07,0.011284
10,533,159,-1.8796e-06,0.027284
10,1106,159,3.2073e-06,0.017312
10,1197,159,1.8201e-06,0.015797
10,1015,162,6.272e-07,0.011722
10,38,167,0.00089006,0.020733
10,88,167,-0.0052388,0.016006
10,211,167,-2.7015e-05,0.034319
10,1444,167,0.013894,0.028354
10,41,169,2.6795e-07,0.017121
10,70,169,0.0031032,0.011332
10,677,173,0.0008551,0.010812
10,1115,174,-2.2325e-06,0.015787
10,775,185,0.0034921,0.016452
10,915,185,3.8281e-05,0.031553
10,732,186,1.5742e-06,0.010921
10,1112,196,-0.00056425,0.01751
10,461,205,7.5694e-07,0.011725
10,1014,205,5.3483e-07,0.01253
10,1083,205,-1.2195e-06,0.015028
10,109,206,-2.3893e-06,0.010512
10,265,206,-5.5164e-06,0.013863
10,563,206,-0.004569,0.0075063
10,668,206,4.6765e-06,0.017471
10,4,207,-1.5959e-06,0.01078
10,700,207,3.2263e-07,0.017784
10,559,209,-5.1327e-06,0.018321
10,950,209,1.4207e-05,0.017391
10,955,209,-8.2521e-06,0.031238
10,252,210,0.00060574,0.011129
10,559,210,6.2172e-07,0.013147
10,167,211,-2.7015e-05,0.034319
10,284,211,2.6228e-05,0.035894
10,353,211,3.2179e-05,0.025694
10,748,211,9.4693e-05,0.018245
10,16,220,-2.0886e-07,0.013929
10,921,220,1.0508e-06,0.01084
10,81,224,-1.6794e-06,0.010717
10,443,224,-2.8707e-06,0.014474
10,1167,224,4.5699e-07,0.01963
10,41,226,-0.0050254,0.010751
10,748,227,3.0237e-05,0.024106
10,114,235,-9.955e-08,0.010014
10,1042,235,4.2494e-07,0.011781
10,1123,235,-1.1349e-06,0.010553
10,668,236,-1.5713e-06,0.010501
10,817,236,-9.8748e-08,0.012556
10,996,236,2.2883e-06,0.014044
10,892,242,0.0057007,0.009068
10,927,242,-0.0025774,0.012515
10,939,248,-1.1872e-06,0.011453
10,1065,248,4.8635e-06,0.013669
10,1366,248,-9.6449e-07,0.016514
10,210,252,0.00060574,0.011129
10,901,252,-0.0006303,0.011583
10,858,256,3.4508e-06,0.015378
10,1168,256,-9.6608e-07,0.010951
10,1138,262,0.0016902,0.010406
10,1257,262,-0.0016323,0.010034
10,206,265,-5.5164e-06,0.013863
10,661,265,-9.1597e-07,0.010792
10,1378,265,1.0598e-07,0.017088
10,521,266,9.9063e-07,0.014177
10,1145,266,-2.7781e-06,0.019425
10,634,267,-2.2967e-08,0.01097
10,1137,274,3.0921e-07,0.013166
10,732,277,4.5431e-06,0.024039
10,1538,277,0.0055726,0.022715
10,349,282,-5.6531e-08,0.01127
10,572,282,-7.9382e-07,0.011103
10,593,282,5.2014e-07,0.021614
10,689,282,-2.3025e-06,0.023065
10,1167,282,-2.3248e-07,0.018486
10,1006,283,-1.9505e-05,0.025837
10,1055,283,-3.1666e-06,0.021561
10,1112,283,4.2766e-05,0.030651
10,211,284,2.6228e-05,0.035894
10,353,284,-9.8674e-06,0.039718
10,1444,284,-0.0081769,0.016693
10,1124,290,-3.7876e-06,0.019378
10,115,316,0.0018987,0.011305
10,381,316,-0.001697,0.0101
10,627,321,6.9474e-07,0.012754
10,331,323,2.653e-06,0.031589
10,365,323,1.2371e-05,0.031364
10,574,323,0.0071791,0.022194
10,785,323,0,0.011464
10,717,324,4.6615e-07,0.013072
10,1146,327,0.00207,0.01302
10,1179,327,-0.002106,0.013235
10,1042,328,9.1073e-07,0.011241
10,323,331,2.653e-06,0.031589
10,844,333,4.8667e-07,0.010656
10,1315,334,3.4155e-06,0.015217
10,1498,334,1.7916e-06,0.010934
10,533,335,-1.0269e-07,0.017067
10,1106,335,-4.6347e-07,0.012948
10,413,338,-7.0026e-07,0.013349
10,499,338,4.5951e-07,0.013351
10,1039,347,-1.6654e-06,0.021823
10,1111,347,9.2551e-06,0.019686
10,1138,347,4.4583e-07,0.014668
10,282,349,-5.6531e-08,0.01127
10,1167,349,-1.6409e-06,0.010126
10,927,351,3.7577e-07,0.010409
10,1112,351,-8.3744e-07,0.01959
10,360,352,1.0746e-06,0.020164
10,1124,352,1.0244e-05,0.023106
10,1291,352,0.010475,0.018668
10,1463,352,-1.6839e-05,0.014607
10,118,353,1.5802e-05,0.031255
10,211,353,3.2179e-05,0.025694
10,284,353,-9.8674e-06,0.039718
10,708,357,-1.0602e-06,0.01006
10,958,357,4.0934e-06,0.016561
10,976,357,-9.1303e-07,0.010064
10,352,360,1.0746e-06,0.020164
10,674,360,-8.1379e-07,0.01526
10,873,360,2.4768e-06,0.021394
10,397,362,2.3786e-05,0.014186
10,1260,362,9.6156e-06,0.029789
10,323,365,1.2371e-05,0.031364
10,441,365,4.1945e-06,0.02124
10,918,365,5.7518e-06,0.036832
10,1111,370,-4.6068e-07,0.012644
10,521,378,-4.7829e-06,0.021455
10,600,378,-2.6173e-06,0.010863
10,1108,378,2.6624e-06,0.020958
10,316,381,-0.001697,0.0101
10,458,381,6.7631e-07,0.011008
10,473,382,8.3429e-06,0.021342
10,1629,382,5.512e-06,0.01683
10,1085,383,5.2346e-08,0.018305
10,1299,383,1.0813e-06,0.011486
10,613,389,1.8033e-08,0.013353
10,874,389,5.047e-07,0.010031
10,362,397,2.3786e-05,0.014186
10,989,397,2.466e-06,0.017626
10,1092,397,1.4827e-05,0.017491
10,338,413,-7.0026e-07,0.013349
10,443,413,2.4949e-06,0.016564
10,520,414,-2.2471e-06,0.012023
10,956,414,-2.3882e-06,0.019308
10,443,415,2.298e-07,0.0101
10,445,415,-0.00096026,0.011173
10,545,416,-1.2261e-07,0.011395
10,596,416,1.2484e-06,0.012526
10,115,417,0.0019769,0.014185
10,1014,421,-7.5255e-07,0.012493
10,1044,421,-4.1418e-06,0.0127
10,1145,421,1.6392e-06,0.011709
10,101,426,9.8972e-08,0.011457
10,939,426,-8.3207e-08,0.010255
10,1526,426,0.0050746,0.010596
10,720,428,-0.0001736,0.013226
10,931,428,5.7886e-06,0.022519
10,950,428,-3.1276e-05,0.027151
10,990,429,-3.4447e-07,0.013249
10,721,431,-3.7267e-07,0.020222
10,1085,431,1.4309e-05,0.01607
10,1212,431,-4.3994e-06,0.018781
10,573,435,6.2001e-07,0.013462
10,1058,435,0.0015819,0.017438
10,1199,435,0,0.024037
10,650,436,-3.1366e-08,0.012861
10,781,436,4.9299e-07,0.011678
10,365,441,4.1945e-06,0.02124
10,224,443,-2.8707e-06,0.014474
10,413,443,2.4949e-06,0.016564
10,415,443,2.298e-07,0.0101
10,1097,444,0.00070629,0.017183
10,70,445,-0.0017607,0.0095944
10,415,445,-0.00096026,0.011173
10,664,447,3.8887e-06,0.042443
10,687,447,0.00013912,0.058343
10,876,447,1.4485e-06,0.011851
10,891,447,7.8251e-07,0.016586
10,912,447,1.0828e-05,0.01402
10,850,457,1.0732e-06,0.016701
10,381,458,6.7631e-07,0.011008
10,1240,458,1.5351e-06,0.012565
10,1159,459,-7.5679e-08,0.010922
10,205,461,7.5694e-07,0.011725
10,858,461,1.262e-05,0.024901
10,1123,461,-8.2837e-06,0.028469
10,1145,466,-7.2919e-07,0.010638
10,655,469,-6.8457e-06,0.022504
10,1049,469,0.016698,0.030285
10,1086,469,-2.6871e-06,0.011488
10,627,472,2.891e-06,0.014352
10,382,473,8.3429e-06,0.021342
10,1015,473,-1.1331e-05,0.022522
10,1268,473,-5.3551e-06,0.016082
10,1282,473,-6.1485e-06,0.018157
10,1063,475,-0.00288,0.011127
10,668,481,-1.2747e-06,0.015411
10,996,481,6.7622e-07,0.012722
10,634,486,1.9236e-06,0.01543
10,1076,486,-4.3961e-07,0.017083
10,1066,490,2.1809e-06,0.014586
10,1260,490,-8.7969e-06,0.028395
10,1398,490,0.0042228,0.025845
10,1470,490,1.0402e-05,0.014772
10,338,499,4.5951e-07,0.013351
10,921,501,7.1396e-07,0.011154
10,540,510,9.3836e-07,0.017207
10,666,510,-9.1523e-07,0.010129
10,1422,510,0.00034083,0.01342
10,686,518,3.0373e-06,0.023564
10,706,518,3.8271e-06,0.010714
10,980,518,3.3293e-06,0.016348
10,1106,518,1.8398e-06,0.020424
10,143,520,-8.5406e-07,0.019231
10,414,520,-2.2471e-06,0.012023
10,688,520,-2.0161e-06,0.010718
10,266,521,9.9063e-07,0.014177
10,378,521,-4.7829e-06,0.021455
10,633,521,1.319e-06,0.014908
10,872,521,3.3801e-06,0.012233
10,1363,522,5.6672e-07,0.013375
10,979,525,-0.0010416,0.01047
10,546,526,7.3022e-07,0.010007
10,812,526,1.9688e-07,0.016058
10,1104,526,1.0869e-06,0.014664
10,1258,526,4.9431e-07,0.014211
10,159,533,-1.8796e-06,0.027284
10,335,533,-1.0269e-07,0.017067
10,841,533,3.5423e-07,0.01936
10,1030,533,-1.7697e-06,0.016465
10,853,534,1.169e-07,0.010903
10,547,538,-1.079e-06,0.012873
10,781,538,1.1027e-06,0.013922
10,51,539,-6.9149e-07,0.015015
10,755,539,-9.8632e-07,0.014403
10,510,540,9.3836e-07,0.017207
10,1060,540,-1.6883e-07,0.0126
10,1192,540,-3.1006e-07,0.023808
10,1511,541,-3.4489e-06,0.013487
10,911,542,-4.3578e-06,0.011906
10,1096,542,8.3228e-07,0.014947
10,1145,544,-8.4512e-07,0.013834
10,416,545,-1.2261e-07,0.011395
10,978,545,-1.3626e-07,0.014869
10,526,546,7.3022e-07,0.010007
10,538,547,-1.079e-06,0.012873
10,554,551,-2.7557e-07,0.0128
10,916,551,4.6838e-08,0.010424
10,551,554,-2.7557e-07,0.0128
10,650,554,9.5721e-07,0.011818
10,1077,556,5.0597e-07,0.015512
10,1514,556,1.656e-06,0.019696
10,209,559,-5.1327e-06,0.018321
10,210,559,6.2172e-07,0.013147
10,955,559,-2.0204e-06,0.015819
10,1371,559,0.00082817,0.018039
10,206,563,-0.004569,0.0075063
10,1167,569,-3.1765e-06,0.018069
10,1240,569,7.0925e-06,0.017375
10,127,571,1.8339e-06,0.010105
10,1422,571,-0.00030103,0.011821
10,282,572,-7.9382e-07,0.011103
10,994,572,-2.912e-06,0.012423
10,1061,572,-3.4679e-07,0.020706
10,435,573,6.2001e-07,0.013462
10,873,573,-1.0421e-05,0.016605
10,1115,573,-1.7007e-06,0.013916
10,323,574,0.0071791,0.022194
10,677,578,2.0004e-06,0.01431
10,1299,579,-2.1982e-07,0.016965
10,677,585,2.8321e-08,0.015171
10,721,586,-5.2831e-07,0.017372
10,1498,586,-5.7454e-07,0.021233
10,734,587,7.8628e-07,0.011441
10,282,593,5.2014e-07,0.021614
10,658,593,8.8528e-08,0.014722
10,1298,595,5.4258e-06,0.018778
10,416,596,1.2484e-06,0.012526
10,1308,596,3.854e-07,0.01455
10,378,600,-2.6173e-06,0.010863
10,1108,600,4.7113e-07,0.015432
10,1270,600,2.5699e-07,0.017725
10,862,603,1.3659e-07,0.012593
10,6,609,-0.0043808,0.013442
10,23,609,2.7107e-06,0.02143
10,41,609,8.0314e-07,0.016745
10,667,612,-3.9743e-07,0.01509
10,763,612,-0.0013835,0.013117
10,806,612,1.3915e-05,0.01146
10,1033,612,5.2729e-06,0.022881
10,389,613,1.8033e-08,0.013353
10,837,613,-2.5146e-08,0.010093
10,959,617,-0.0008391,0.012301
10,1086,619,-2.2388e-06,0.015645
10,1315,619,1.7728e-06,0.021105
10,809,623,7.1954e-08,0.022797
10,1087,623,-6.6508e-06,0.021754
10,1401,623,-1.5315e-07,0.013482
10,321,627,6.9474e-07,0.012754
10,472,627,2.891e-06,0.014352
10,996,627,-8.6357e-07,0.016135
10,1108,630,2.032e-06,0.014692
10,1238,630,2.1599e-06,0.014374
10,521,633,1.319e-06,0.014908
10,745,633,-5.9737e-07,0.026032
10,267,634,-2.2967e-08,0.01097
10,486,634,1.9236e-06,0.01543
10,1197,634,3.7651e-07,0.01151
10,1462,642,0.0087027,0.031675
10,1504,642,-1.2315e-06,0.027123
10,1563,642,-2.003e-05,0.012131
10,1405,643,2.2228e-06,0.016078
10,842,645,-1.131e-05,0.040266
10,869,645,-4.3412e-06,0.012187
10,987,645,1.4855e-05,0.031528
10,1143,645,-5.7975e-06,0.01677
10,436,650,-3.1366e-08,0.012861
10,554,650,9.5721e-07,0.011818
10,734,651,-2.1115e-07,0.013058
10,856,651,-1.0954e-06,0.011535
10,1336,651,-1.0787e-06,0.01879
10,93,655,2.8055e-07,0.01243
10,469,655,-6.8457e-06,0.022504
10,848,655,1.6737e-06,0.019906
10,1315,655,1.3787e-05,0.021969
10,593,658,8.8528e-08,0.014722
10,1240,658,2.562e-06,0.011705
10,1279,658,-3.0603e-07,0.023105
10,265,661,-9.1597e-07,0.010792
10,23,663,2.27e-06,0.024248
10,748,663,3.8311e-05,0.041483
10,447,664,3.8887e-06,0.042443
10,718,664,1.1208e-06,0.038948
10,806,664,8.729e-06,0.011227
10,912,664,-5.4898e-06,0.015416
10,510,666,-9.1523e-07,0.010129
10,667,666,1.9109e-06,0.011123
10,1033,666,1.4464e-06,0.018996
10,1103,666,-2.3502e-07,0.010358
10,612,667,-3.9743e-07,0.01509
10,666,667,1.9109e-06,0.011123
10,935,667,5.7904e-06,0.01203
10,206,668,4.6765e-06,0.017471
10,236,668,-1.5713e-06,0.010501
10,481,668,-1.2747e-06,0.015411
10,1078,669,6.2049e-08,0.013141
10,1109,669,-1.5338e-06,0.01397
10,1162,669,3.5388e-07,0.01143
10,1297,669,2.4579e-06,0.014065
10,1390,669,2.9654e-07,0.0134
10,996,670,-5.125e-08,0.010997
10,360,674,-8.1379e-07,0.01526
10,1133,674,2.1887e-06,0.014743
10,1221,674,0,0.010627
10,173,677,0.0008551,0.010812
10,578,677,2.0004e-06,0.01431
10,585,677,2.8321e-08,0.015171
10,931,677,-3.4149e-06,0.018095
10,1268,679,1.0608e-06,0.010571
10,518,686,3.0373e-06,0.023564
10,1341,686,0,0.024406
10,447,687,0.00013912,0.058343
10,876,687,7.2148e-05,0.018145
10,891,687,7.3763e-05,0.058667
10,1200,687,0.00025753,0.07344
10,1385,687,-2.5731e-05,0.065473
10,520,688,-2.0161e-06,0.010718
10,282,689,-2.3025e-06,0.023065
10,1129,689,3.7874e-06,0.028059
10,1502,690,3.4527e-06,0.037079
10,1529,690,-4.5865e-05,0.01533
10,1563,690,-6.3755e-05,0.050276
10,1362,696,-0.0034601,0.0089074
10,207,700,3.2263e-07,0.017784
10,518,706,3.8271e-06,0.010714
10,1086,707,-4.0321e-06,0.014962
10,1212,707,-7.804e-07,0.020767
10,1225,707,0.0046277,0.018245
10,357,708,-1.0602e-06,0.01006
10,769,709,0.0010627,0.012027
10,324,717,4.6615e-07,0.013072
10,803,717,5.6169e-08,0.016117
10,78,718,2.4757e-05,0.020852
10,118,718,3.3342e-06,0.03965
10,664,718,1.1208e-06,0.038948
10,428,720,-0.0001736,0.013226
10,431,721,-3.7267e-07,0.020222
10,586,721,-5.2831e-07,0.017372
10,983,721,-2.0467e-06,0.019883
10,1138,724,3.7169e-07,0.026745
10,1447,724,0.0021456,0.029549
10,1260,728,1.1257e-05,0.020343
10,1470,728,3.5558e-06,0.023607
10,1529,728,1.1503e-06,0.021375
10,920,729,-5.9489e-08,0.01282
10,921,730,0,0.025703
10,186,732,1.5742e-06,0.010921
10,277,732,4.5431e-06,0.024039
10,1371,732,-0.0011652,0.02536
10,587,734,7.8628e-07,0.011441
10,651,734,-2.1115e-07,0.013058
10,1117,734,6.6058e-07,0.012962
10,908,740,-4.2574e-07,0.010249
10,633,745,-5.9737e-07,0.026032
10,852,745,7.315e-08,0.021969
10,1169,745,-3.7258e-06,0.015919
10,78,748,-2.1393e-05,0.053181
10,118,748,1.809e-05,0.040118
10,211,748,9.4693e-05,0.018245
10,227,748,3.0237e-05,0.024106
10,663,748,3.8311e-05,0.041483
10,539,755,-9.8632e-07,0.014403
10,808,755,6.6364e-08,0.01599
10,872,755,-4.6518e-07,0.017482
10,612,763,-0.0013835,0.013117
10,709,769,0.0010627,0.012027
10,1100,770,1.2319e-06,0.011296
10,185,775,0.0034921,0.016452
10,885,776,5.0505e-07,0.010439
10,1030,779,2.28e-07,0.013833
10,1115,779,-2.1123e-07,0.022026
10,842,780,2.6449e-06,0.012862
10,869,780,3.2253e-06,0.024071
10,1224,780,-9.7628e-05,0.02031
10,436,781,4.9299e-07,0.011678
10,538,781,1.1027e-06,0.013922
10,1298,784,-0.0045434,0.013121
10,323,785,0,0.011464
10,800,788,-1.7123e-07,0.014726
10,1213,788,5.9315e-09,0.017298
10,26,794,-1.2602e-05,0.011251
10,810,794,-1.3671e-05,0.01164
10,1063,794,-2.1907e-05,0.02601
10,1168,794,-1.4876e-05,0.013145
10,1619,794,0.024387,0.045041
10,953,795,8.5607e-07,0.010143
10,1295,795,9.0793e-08,0.010269
10,1489,795,-1.3175e-07,0.011479
10,862,798,-1.7653e-06,0.016161
10,1213,798,4.3756e-06,0.027558
10,788,800,-1.7123e-07,0.014726
10,1601,801,-0.0021243,0.013934
10,717,803,5.6169e-08,0.016117
10,1031,803,5.6018e-07,0.012063
10,1363,803,6.7852e-07,0.01249
10,920,805,-3.9706e-07,0.010102
10,78,806,1.9183e-05,0.027171
10,612,806,1.3915e-05,0.01146
10,664,806,8.729e-06,0.011227
10,912,806,6.0911e-06,0.035522
10,755,808,6.6364e-08,0.01599
10,623,809,7.1954e-08,0.022797
10,1462,809,-0.01204,0.043836
10,1659,809,0.025448,0.053456
10,794,810,-1.3671e-05,0.01164
10,1168,810,-3.318e-07,0.014735
10,1186,810,0.0026618,0.020462
10,1619,810,-0.019538,0.036091
10,526,812,1.9688e-07,0.016058
10,75,814,5.6535e-07,0.011093
10,236,817,-9.8748e-08,0.012556
10,846,821,-1.5125e-06,0.023698
10,932,821,2.0063e-06,0.028185
10,1501,821,4.9603e-06,0.015476
10,1095,823,0.0015523,0.010362
10,1096,823,-2.3305e-07,0.012476
10,899,828,4.4734e-07,0.015538
10,852,830,1.8409e-06,0.023584
10,1036,830,1.473e-05,0.013137
10,1057,830,-1.8747e-07,0.020883
10,1571,830,-2.7249e-07,0.019039
10,1146,831,4.9363e-07,0.01113
10,613,837,-2.5146e-08,0.010093
10,1035,837,-2.9942e-06,0.015946
10,1154,838,-8.8832e-08,0.01159
10,1271,838,-1.0488e-06,0.017714
10,533,841,3.5423e-07,0.01936
10,645,842,-1.131e-05,0.040266
10,780,842,2.6449e-06,0.012862
10,1224,842,-3.4885e-05,0.02769
10,1299,842,8.4303e-06,0.026714
10,333,844,4.8667e-07,0.010656
10,821,846,-1.5125e-06,0.023698
10,1105,846,7.9008e-07,0.011039
10,1528,846,3.6071e-06,0.024686
10,51,848,3.9273e-08,0.012093
10,655,848,1.6737e-06,0.019906
10,1218,848,2.46e-06,0.011855
10,457,850,1.0732e-06,0.016701
10,1401,850,-1.9825e-06,0.010666
10,1557,850,-2.2579e-06,0.013233
10,745,852,7.315e-08,0.021969
10,830,852,1.8409e-06,0.023584
10,1057,852,-9.7436e-06,0.027287
10,534,853,1.169e-07,0.010903
10,1519,855,-2.1067e-07,0.011572
10,651,856,-1.0954e-06,0.011535
10,1174,856,-1.4588e-06,0.016758
10,256,858,3.4508e-06,0.015378
10,461,858,1.262e-05,0.024901
10,1063,858,-1.1735e-05,0.033362
10,1308,859,-9.0653e-07,0.016586
10,603,862,1.3659e-07,0.012593
10,798,862,-1.7653e-06,0.016161
10,1037,862,6.6667e-06,0.026026
10,1370,862,3.4638e-06,0.015214
10,880,866,-6.5575e-07,0.021805
10,1476,866,0.0026843,0.024144
10,645,869,-4.3412e-06,0.012187
10,780,869,3.2253e-06,0.024071
10,999,869,-7.5166e-07,0.017357
10,521,872,3.3801e-06,0.012233
10,755,872,-4.6518e-07,0.017482
10,360,873,2.4768e-06,0.021394
10,573,873,-1.0421e-05,0.016605
10,389,874,5.047e-07,0.010031
10,1095,874,-0.0017277,0.011527
10,1010,875,1.0472e-06,0.021532
10,1142,875,8.6593e-06,0.026817
10,1171,875,4.0955e-06,0.044291
10,447,876,1.4485e-06,0.011851
10,687,876,7.2148e-05,0.018145
10,1378,876,-1.6635e-06,0.011014
10,866,880,-6.5575e-07,0.021805
10,1238,880,7.9536e-06,0.025024
10,1259,880,-1.0521e-06,0.017532
10,1270,880,-2.5937e-06,0.024957
10,1425,880,1.6364e-08,0.01002
10,1490,884,-1.1317e-07,0.012699
10,1617,884,2.0653e-06,0.010604
10,776,885,5.0505e-07,0.010439
10,1369,885,3.2719e-06,0.010381
10,447,891,7.8251e-07,0.016586
10,687,891,7.3763e-05,0.058667
10,912,891,1.1008e-05,0.041693
10,1033,891,-5.3489e-06,0.026618
10,1200,891,3.3584e-05,0.041954
10,242,892,0.0057007,0.009068
10,1220,892,-0.006004,0.016043
10,1146,894,-0.0013118,0.011535
10,1033,895,0.0057057,0.013831
10,1010,898,0.0040721,0.008099
10,828,899,4.4734e-07,0.015538
10,1122,899,-1.4463e-06,0.013649
10,1308,899,-1.1969e-06,0.010475
10,252,901,-0.0006303,0.011583
10,1064,905,4.541e-07,0.01374
10,1092,905,-6.3353e-09,0.013888
10,1502,905,-4.6063e-06,0.011909
10,740,908,-4.2574e-07,0.010249
10,976,908,-2.247e-07,0.010113
10,542,911,-4.3578e-06,0.011906
10,1335,911,1.1801e-05,0.020506
10,447,912,1.0828e-05,0.01402
10,664,912,-5.4898e-06,0.015416
10,806,912,6.0911e-06,0.035522
10,891,912,1.1008e-05,0.041693
10,1033,912,1.8972e-05,0.023046
10,956,914,0.0011822,0.017603
10,1183,914,0.00062458,0.020968
10,185,915,3.8281e-05,0.031553
10,987,915,-3.3853e-06,0.026619
10,999,915,1.439e-05,0.012445
10,1330,915,0,0.033718
10,551,916,4.6838e-08,0.010424
10,1104,916,-8.0246e-07,0.010281
10,1147,917,7.8534e-07,0.011245
10,1438,917,-3.0522e-06,0.018014
10,365,918,5.7518e-06,0.036832
10,1129,918,1.3761e-06,0.03415
10,729,920,-5.9489e-08,0.01282
10,805,920,-3.9706e-07,0.010102
10,949,920,1.6726e-07,0.012115
10,220,921,1.0508e-06,0.01084
10,501,921,7.1396e-07,0.011154
10,730,921,0,0.025703
10,1341,921,0,0.018499
10,242,927,-0.0025774,0.012515
10,351,927,3.7577e-07,0.010409
10,1181,927,1.3085e-06,0.013462
10,1307,929,-1.8489e-06,0.022465
10,1508,929,8.5047e-07,0.013297
10,428,931,5.7886e-06,0.022519
10,677,931,-3.4149e-06,0.018095
10,821,932,2.0063e-06,0.028185
10,955,932,-2.6398e-06,0.03372
10,46,935,8.9675e-07,0.010036
10,667,935,5.7904e-06,0.01203
10,248,939,-1.1872e-06,0.011453
10,426,939,-8.3207e-08,0.010255
10,1399,939,0.0066044,0.012511
10,950,942,-0.00072302,0.014596
10,1025,947,1.9661e-06,0.013474
10,1382,947,1.6058e-06,0.010892
10,1393,947,1.8075e-08,0.013157
10,920,949,1.6726e-07,0.012115
10,209,950,1.4207e-05,0.017391
10,428,950,-3.1276e-05,0.027151
10,942,950,-0.00072302,0.014596
10,1186,951,-0.0018644,0.015831
10,1455,951,-0.00014013,0.011616
10,795,953,8.5607e-07,0.010143
10,1531,953,-9.8732e-06,0.011296
10,209,955,-8.2521e-06,0.031238
10,559,955,-2.0204e-06,0.015819
10,932,955,-2.6398e-06,0.03372
10,414,956,-2.3882e-06,0.019308
10,914,956,0.0011822,0.017603
10,357,958,4.0934e-06,0.016561
10,617,959,-0.0008391,0.012301
10,1171,962,5.9985e-06,0.011743
10,1313,965,0.0011015,0.012446
10,1151,971,6.4614e-07,0.015301
10,1220,971,2.1128e-06,0.018018
10,1241,973,2.2882e-07,0.016304
10,1508,973,-1.3645e-06,0.013698
10,1623,973,2.7923e-06,0.024578
10,1340,974,-2.0909e-07,0.012151
10,1428,974,9.2711e-07,0.021117
10,357,976,-9.1303e-07,0.010064
10,908,976,-2.247e-07,0.010113
10,1216,977,1.4761e-06,0.017271
10,1343,977,2.2362e-07,0.010273
10,1437,977,9.085e-07,0.016481
10,1442,977,1.256e-06,0.014826
10,545,978,-1.3626e-07,0.014869
10,525,979,-0.0010416,0.01047
10,1310,979,1.9924e-07,0.010222
10,518,980,3.3293e-06,0.016348
10,721,983,-2.0467e-06,0.019883
10,1086,983,1.0612e-06,0.018134
10,1501,985,3.5498e-06,0.023805
10,1542,985,5.7217e-06,0.029019
10,645,987,1.4855e-05,0.031528
10,915,987,-3.3853e-06,0.026619
10,397,989,2.466e-06,0.017626
10,1330,989,0,0.012342
10,429,990,-3.4447e-07,0.013249
10,572,994,-2.912e-06,0.012423
10,1074,994,3.659e-07,0.010885
10,236,996,2.2883e-06,0.014044
10,481,996,6.7622e-07,0.012722
10,627,996,-8.6357e-07,0.016135
10,670,996,-5.125e-08,0.010997
10,1015,997,0.0033132,0.015509
10,1441,997,-0.0053017,0.024838
10,1441,998,1.6544e-06,0.01997
10,1457,998,9.2259e-07,0.013127
10,869,999,-7.5166e-07,0.017357
10,915,999,1.439e-05,0.012445
10,1028,1001,9.6125e-07,0.01335
10,1191,1001,1.6367e-06,0.017275
10,1478,1002,7.0884e-08,0.011675
10,1310,1004,0.0016613,0.015373
10,1468,1004,-0.0015023,0.013908
10,283,1006,-1.9505e-05,0.025837
10,1364,1006,-5.6951e-06,0.01087
10,1551,1006,6.2574e-06,0.022697
10,1087,1008,-2.7113e-06,0.013101
10,875,1010,1.0472e-06,0.021532
10,898,1010,0.0040721,0.008099
10,1171,1010,2.0697e-05,0.025542
10,1203,1010,1.7599e-08,0.017953
10,1398,1010,-0.0035948,0.022015
10,1132,1012,4.8378e-06,0.01748
10,1206,1012,-2.8657e-06,0.013387
10,1303,1012,6.7642e-06,0.024563
10,1314,1012,0.0022468,0.016845
10,205,1014,5.3483e-07,0.01253
10,421,1014,-7.5255e-07,0.012493
10,1044,1014,-3.1449e-06,0.017434
10,162,1015,6.272e-07,0.011722
10,473,1015,-1.1331e-05,0.022522
10,997,1015,0.0033132,0.015509
10,1570,1015,-1.2939e-07,0.017053
10,124,1018,-1.6382e-07,0.011372
10,1355,1019,0.00067131,0.014402
10,1431,1019,5.8369e-06,0.017932
10,1615,1019,-9.0725e-06,0.020062
10,947,1025,1.9661e-06,0.013474
10,1049,1027,-0.0070846,0.027788
10,1086,1027,-0.0053156,0.020459
10,1001,1028,9.6125e-07,0.01335
10,1210,1028,1.9809e-06,0.017209
10,533,1030,-1.7697e-06,0.016465
10,779,1030,2.28e-07,0.013833
10,1210,1030,-9.8308e-08,0.01926
10,803,1031,5.6018e-07,0.012063
10,1343,1031,3.9488e-07,0.012343
10,612,1033,5.2729e-06,0.022881
10,666,1033,1.4464e-06,0.018996
10,891,1033,-5.3489e-06,0.026618
10,895,1033,0.0057057,0.013831
10,912,1033,1.8972e-05,0.023046
10,1267,1033,0.0044284,0.022955
10,837,1035,-2.9942e-06,0.015946
10,830,1036,1.473e-05,0.013137
10,1057,1036,1.2418e-06,0.021718
10,1427,1036,-1.2065e-05,0.032101
10,862,1037,6.6667e-06,0.026026
10,1046,1037,-1.7786e-05,0.041543
10,1492,1037,-4.0291e-08,0.027238
10,1125,1038,-4.5078e-07,0.011526
10,347,1039,-1.6654e-06,0.021823
10,1112,1039,2.5878e-07,0.031947
10,1181,1039,3.3344e-07,0.017103
10,235,1042,4.2494e-07,0.011781
10,328,1042,9.1073e-07,0.011241
10,1123,1042,-1.2072e-07,0.014566
10,1410,1043,8.2616e-07,0.022683
10,1525,1043,-1.3366e-06,0.010559
10,1574,1043,5.9919e-07,0.016804
10,421,1044,-4.1418e-06,0.0127
10,1014,1044,-3.1449e-06,0.017434
10,1057,1044,1.7228e-06,0.030969
10,1037,1046,-1.7786e-05,0.041543
10,1073,1046,2.4534e-06,0.022148
10,1198,1046,7.3869e-06,0.030494
10,1305,1046,0.0021594,0.038078
10,1173,1047,4.6905e-06,0.014841
10,1476,1047,-0.0021295,0.019169
10,1520,1047,-8.7992e-06,0.020805
10,1571,1047,7.2888e-07,0.010469
10,469,1049,0.016698,0.030285
10,1027,1049,-0.0070846,0.027788
10,1060,1052,0.00067352,0.015853
10,1240,1052,-0.00097446,0.022954
10,283,1055,-3.1666e-06,0.021561
10,1113,1055,-6.283e-07,0.01701
10,1125,1055,-4.4807e-07,0.011603
10,830,1057,-1.8747e-07,0.020883
10,852,1057,-9.7436e-06,0.027287
10,1036,1057,1.2418e-06,0.021718
10,1044,1057,1.7228e-06,0.030969
10,435,1058,0.0015819,0.017438
10,1463,1058,-0.0023658,0.0261
10,1188,1059,-1.5052e-05,0.019836
10,1224,1059,5.5736e-06,0.046067
10,1679,1059,-1.8102e-05,0.047718
10,540,1060,-1.6883e-07,0.0126
10,1052,1060,0.00067352,0.015853
10,1660,1060,9.7381e-07,0.01085
10,572,1061,-3.4679e-07,0.020706
10,1313,1061,-2.8481e-06,0.018865
10,475,1063,-0.00288,0.011127
10,794,1063,-2.1907e-05,0.02601
10,858,1063,-1.1735e-05,0.033362
10,1083,1063,1.1352e-05,0.019304
10,1168,1063,7.1003e-06,0.01042
10,905,1064,4.541e-07,0.01374
10,1260,1064,4.3071e-06,0.015494
10,248,1065,4.8635e-06,0.013669
10,1410,1065,3.5982e-06,0.014118
10,1463,1065,-1.0692e-05,0.02582
10,490,1066,2.1809e-06,0.014586
10,1046,1073,2.4534e-06,0.022148
10,994,1074,3.659e-07,0.010885
10,1147,1074,2.1568e-07,0.018754
10,486,1076,-4.3961e-07,0.017083
10,1271,1076,2.639e-06,0.014163
10,556,1077,5.0597e-07,0.015512
10,1097,1077,-0.00078166,0.01898
10,669,1078,6.2049e-08,0.013141
10,1192,1079,5.6421e-06,0.021984
10,1222,1079,-3.0087e-06,0.020404
10,1479,1079,-7.7098e-07,0.015642
10,1194,1082,0.0016876,0.010859
10,205,1083,-1.2195e-06,0.015028
10,1063,1083,1.1352e-05,0.019304
10,383,1085,5.2346e-08,0.018305
10,431,1085,1.4309e-05,0.01607
10,1143,1085,1.9663e-06,0.020689
10,1299,1085,-3.2992e-06,0.027077
10,469,1086,-2.6871e-06,0.011488
10,619,1086,-2.2388e-06,0.015645
10,707,1086,-4.0321e-06,0.014962
10,983,1086,1.0612e-06,0.018134
10,1027,1086,-0.0053156,0.020459
10,623,1087,-6.6508e-06,0.021754
10,1008,1087,-2.7113e-06,0.013101
10,1336,1087,-1.8135e-06,0.027777
10,1401,1087,-3.8841e-06,0.020863
10,1659,1087,-0.019982,0.041955
10,1457,1088,1.0829e-06,0.011055
10,1553,1088,8.7979e-06,0.028059
10,1612,1088,-8.6798e-06,0.027304
10,1661,1088,1.6318e-05,0.019588
10,1184,1090,4.2395e-06,0.029911
10,1478,1090,-7.9977e-06,0.025759
10,1578,1090,-2.081e-06,0.02001
10,1603,1090,-1.6195e-05,0.026916
10,397,1092,1.4827e-05,0.017491
10,905,1092,-6.3353e-09,0.013888
10,823,1095,0.0015523,0.010362
10,874,1095,-0.0017277,0.011527
10,542,1096,8.3228e-07,0.014947
10,823,1096,-2.3305e-07,0.012476
10,444,1097,0.00070629,0.017183
10,1077,1097,-0.00078166,0.01898
10,1303,1098,-2.3636e-06,0.016934
10,1374,1098,1.3556e-05,0.024997
10,1488,1098,-7.0251e-06,0.023746
10,1171,1099,-2.827e-06,0.030702
10,1531,1099,7.1298e-06,0.02356
10,1671,1099,7.7006e-06,0.035808
10,770,1100,1.2319e-06,0.011296
10,1154,1100,3.1112e-07,0.01049
10,1225,1102,-0.0028115,0.011082
10,666,1103,-2.3502e-07,0.010358
10,526,1104,1.0869e-06,0.014664
10,916,1104,-8.0246e-07,0.010281
10,846,1105,7.9008e-07,0.011039
10,68,1106,-1.9836e-07,0.012382
10,159,1106,3.2073e-06,0.017312
10,335,1106,-4.6347e-07,0.012948
10,518,1106,1.8398e-06,0.020424
10,1470,1107,1.4667e-06,0.010946
10,1511,1107,-3.0335e-06,0.015881
10,378,1108,2.6624e-06,0.020958
10,600,1108,4.7113e-07,0.015432
10,630,1108,2.032e-06,0.014692
10,1315,1108,-1.6464e-06,0.019619
10,669,1109,-1.5338e-06,0.01397
10,1483,1110,-1.1763e-07,0.024987
10,1556,1110,-1.1179e-06,0.025488
10,347,1111,9.2551e-06,0.019686
10,370,1111,-4.6068e-07,0.012644
10,1112,1111,-2.0168e-05,0.029163
10,1288,1111,-4.1365e-07,0.027706
10,196,1112,-0.00056425,0.01751
10,283,1112,4.2766e-05,0.030651
10,351,1112,-8.3744e-07,0.01959
10,1039,1112,2.5878e-07,0.031947
10,1111,1112,-2.0168e-05,0.029163
10,1055,1113,-6.283e-07,0.01701
10,1298,1113,-5.2625e-06,0.014211
10,1551,1113,-6.9915e-06,0.022809
10,174,1115,-2.2325e-06,0.015787
10,573,1115,-1.7007e-06,0.013916
10,779,1115,-2.1123e-07,0.022026
10,734,1117,6.6058e-07,0.012962
10,1524,1117,-1.1548e-06,0.027277
10,1629,1117,7.8496e-06,0.013722
10,899,1122,-1.4463e-06,0.013649
10,1187,1122,1.9214e-07,0.011455
10,235,1123,-1.1349e-06,0.010553
10,461,1123,-8.2837e-06,0.028469
10,1042,1123,-1.2072e-07,0.014566
10,1213,1123,5.8002e-06,0.029653
10,290,1124,-3.7876e-06,0.019378
10,352,1124,1.0244e-05,0.023106
10,1291,1124,-0.014235,0.025384
10,1389,1124,1.2754e-05,0.027531
10,1463,1124,-2.5473e-06,0.021637
10,1038,1125,-4.5078e-07,0.011526
10,1055,1125,-4.4807e-07,0.011603
10,1320,1126,-6.0216e-06,0.016867
10,1450,1126,-1.5218e-05,0.017601
10,1560,1126,6.9007e-06,0.016299
10,1683,1126,-9.9439e-07,0.011048
10,689,1129,3.7874e-06,0.028059
10,918,1129,1.3761e-06,0.03415
10,1436,1130,1.7527e-06,0.014493
10,1260,1131,9.9262e-06,0.01756
10,1012,1132,4.8378e-06,0.01748
10,1289,1132,-6.8913e-06,0.027586
10,1303,1132,1.4574e-06,0.022258
10,1380,1132,1.2336e-05,0.02505
10,1660,1132,5.776e-06,0.012816
10,674,1133,2.1887e-06,0.014743
10,1443,1134,-3.1278e-06,0.019176
10,1500,1134,2.3837e-07,0.010063
10,1674,1134,-4.1143e-07,0.010231
10,1503,1135,-1.6589e-06,0.019227
10,1520,1135,-3.1844e-06,0.013536
10,1642,1135,-4.3965e-07,0.010261
10,274,1137,3.0921e-07,0.013166
10,262,1138,0.0016902,0.010406
10,347,1138,4.4583e-07,0.014668
10,724,1138,3.7169e-07,0.026745
10,1192,1141,7.0279e-06,0.010734
10,1289,1141,3.9459e-06,0.026049
10,1479,1141,-3.535e-06,0.019613
10,875,1142,8.6593e-06,0.026817
10,1470,1142,3.839e-06,0.017609
10,1471,1142,1.0914e-06,0.020682
10,645,1143,-5.7975e-06,0.01677
10,1085,1143,1.9663e-06,0.020689
10,1191,1144,7.8062e-07,0.012431
10,1407,1144,4.178e-06,0.017403
10,1512,1144,2.5625e-06,0.023053
10,266,1145,-2.7781e-06,0.019425
10,421,1145,1.6392e-06,0.011709
10,466,1145,-7.2919e-07,0.010638
10,544,1145,-8.4512e-07,0.013834
10,327,1146,0.00207,0.01302
10,831,1146,4.9363e-07,0.01113
10,894,1146,-0.0013118,0.011535
10,1281,1146,0.00063743,0.012026
10,917,1147,7.8534e-07,0.011245
10,1074,1147,2.1568e-07,0.018754
10,971,1151,6.4614e-07,0.015301
10,1181,1151,4.1757e-07,0.016553
10,838,1154,-8.8832e-08,0.01159
10,1100,1154,3.1112e-07,0.01049
10,1194,1156,1.1127e-06,0.013553
10,1574,1156,1.1265e-06,0.017843
10,1187,1157,-1.2526e-06,0.028676
10,1308,1157,-3.4675e-07,0.016042
10,459,1159,-7.5679e-08,0.010922
10,669,1162,3.5388e-07,0.01143
10,1297,1162,-3.4734e-07,0.011671
10,1446,1165,-2.0108e-05,0.023729
10,1609,1165,-3.0963e-05,0.01099
10,224,1167,4.5699e-07,0.01963
10,282,1167,-2.3248e-07,0.018486
10,349,1167,-1.6409e-06,0.010126
10,569,1167,-3.1765e-06,0.018069
10,256,1168,-9.6608e-07,0.010951
10,794,1168,-1.4876e-05,0.013145
10,810,1168,-3.318e-07,0.014735
10,1063,1168,7.1003e-06,0.01042
10,745,1169,-3.7258e-06,0.015919
10,1270,1169,-4.3511e-06,0.011509
10,875,1171,4.0955e-06,0.044291
10,962,1171,5.9985e-06,0.011743
10,1010,1171,2.0697e-05,0.025542
10,1099,1171,-2.827e-06,0.030702
10,1375,1172,-9.1903e-06,0.027944
10,1473,1172,-5.6601e-06,0.022481
10,1609,1172,-4.1694e-05,0.011088
10,1047,1173,4.6905e-06,0.014841
10,1429,1173,1.7487e-06,0.015755
10,1520,1173,-4.603e-06,0.018806
10,856,1174,-1.4588e-06,0.016758
10,1617,1174,2.2306e-07,0.012478
10,327,1179,-0.002106,0.013235
10,1431,1179,-3.1882e-06,0.01571
10,927,1181,1.3085e-06,0.013462
10,1039,1181,3.3344e-07,0.017103
10,1151,1181,4.1757e-07,0.016553
10,131,1183,-0.0017026,0.017513
10,914,1183,0.00062458,0.020968
10,1090,1184,4.2395e-06,0.029911
10,1208,1184,-2.9049e-06,0.015394
10,1468,1184,-3.3061e-06,0.016644
10,810,1186,0.0026618,0.020462
10,951,1186,-0.0018644,0.015831
10,1122,1187,1.9214e-07,0.011455
10,1157,1187,-1.2526e-06,0.028676
10,1501,1187,-7.9083e-07,0.022068
10,1059,1188,-1.5052e-05,0.019836
10,1679,1188,-6.2568e-07,0.010735
10,1001,1191,1.6367e-06,0.017275
10,1144,1191,7.8062e-07,0.012431
10,1388,1191,5.1877e-06,0.013075
10,540,1192,-3.1006e-07,0.023808
10,1079,1192,5.6421e-06,0.021984
10,1141,1192,7.0279e-06,0.010734
10,1660,1192,3.5947e-06,0.012377
10,1082,1194,0.0016876,0.010859
10,1156,1194,1.1127e-06,0.013553
10,159,1197,1.8201e-06,0.015797
10,634,1197,3.7651e-07,0.01151
10,1046,1198,7.3869e-06,0.030494
10,1370,1198,-1.2634e-07,0.016422
10,435,1199,0,0.024037
10,1307,1199,0,0.029628
10,687,1200,0.00025753,0.07344
10,891,1200,3.3584e-05,0.041954
10,1345,1200,0,0.050493
10,1010,1203,1.7599e-08,0.017953
10,1679,1203,-2.184e-06,0.014125
10,1366,1204,0.0056077,0.0095569
10,1012,1206,-2.8657e-06,0.013387
10,1483,1206,4.4689e-07,0.015778
10,1464,1207,3.4427e-06,0.010389
10,1626,1207,-2.2009e-07,0.011066
10,1184,1208,-2.9049e-06,0.015394
10,1028,1210,1.9809e-06,0.017209
10,1030,1210,-9.8308e-08,0.01926
10,431,1212,-4.3994e-06,0.018781
10,707,1212,-7.804e-07,0.020767
10,788,1213,5.9315e-09,0.017298
10,798,1213,4.3756e-06,0.027558
10,1123,1213,5.8002e-06,0.029653
10,977,1216,1.4761e-06,0.017271
10,1363,1216,-4.5233e-07,0.013389
10,1237,1217,-1.8013e-06,0.024057
10,1326,1217,-1.5735e-06,0.029466
10,848,1218,2.46e-06,0.011855
10,1538,1219,-0.00619,0.013467
10,892,1220,-0.006004,0.016043
10,971,1220,2.1128e-06,0.018018
10,1455,1220,-4.8625e-06,0.020881
10,674,1221,0,0.010627
10,1079,1222,-3.0087e-06,0.020404
10,1267,1222,-0.0034961,0.018116
10,1418,1222,1.7688e-06,0.016976
10,1511,1223,-3.6091e-06,0.015733
10,780,1224,-9.7628e-05,0.02031
10,842,1224,-3.4885e-05,0.02769
10,1059,1224,5.5736e-06,0.046067
10,1350,1224,-0.00029924,0.023523
10,707,1225,0.0046277,0.018245
10,1102,1225,-0.0028115,0.011082
10,1288,1226,-1.0692e-06,0.02014
10,1369,1226,1.5751e-06,0.023089
10,1370,1229,5.6252e-07,0.01186
10,1302,1230,1.5724e-06,0.013263
10,1436,1230,2.3872e-06,0.016905
10,1465,1236,7.3029e-06,0.012526
10,1478,1236,9.2789e-07,0.022239
10,1582,1236,5.4795e-06,0.020231
10,1671,1236,-4.025e-06,0.024955
10,1217,1237,-1.8013e-06,0.024057
10,1302,1237,3.03e-06,0.024097
10,630,1238,2.1599e-06,0.014374
10,880,1238,7.9536e-06,0.025024
10,1270,1238,-5.0228e-07,0.012677
10,1310,1238,-3.8696e-07,0.011336
10,1498,1238,1.2191e-06,0.017642
10,458,1240,1.5351e-06,0.012565
10,569,1240,7.0925e-06,0.017375
10,658,1240,2.562e-06,0.011705
10,1052,1240,-0.00097446,0.022954
10,1279,1240,4.504e-06,0.020685
10,973,1241,2.2882e-07,0.016304
10,1290,1241,4.5999e-06,0.017769
10,1316,1241,-1.7879e-06,0.014347
10,1614,1241,2.58e-06,0.025529
10,1303,1253,-1.293e-06,0.01109
10,1354,1255,-6.1827e-08,0.011942
10,262,1257,-0.0016323,0.010034
10,526,1258,4.9431e-07,0.014211
10,1411,1258,1.4509e-08,0.012251
10,880,1259,-1.0521e-06,0.017532
10,1309,1259,-6.413e-07,0.020028
10,1425,1259,-2.6719e-06,0.010757
10,362,1260,9.6156e-06,0.029789
10,490,1260,-8.7969e-06,0.028395
10,728,1260,1.1257e-05,0.020343
10,1064,1260,4.3071e-06,0.015494
10,1131,1260,9.9262e-06,0.01756
10,1528,1262,-3.7131e-06,0.025993
10,1561,1262,1.6686e-07,0.025307
10,1321,1265,6.7187e-09,0.010319
10,1033,1267,0.0044284,0.022955
10,1222,1267,-0.0034961,0.018116
10,473,1268,-5.3551e-06,0.016082
10,679,1268,1.0608e-06,0.010571
10,1322,1268,-0.001096,0.011666
10,600,1270,2.5699e-07,0.017725
10,880,1270,-2.5937e-06,0.024957
10,1169,1270,-4.3511e-06,0.011509
10,1238,1270,-5.0228e-07,0.012677
10,838,1271,-1.0488e-06,0.017714
10,1076,1271,2.639e-06,0.014163
10,1533,1271,-2.1462e-06,0.018538
10,1385,1273,6.2858e-07,0.013335
10,1347,1275,-3.2107e-06,0.012486
10,1487,1275,-3.6339e-06,0.010596
10,1653,1275,2.9892e-06,0.01324
10,658,1279,-3.0603e-07,0.023105
10,1240,1279,4.504e-06,0.020685
10,1314,1279,-0.0018869,0.014143
10,1380,1279,-7.425e-06,0.021908
10,1553,1280,-2.949e-06,0.013398
10,1599,1280,4.8019e-07,0.03005
10,1612,1280,-9.0041e-06,0.015612
10,1146,1281,0.00063743,0.012026
10,473,1282,-6.1485e-06,0.018157
10,1292,1284,0.00086953,0.011922
10,1461,1284,-2.4099e-06,0.016322
10,1578,1284,1.9116e-06,0.018138
10,1603,1284,-1.5611e-05,0.014809
10,1783,1284,0.0038743,0.013026
10,1111,1288,-4.1365e-07,0.027706
10,1226,1288,-1.0692e-06,0.02014
10,1132,1289,-6.8913e-06,0.027586
10,1141,1289,3.9459e-06,0.026049
10,1303,1289,3.7111e-07,0.01783
10,1374,1289,1.5287e-05,0.014292
10,1241,1290,4.5999e-06,0.017769
10,1445,1290,-4.9977e-06,0.021595
10,1640,1290,1.2438e-05,0.023868
10,352,1291,0.010475,0.018668
10,1124,1291,-0.014235,0.025384
10,1284,1292,0.00086953,0.011922
10,1493,1292,-0.0011056,0.015136
10,1564,1293,-4.5188e-07,0.010834
10,795,1295,9.0793e-08,0.010269
10,669,1297,2.4579e-06,0.014065
10,1162,1297,-3.4734e-07,0.011671
10,1437,1297,2.4313e-07,0.01388
10,1616,1297,-2.3767e-07,0.011003
10,595,1298,5.4258e-06,0.018778
10,784,1298,-0.0045434,0.013121
10,1113,1298,-5.2625e-06,0.014211
10,383,1299,1.0813e-06,0.011486
10,579,1299,-2.1982e-07,0.016965
10,842,1299,8.4303e-06,0.026714
10,1085,1299,-3.2992e-06,0.027077
10,1431,1301,-4.0542e-07,0.010223
10,1230,1302,1.5724e-06,0.013263
10,1237,1302,3.03e-06,0.024097
10,1320,1302,-3.8103e-06,0.029162
10,1436,1302,1.7979e-05,0.026212
10,1012,1303,6.7642e-06,0.024563
10,1098,1303,-2.3636e-06,0.016934
10,1132,1303,1.4574e-06,0.022258
10,1253,1303,-1.293e-06,0.01109
10,1289,1303,3.7111e-07,0.01783
10,1374,1303,4.5181e-07,0.02457
10,1046,1305,0.0021594,0.038078
10,1522,1305,-0.0031869,0.05725
10,929,1307,-1.8489e-06,0.022465
10,1199,1307,0,0.029628
10,1676,1307,-8.5476e-07,0.021434
10,596,1308,3.854e-07,0.01455
10,859,1308,-9.0653e-07,0.016586
10,899,1308,-1.1969e-06,0.010475
10,1157,1308,-3.4675e-07,0.016042
10,1259,1309,-6.413e-07,0.020028
10,1484,1309,0,0.023941
10,979,1310,1.9924e-07,0.010222
10,1004,1310,0.0016613,0.015373
10,1238,1310,-3.8696e-07,0.011336
10,965,1313,0.0011015,0.012446
10,1061,1313,-2.8481e-06,0.018865
10,1454,1313,8.0317e-06,0.026815
10,1012,1314,0.0022468,0.016845
10,1279,1314,-0.0018869,0.014143
10,334,1315,3.4155e-06,0.015217
10,619,1315,1.7728e-06,0.021105
10,655,1315,1.3787e-05,0.021969
10,1108,1315,-1.6464e-06,0.019619
10,1241,1316,-1.7879e-06,0.014347
10,1388,1316,-3.9974e-06,0.013954
10,1445,1316,4.9014e-06,0.021926
10,1508,1316,-3.7856e-06,0.023847
10,1326,1319,-4.4089e-06,0.010129
10,1126,1320,-6.0216e-06,0.016867
10,1302,1320,-3.8103e-06,0.029162
10,1450,1320,3.4315e-06,0.032954
10,1560,1320,-4.3083e-05,0.01218
10,1265,1321,6.7187e-09,0.010319
10,1268,1322,-0.001096,0.011666
10,101,1325,-9.2828e-07,0.010561
10,1526,1325,-0.0054104,0.011305
10,1217,1326,-1.5735e-06,0.029466
10,1319,1326,-4.4089e-06,0.010129
10,1471,1326,-5.5285e-06,0.022509
10,1511,1326,-1.1734e-05,0.013512
10,915,1330,0,0.033718
10,989,1330,0,0.012342
10,911,1335,1.1801e-05,0.020506
10,1347,1335,-1.2292e-07,0.017638
10,1390,1335,-1.1834e-06,0.01328
10,651,1336,-1.0787e-06,0.01879
10,1087,1336,-1.8135e-06,0.027777
10,1427,1337,-1.1638e-05,0.021392
10,1515,1337,-1.9392e-06,0.011719
10,1524,1339,-0.0042971,0.025312
10,974,1340,-2.0909e-07,0.012151
10,1564,1340,2.2038e-07,0.011653
10,686,1341,0,0.024406
10,921,1341,0,0.018499
10,977,1343,2.2362e-07,0.010273
10,1031,1343,3.9488e-07,0.012343
10,1437,1343,-2.2602e-07,0.018045
10,1200,1345,0,0.050493
10,1430,1345,0,0.065574
10,1275,1347,-3.2107e-06,0.012486
10,1335,1347,-1.2292e-07,0.017638
10,1463,1348,0.002443,0.026043
10,1466,1348,0.0004326,0.021754
10,1224,1350,-0.00029924,0.023523
10,1629,1353,-2.6177e-05,0.036928
10,1255,1354,-6.1827e-08,0.011942
10,1019,1355,0.00067131,0.014402
10,1495,1358,-9.6927e-06,0.014118
10,1527,1358,1.3687e-06,0.020162
10,1672,1358,2.3579e-05,0.018728
10,1424,1360,-3.502e-06,0.035192
10,1607,1360,1.6356e-06,0.024164
10,1703,1360,1.6869e-05,0.051349
10,1736,1360,3.8413e-07,0.011854
10,696,1362,-0.0034601,0.0089074
10,1419,1362,-9.4643e-07,0.010633
10,1428,1362,-7.1236e-07,0.014613
10,1517,1362,0.0018435,0.021273
10,522,1363,5.6672e-07,0.013375
10,803,1363,6.7852e-07,0.01249
10,1216,1363,-4.5233e-07,0.013389
10,1006,1364,-5.6951e-06,0.01087
10,1551,1364,-2.2267e-06,0.013706
10,248,1366,-9.6449e-07,0.016514
10,1204,1366,0.0056077,0.0095569
10,1525,1366,-2.5271e-06,0.013391
10,1494,1367,0.002597,0.034595
10,1601,1367,-0.0024927,0.033394
10,885,1369,3.2719e-06,0.010381
10,1226,1369,1.5751e-06,0.023089
10,1537,1369,5.5409e-07,0.016049
10,862,1370,3.4638e-06,0.015214
10,1198,1370,-1.2634e-07,0.016422
10,1229,1370,5.6252e-07,0.01186
10,559,1371,0.00082817,0.018039
10,732,1371,-0.0011652,0.02536
10,1098,1374,1.3556e-05,0.024997
10,1289,1374,1.5287e-05,0.014292
10,1303,1374,4.5181e-07,0.02457
10,1510,1374,-5.7512e-06,0.036948
10,1172,1375,-9.1903e-06,0.027944
10,1522,1375,5.9685e-05,0.052339
10,1537,1375,-8.4814e-06,0.024029
10,1609,1375,-3.3152e-05,0.059021
10,1512,1376,-3.4216e-07,0.013933
10,265,1378,1.0598e-07,0.017088
10,876,1378,-1.6635e-06,0.011014
10,1132,1380,1.2336e-05,0.02505
10,1279,1380,-7.425e-06,0.021908
10,947,1382,1.6058e-06,0.010892
10,1727,1382,-3.6891e-07,0.01155
10,1427,1384,2.4174e-05,0.035063
10,1601,1384,-1.4402e-05,0.031299
10,1642,1384,-1.1334e-06,0.020083
10,687,1385,-2.5731e-05,0.065473
10,1273,1385,6.2858e-07,0.013335
10,1449,1386,-1.1516e-06,0.010018
10,1191,1388,5.1877e-06,0.013075
10,1316,1388,-3.9974e-06,0.013954
10,1124,1389,1.2754e-05,0.027531
10,1399,1389,-0.0082834,0.015688
10,669,1390,2.9654e-07,0.0134
10,1335,1390,-1.1834e-06,0.01328
10,947,1393,1.8075e-08,0.013157
10,1503,1396,-1.4485e-06,0.015941
10,490,1398,0.0042228,0.025845
10,1010,1398,-0.0035948,0.022015
10,939,1399,0.0066044,0.012511
10,1389,1399,-0.0082834,0.015688
10,1438,1400,1.1503e-05,0.021558
10,1454,1400,-1.1893e-05,0.030285
10,1532,1400,8.6951e-07,0.012961
10,623,1401,-1.5315e-07,0.013482
10,850,1401,-1.9825e-06,0.010666
10,1087,1401,-3.8841e-06,0.020863
10,643,1405,2.2228e-06,0.016078
10,1144,1407,4.178e-06,0.017403
10,1530,1407,1.0834e-06,0.012622
10,1533,1407,-3.4774e-07,0.012044
10,1043,1410,8.2616e-07,0.022683
10,1065,1410,3.5982e-06,0.014118
10,1258,1411,1.4509e-08,0.012251
10,1741,1411,0,0.014525
10,1593,1414,-7.3706e-05,0.013636
10,1495,1417,0.0035177,0.028924
10,1632,1417,0,0.03129
10,1222,1418,1.7688e-06,0.016976
10,1430,1418,0,0.026266
10,1362,1419,-9.4643e-07,0.010633
10,510,1422,0.00034083,0.01342
10,571,1422,-0.00030103,0.011821
10,1360,1424,-3.502e-06,0.035192
10,1599,1424,5.7642e-06,0.031644
10,880,1425,1.6364e-08,0.01002
10,1259,1425,-2.6719e-06,0.010757
10,1036,1427,-1.2065e-05,0.032101
10,1337,1427,-1.1638e-05,0.021392
10,1384,1427,2.4174e-05,0.035063
10,974,1428,9.2711e-07,0.021117
10,1362,1428,-7.1236e-07,0.014613
10,1173,1429,1.7487e-06,0.015755
10,1503,1429,-1.418e-05,0.029037
10,1520,1429,1.4038e-05,0.022042
10,1631,1429,1.6104e-05,0.032047
10,1345,1430,0,0.065574
10,1418,1430,0,0.026266
10,1632,1430,0,0.080437
10,1019,1431,5.8369e-06,0.017932
10,1179,1431,-3.1882e-06,0.01571
10,1301,1431,-4.0542e-07,0.010223
10,1479,1434,1.3313e-05,0.018928
10,1495,1434,-4.6124e-06,0.03133
10,1510,1434,-1.2655e-05,0.037386
10,1130,1436,1.7527e-06,0.014493
10,1230,1436,2.3872e-06,0.016905
10,1302,1436,1.7979e-05,0.026212
10,1490,1436,-4.6842e-06,0.021301
10,1557,1436,-2.1869e-06,0.027644
10,977,1437,9.085e-07,0.016481
10,1297,1437,2.4313e-07,0.01388
10,1343,1437,-2.2602e-07,0.018045
10,1442,1437,-5.8842e-07,0.012565
10,1616,1437,-4.5344e-07,0.01402
10,917,1438,-3.0522e-06,0.018014
10,1400,1438,1.1503e-05,0.021558
10,1514,1438,-3.9826e-06,0.013857
10,997,1441,-0.0053017,0.024838
10,998,1441,1.6544e-06,0.01997
10,1570,1441,3.225e-06,0.01422
10,1617,1441,5.2402e-06,0.018024
10,977,1442,1.256e-06,0.014826
10,1437,1442,-5.8842e-07,0.012565
10,1559,1442,0,0.011311
10,1134,1443,-3.1278e-06,0.019176
10,1446,1443,7.3984e-06,0.046672
10,1482,1443,-3.0334e-06,0.017507
10,167,1444,0.013894,0.028354
10,284,1444,-0.0081769,0.016693
10,1290,1445,-4.9977e-06,0.021595
10,1316,1445,4.9014e-06,0.021926
10,1512,1445,-2.7671e-06,0.023133
10,1165,1446,-2.0108e-05,0.023729
10,1443,1446,7.3984e-06,0.046672
10,1606,1446,3.7346e-06,0.068084
10,1609,1446,-7.9663e-05,0.041783
10,724,1447,0.0021456,0.029549
10,1522,1447,-0.0022388,0.031547
10,1386,1449,-1.1516e-06,0.010018
10,1485,1449,4.9915e-07,0.015037
10,1126,1450,-1.5218e-05,0.017601
10,1320,1450,3.4315e-06,0.032954
10,1486,1450,-9.0134e-06,0.015189
10,1521,1450,-2.6217e-05,0.026816
10,1523,1451,0.0003331,0.012942
10,1651,1451,-4.829e-06,0.025665
10,1718,1451,0,0.024275
10,1553,1452,-0.00071333,0.016145
10,1313,1454,8.0317e-06,0.026815
10,1400,1454,-1.1893e-05,0.030285
10,1483,1454,5.6225e-06,0.022397
10,951,1455,-0.00014013,0.011616
10,1220,1455,-4.8625e-06,0.020881
10,998,1457,9.2259e-07,0.013127
10,1088,1457,1.0829e-06,0.011055
10,1284,1461,-2.4099e-06,0.016322
10,1484,1461,0,0.036689
10,1507,1461,-9.9152e-09,0.012316
10,1603,1461,4.5245e-06,0.035765
10,642,1462,0.0087027,0.031675
10,809,1462,-0.01204,0.043836
10,352,1463,-1.6839e-05,0.014607
10,1058,1463,-0.0023658,0.0261
10,1065,1463,-1.0692e-05,0.02582
10,1124,1463,-2.5473e-06,0.021637
10,1348,1463,0.002443,0.026043
10,1207,1464,3.4427e-06,0.010389
10,1544,1464,8.6143e-06,0.03004
10,1560,1464,2.8785e-07,0.022096
10,1683,1464,3.775e-06,0.014296
10,1236,1465,7.3029e-06,0.012526
10,1621,1465,-3.356e-06,0.04287
10,1671,1465,-1.2151e-06,0.046443
10,1348,1466,0.0004326,0.021754
10,1676,1466,-0.0024536,0.021552
10,1004,1468,-0.0015023,0.013908
10,1184,1468,-3.3061e-06,0.016644
10,1478,1469,9.1416e-07,0.012418
10,490,1470,1.0402e-05,0.014772
10,728,1470,3.5558e-06,0.023607
10,1107,1470,1.4667e-06,0.010946
10,1142,1470,3.839e-06,0.017609
10,1142,1471,1.0914e-06,0.020682
10,1326,1471,-5.5285e-06,0.022509
10,1767,1472,0,0.014345
10,1172,1473,-5.6601e-06,0.022481
10,1542,1473,5.9326e-06,0.02363
10,1688,1475,-2.6918e-07,0.021082
10,1708,1475,2.5418e-06,0.022046
10,1735,1475,-1.872e-06,0.020516
10,866,1476,0.0026843,0.024144
10,1047,1476,-0.0021295,0.019169
10,1535,1477,-6.9039e-06,0.03712
10,1542,1477,4.9687e-06,0.037481
10,1002,1478,7.0884e-08,0.011675
10,1090,1478,-7.9977e-06,0.025759
10,1236,1478,9.2789e-07,0.022239
10,1469,1478,9.1416e-07,0.012418
10,1578,1478,3.7063e-06,0.017523
10,1582,1478,6.4933e-08,0.014396
10,1079,1479,-7.7098e-07,0.015642
10,1141,1479,-3.535e-06,0.019613
10,1434,1479,1.3313e-05,0.018928
10,1443,1482,-3.0334e-06,0.017507
10,1773,1482,0,0.013334
10,1110,1483,-1.1763e-07,0.024987
10,1206,1483,4.4689e-07,0.015778
10,1454,1483,5.6225e-06,0.022397
10,1309,1484,0,0.023941
10,1461,1484,0,0.036689
10,1682,1484,0,0.048204
10,1449,1485,4.9915e-07,0.015037
10,1712,1485,0,0.014425
10,1450,1486,-9.0134e-06,0.015189
10,1521,1486,3.6605e-06,0.012935
10,1602,1486,-1.8383e-06,0.016603
10,1275,1487,-3.6339e-06,0.010596
10,1098,1488,-7.0251e-06,0.023746
10,1556,1488,7.1124e-06,0.013535
10,795,1489,-1.3175e-07,0.011479
10,884,1490,-1.1317e-07,0.012699
10,1436,1490,-4.6842e-06,0.021301
10,1557,1490,1.4217e-06,0.012637
10,1037,1492,-4.0291e-08,0.027238
10,1515,1492,-2.1677e-06,0.01968
10,1292,1493,-0.0011056,0.015136
10,1552,1493,-2.6342e-06,0.010851
10,1582,1493,-8.2501e-06,0.015508
10,1586,1493,-1.2288e-05,0.02888
10,1621,1493,8.7087e-06,0.021021
10,1367,1494,0.002597,0.034595
10,1651,1494,1.9387e-06,0.035273
10,1697,1494,5.745e-06,0.014946
10,1358,1495,-9.6927e-06,0.014118
10,1417,1495,0.0035177,0.028924
10,1434,1495,-4.6124e-06,0.03133
10,1556,1496,2.4227e-06,0.011046
10,1587,1496,9.4961e-09,0.010041
10,334,1498,1.7916e-06,0.010934
10,586,1498,-5.7454e-07,0.021233
10,1238,1498,1.2191e-06,0.017642
10,1134,1500,2.3837e-07,0.010063
10,821,1501,4.9603e-06,0.015476
10,985,1501,3.5498e-06,0.023805
10,1187,1501,-7.9083e-07,0.022068
10,690,1502,3.4527e-06,0.037079
10,905,1502,-4.6063e-06,0.011909
10,1563,1502,6.5155e-06,0.05283
10,1135,1503,-1.6589e-06,0.019227
10,1396,1503,-1.4485e-06,0.015941
10,1429,1503,-1.418e-05,0.029037
10,1715,1503,2.6192e-05,0.033344
10,642,1504,-1.2315e-06,0.027123
10,1511,1504,2.759e-06,0.029279
10,1529,1504,3.068e-06,0.014495
10,1461,1507,-9.9152e-09,0.012316
10,929,1508,8.5047e-07,0.013297
10,973,1508,-1.3645e-06,0.013698
10,1316,1508,-3.7856e-06,0.023847
10,1374,1510,-5.7512e-06,0.036948
10,1434,1510,-1.2655e-05,0.037386
10,1672,1510,3.2528e-05,0.037098
10,541,1511,-3.4489e-06,0.013487
10,1107,1511,-3.0335e-06,0.015881
10,1223,1511,-3.6091e-06,0.015733
10,1326,1511,-1.1734e-05,0.013512
10,1504,1511,2.759e-06,0.029279
10,1144,1512,2.5625e-06,0.023053
10,1376,1512,-3.4216e-07,0.013933
10,1445,1512,-2.7671e-06,0.023133
10,1594,1512,1.0932e-06,0.014945
10,1656,1513,4.9362e-06,0.02099
10,1708,1513,1.665e-06,0.024185
10,556,1514,1.656e-06,0.019696
10,1438,1514,-3.9826e-06,0.013857
10,1337,1515,-1.9392e-06,0.011719
10,1492,1515,-2.1677e-06,0.01968
10,1601,1515,1.1949e-05,0.034271
10,1362,1517,0.0018435,0.021273
10,1593,1517,-0.0014464,0.016678
10,855,1519,-2.1067e-07,0.011572
10,1544,1519,-1.2086e-05,0.027812
10,1612,1519,1.0952e-05,0.037956
10,1047,1520,-8.7992e-06,0.020805
10,1135,1520,-3.1844e-06,0.013536
10,1173,1520,-4.603e-06,0.018806
10,1429,1520,1.4038e-05,0.022042
10,1571,1520,-1.6425e-06,0.021177
10,1450,1521,-2.6217e-05,0.026816
10,1486,1521,3.6605e-06,0.012935
10,1576,1521,-0.0042633,0.010392
10,1688,1521,1.2564e-05,0.024537
10,1305,1522,-0.0031869,0.05725
10,1375,1522,5.9685e-05,0.052339
10,1447,1522,-0.0022388,0.031547
10,1537,1522,4.4821e-05,0.012607
10,1451,1523,0.0003331,0.012942
10,1117,1524,-1.1548e-06,0.027277
10,1339,1524,-0.0042971,0.025312
10,1629,1524,-1.9698e-05,0.050883
10,1043,1525,-1.3366e-06,0.010559
10,1366,1525,-2.5271e-06,0.013391
10,1574,1525,5.5947e-06,0.016046
10,426,1526,0.0050746,0.010596
10,1325,1526,-0.0054104,0.011305
10,1358,1527,1.3687e-06,0.020162
10,1664,1527,0.0043806,0.027131
10,846,1528,3.6071e-06,0.024686
10,1262,1528,-3.7131e-06,0.025993
10,690,1529,-4.5865e-05,0.01533
10,728,1529,1.1503e-06,0.021375
10,1504,1529,3.068e-06,0.014495
10,1407,1530,1.0834e-06,0.012622
10,953,1531,-9.8732e-06,0.011296
10,1099,1531,7.1298e-06,0.02356
10,1536,1531,6.3181e-06,0.021597
10,1400,1532,8.6951e-07,0.012961
10,1587,1532,1.4098e-08,0.010037
10,1271,1533,-2.1462e-06,0.018538
10,1407,1533,-3.4774e-07,0.012044
10,1477,1535,-6.9039e-06,0.03712
10,1561,1535,2.8411e-06,0.015777
10,1590,1535,1.2726e-06,0.031759
10,1742,1535,8.5913e-06,0.033877
10,1531,1536,6.3181e-06,0.021597
10,1649,1536,-1.7669e-05,0.024698
10,1369,1537,5.5409e-07,0.016049
10,1375,1537,-8.4814e-06,0.024029
10,1522,1537,4.4821e-05,0.012607
10,277,1538,0.0055726,0.022715
10,1219,1538,-0.00619,0.013467
10,985,1542,5.7217e-06,0.029019
10,1473,1542,5.9326e-06,0.02363
10,1477,1542,4.9687e-06,0.037481
10,1464,1544,8.6143e-06,0.03004
10,1519,1544,-1.2086e-05,0.027812
10,1617,1544,-1.7985e-06,0.024164
10,1593,1545,-1.9963e-06,0.017043
10,1678,1545,0,0.012912
10,1693,1549,0,0.018867
10,1556,1550,2.7595e-06,0.023441
10,1695,1550,0,0.026722
10,1006,1551,6.2574e-06,0.022697
10,1113,1551,-6.9915e-06,0.022809
10,1364,1551,-2.2267e-06,0.013706
10,1493,1552,-2.6342e-06,0.010851
10,1628,1552,2.6451e-07,0.014109
10,1694,1552,-1.3123e-05,0.02901
10,1088,1553,8.7979e-06,0.028059
10,1280,1553,-2.949e-06,0.013398
10,1452,1553,-0.00071333,0.016145
10,1599,1553,-1.7733e-05,0.022842
10,1692,1555,0,0.051884
10,1703,1555,-2.2941e-05,0.056073
10,1734,1555,1.294e-05,0.015845
10,1110,1556,-1.1179e-06,0.025488
10,1488,1556,7.1124e-06,0.013535
10,1496,1556,2.4227e-06,0.011046
10,1550,1556,2.7595e-06,0.023441
10,850,1557,-2.2579e-06,0.013233
10,1436,1557,-2.1869e-06,0.027644
10,1490,1557,1.4217e-06,0.012637
10,1442,1559,0,0.011311
10,1126,1560,6.9007e-06,0.016299
10,1320,1560,-4.3083e-05,0.01218
10,1464,1560,2.8785e-07,0.022096
10,1262,1561,1.6686e-07,0.025307
10,1535,1561,2.8411e-06,0.015777
10,1610,1561,1.2242e-06,0.027229
10,1575,1562,-1.868e-06,0.014986
10,1657,1562,5.9566e-06,0.037864
10,1688,1562,-2.4764e-06,0.021947
10,1735,1562,-6.773e-07,0.013015
10,642,1563,-2.003e-05,0.012131
10,690,1563,-6.3755e-05,0.050276
10,1502,1563,6.5155e-06,0.05283
10,1293,1564,-4.5188e-07,0.010834
10,1340,1564,2.2038e-07,0.011653
10,1658,1565,6.1595e-07,0.011554
10,1746,1565,0,0.01048
10,1590,1568,0,0.032165
10,1015,1570,-1.2939e-07,0.017053
10,1441,1570,3.225e-06,0.01422
10,1617,1570,-1.8043e-07,0.014973
10,830,1571,-2.7249e-07,0.019039
10,1047,1571,7.2888e-07,0.010469
10,1520,1571,-1.6425e-06,0.021177
10,1043,1574,5.9919e-07,0.016804
10,1156,1574,1.1265e-06,0.017843
10,1525,1574,5.5947e-06,0.016046
10,1661,1574,-3.188e-06,0.023011
10,1562,1575,-1.868e-06,0.014986
10,1645,1575,-1.2721e-06,0.012017
10,1649,1575,-8.7083e-06,0.017726
10,1521,1576,-0.0042633,0.010392
10,1626,1577,-6.7719e-07,0.013508
10,1090,1578,-2.081e-06,0.02001
10,1284,1578,1.9116e-06,0.018138
10,1478,1578,3.7063e-06,0.017523
10,1582,1578,2.6449e-07,0.018733
10,1603,1578,-1.266e-05,0.019251
10,1236,1582,5.4795e-06,0.020231
10,1478,1582,6.4933e-08,0.014396
10,1493,1582,-8.2501e-06,0.015508
10,1578,1582,2.6449e-07,0.018733
10,1493,1586,-1.2288e-05,0.02888
10,1754,1586,0.0040202,0.023895
10,1496,1587,9.4961e-09,0.010041
10,1532,1587,1.4098e-08,0.010037
10,1535,1590,1.2726e-06,0.031759
10,1568,1590,0,0.032165
10,1606,1590,-1.6318e-05,0.042339
10,1414,1593,-7.3706e-05,0.013636
10,1517,1593,-0.0014464,0.016678
10,1545,1593,-1.9963e-06,0.017043
10,1512,1594,1.0932e-06,0.014945
10,1280,1599,4.8019e-07,0.03005
10,1424,1599,5.7642e-06,0.031644
10,1553,1599,-1.7733e-05,0.022842
10,801,1601,-0.0021243,0.013934
10,1367,1601,-0.0024927,0.033394
10,1384,1601,-1.4402e-05,0.031299
10,1515,1601,1.1949e-05,0.034271
10,1486,1602,-1.8383e-06,0.016603
10,1688,1602,-5.1446e-06,0.01007
10,1708,1602,-4.2183e-06,0.012972
10,1090,1603,-1.6195e-05,0.026916
10,1284,1603,-1.5611e-05,0.014809
10,1461,1603,4.5245e-06,0.035765
10,1578,1603,-1.266e-05,0.019251
10,1446,1606,3.7346e-06,0.068084
10,1590,1606,-1.6318e-05,0.042339
10,1648,1606,0,0.050694
10,1360,1607,1.6356e-06,0.024164
10,1614,1607,6.9583e-06,0.02156
10,1622,1607,8.1865e-06,0.010955
10,1165,1609,-3.0963e-05,0.01099
10,1172,1609,-4.1694e-05,0.011088
10,1375,1609,-3.3152e-05,0.059021
10,1446,1609,-7.9663e-05,0.041783
10,1561,1610,1.2242e-06,0.027229
10,1701,1610,0,0.028764
10,1088,1612,-8.6798e-06,0.027304
10,1280,1612,-9.0041e-06,0.015612
10,1519,1612,1.0952e-05,0.037956
10,1241,1614,2.58e-06,0.025529
10,1607,1614,6.9583e-06,0.02156
10,1019,1615,-9.0725e-06,0.020062
10,1670,1615,9.7708e-06,0.024395
10,1297,1616,-2.3767e-07,0.011003
10,1437,1616,-4.5344e-07,0.01402
10,884,1617,2.0653e-06,0.010604
10,1174,1617,2.2306e-07,0.012478
10,1441,1617,5.2402e-06,0.018024
10,1544,1617,-1.7985e-06,0.024164
10,1570,1617,-1.8043e-07,0.014973
10,794,1619,0.024387,0.045041
10,810,1619,-0.019538,0.036091
10,1465,1621,-3.356e-06,0.04287
10,1493,1621,8.7087e-06,0.021021
10,1694,1621,3.3942e-06,0.029846
10,1607,1622,8.1865e-06,0.010955
10,1640,1622,-3.8119e-06,0.029341
10,1650,1622,0.0028658,0.019778
10,973,1623,2.7923e-06,0.024578
10,1676,1623,-2.5894e-06,0.018782
10,1644,1624,0,0.017853
10,1207,1626,-2.2009e-07,0.011066
10,1577,1626,-6.7719e-07,0.013508
10,1552,1628,2.6451e-07,0.014109
10,1757,1628,0,0.020306
10,382,1629,5.512e-06,0.01683
10,1117,1629,7.8496e-06,0.013722
10,1353,1629,-2.6177e-05,0.036928
10,1524,1629,-1.9698e-05,0.050883
10,1429,1631,1.6104e-05,0.032047
10,1682,1631,-0.00017487,0.020783
10,1417,1632,0,0.03129
10,1430,1632,0,0.080437
10,1673,1632,0,0.10038
10,1653,1639,0,0.014352
10,1290,1640,1.2438e-05,0.023868
10,1622,1640,-3.8119e-06,0.029341
10,1647,1641,0,0.014991
10,1135,1642,-4.3965e-07,0.010261
10,1384,1642,-1.1334e-06,0.020083
10,1624,1644,0,0.017853
10,1575,1645,-1.2721e-06,0.012017
10,1649,1645,-6.7906e-06,0.035771
10,1657,1645,1.1152e-05,0.029525
10,1694,1645,1.8452e-05,0.030524
10,1706,1645,0.0032133,0.028292
10,1800,1645,0.0015841,0.010336
10,1641,1647,0,0.014991
10,1606,1648,0,0.050694
10,1536,1649,-1.7669e-05,0.024698
10,1575,1649,-8.7083e-06,0.017726
10,1645,1649,-6.7906e-06,0.035771
10,1694,1649,-1.8499e-05,0.020779
10,1622,1650,0.0028658,0.019778
10,1703,1650,-0.0034762,0.023939
10,1451,1651,-4.829e-06,0.025665
10,1494,1651,1.9387e-06,0.035273
10,1275,1653,2.9892e-06,0.01324
10,1639,1653,0,0.014352
10,1513,1656,4.9362e-06,0.02099
10,1721,1656,8.143e-05,0.024658
10,1562,1657,5.9566e-06,0.037864
10,1645,1657,1.1152e-05,0.029525
10,1735,1657,-1.5516e-06,0.027678
10,1777,1657,5.2984e-06,0.033146
10,1565,1658,6.1595e-07,0.011554
10,809,1659,0.025448,0.053456
10,1087,1659,-0.019982,0.041955
10,1060,1660,9.7381e-07,0.01085
10,1132,1660,5.776e-06,0.012816
10,1192,1660,3.5947e-06,0.012377
10,1088,1661,1.6318e-05,0.019588
10,1574,1661,-3.188e-06,0.023011
10,1527,1664,0.0043806,0.027131
10,1673,1664,-0.0073109,0.045513
10,1727,1667,0.001109,0.0099502
10,1729,1667,0,0.012216
10,1615,1670,9.7708e-06,0.024395
10,1763,1670,0,0.022966
10,1099,1671,7.7006e-06,0.035808
10,1236,1671,-4.025e-06,0.024955
10,1465,1671,-1.2151e-06,0.046443
10,1679,1671,6.8823e-06,0.030018
10,1358,1672,2.3579e-05,0.018728
10,1510,1672,3.2528e-05,0.037098
10,1693,1672,2.9333e-06,0.015735
10,1739,1672,0,0.045235
10,1632,1673,0,0.10038
10,1664,1673,-0.0073109,0.045513
10,1725,1673,0,0.0495
10,1134,1674,-4.1143e-07,0.010231
10,1307,1676,-8.5476e-07,0.021434
10,1466,1676,-0.0024536,0.021552
10,1623,1676,-2.5894e-06,0.018782
10,1725,1677,0,0.026022
10,1545,1678,0,0.012912
10,1059,1679,-1.8102e-05,0.047718
10,1188,1679,-6.2568e-07,0.010735
10,1203,1679,-2.184e-06,0.014125
10,1671,1679,6.8823e-06,0.030018
10,1484,1682,0,0.048204
10,1631,1682,-0.00017487,0.020783
10,1719,1682,0.0034914,0.04154
10,1126,1683,-9.9439e-07,0.011048
10,1464,1683,3.775e-06,0.014296
10,1475,1688,-2.6918e-07,0.021082
10,1521,1688,1.2564e-05,0.024537
10,1562,1688,-2.4764e-06,0.021947
10,1602,1688,-5.1446e-06,0.01007
10,1697,1689,0,0.030525
10,1555,1692,0,0.051884
10,1549,1693,0,0.018867
10,1672,1693,2.9333e-06,0.015735
10,1552,1694,-1.3123e-05,0.02901
10,1621,1694,3.3942e-06,0.029846
10,1645,1694,1.8452e-05,0.030524
10,1649,1694,-1.8499e-05,0.020779
10,1550,1695,0,0.026722
10,1494,1697,5.745e-06,0.014946
10,1689,1697,0,0.030525
10,1751,1697,0,0.010845
10,1719,1700,0,0.036017
10,1610,1701,0,0.028764
10,1360,1703,1.6869e-05,0.051349
10,1555,1703,-2.2941e-05,0.056073
10,1650,1703,-0.0034762,0.023939
10,1721,1703,-7.7868e-05,0.019566
10,1645,1706,0.0032133,0.028292
10,1743,1706,0,0.038926
10,1475,1708,2.5418e-06,0.022046
10,1513,1708,1.665e-06,0.024185
10,1602,1708,-4.2183e-06,0.012972
10,1752,1708,-3.1091e-06,0.017659
10,1763,1710,0,0.024934
10,1485,1712,0,0.014425
10,1503,1715,2.6192e-05,0.033344
10,1724,1715,0,0.038776
10,1451,1718,0,0.024275
10,1682,1719,0.0034914,0.04154
10,1700,1719,0,0.036017
10,1656,1721,8.143e-05,0.024658
10,1703,1721,-7.7868e-05,0.019566
10,1742,1722,0,0.040644
10,1715,1724,0,0.038776
10,1673,1725,0,0.0495
10,1677,1725,0,0.026022
10,1738,1725,0,0.095748
10,1382,1727,-3.6891e-07,0.01155
10,1667,1727,0.001109,0.0099502
10,1667,1729,0,0.012216
10,1555,1734,1.294e-05,0.015845
10,1475,1735,-1.872e-06,0.020516
10,1562,1735,-6.773e-07,0.013015
10,1657,1735,-1.5516e-06,0.027678
10,1777,1735,-2.0286e-06,0.010279
10,1360,1736,3.8413e-07,0.011854
10,1725,1738,0,0.095748
10,1672,1739,0,0.045235
10,1411,1741,0,0.014525
10,1535,1742,8.5913e-06,0.033877
10,1722,1742,0,0.040644
10,1706,1743,0,0.038926
10,1777,1745,0,0.026371
10,1565,1746,0,0.01048
10,1763,1748,0,0.014183
10,1697,1751,0,0.010845
10,1708,1752,-3.1091e-06,0.017659
10,1765,1752,0,0.017632
10,1754,1753,0,0.025063
10,1586,1754,0.0040202,0.023895
10,1753,1754,0,0.025063
10,1628,1757,0,0.020306
10,1670,1763,0,0.022966
10,1710,1763,0,0.024934
10,1748,1763,0,0.014183
10,1752,1765,0,0.017632
10,1769,1765,0,0.068993
10,1472,1767,0,0.014345
10,1765,1769,0,0.068993
10,1482,1773,0,0.013334
10,1657,1777,5.2984e-06,0.033146
10,1735,1777,-2.0286e-06,0.010279
10,1745,1777,0,0.026371
10,1284,1783,0.0038743,0.013026
10,1645,1800,0.0015841,0.010336
18,783,13,0.001985,0.012096
18,960,13,-0.0086247,0.01553
18,695,16,0.0047978,0.0093547
18,278,35,-0.0068757,0.011156
18,149,61,-1.3145e-08,0.012426
18,443,61,-3.0406e-08,0.011569
18,560,61,-4.6768e-08,0.011369
18,232,71,0.0045415,0.0077794
18,278,73,0.00023787,0.0072496
18,128,106,0,0.011918
18,206,109,0,0.026746
18,316,115,0.00066556,0.010591
18,353,118,0.0015254,0.011602
18,1018,124,2.2866e-08,0.011707
18,937,125,0.0026606,0.0096069
18,106,128,0,0.011918
18,826,128,0.0049134,0.0085977
18,991,128,-3.8295e-08,0.012865
18,799,131,-0.0014977,0.011298
18,673,132,0,0.010911
18,325,146,0,0.013538
18,815,146,-1.3905e-07,0.021315
18,61,149,-1.3145e-08,0.012426
18,570,149,0,0.015214
18,750,158,0.0031355,0.0072168
18,744,161,1.0052e-09,0.011285
18,774,161,-0.0018384,0.010292
18,868,161,-4.3789e-08,0.011816
18,614,168,0.0023101,0.0095679
18,411,172,-8.6032e-08,0.013685
18,844,172,-1.3453e-07,0.015829
18,1111,196,0.0041243,0.008426
18,418,202,0.0028732,0.010181
18,793,202,0.0010651,0.012754
18,923,202,3.661e-07,0.011393
18,109,206,0,0.026746
18,563,206,0,0.018117
18,387,207,0,0.081814
18,748,211,-1.3641e-07,0.013905
18,563,214,0,0.034232
18,886,214,-1.3889e-08,0.010373
18,1880,214,1.0334e-07,0.034191
18,472,220,-2.2631e-07,0.013403
18,1167,224,-3.4673e-08,0.013782
18,930,228,0,0.016318
18,961,228,-4.1961e-05,0.015238
18,1356,230,-1.234e-07,0.011525
18,71,232,0.0045415,0.0077794
18,789,232,-0.0059558,0.010202
18,1210,233,-4.052e-07,0.010646
18,735,239,-0.0023574,0.013221
18,505,241,1.0658e-07,0.011034
18,819,255,0.0052566,0.010931
18,686,258,1.3393e-08,0.011043
18,35,278,-0.0068757,0.011156
18,73,278,0.00023787,0.0072496
18,572,282,0,0.019067
18,689,282,-3.0779e-08,0.012874
18,353,284,-0.001539,0.011705
18,715,284,0.010175,0.018176
18,399,287,0.0040309,0.013587
18,552,287,-6.2476e-06,0.0087645
18,682,295,0.0029029,0.0095494
18,693,295,-0.0025469,0.009946
18,845,299,-1.2295e-08,0.012915
18,503,310,-0.0028515,0.0079054
18,424,314,6.0779e-09,0.011684
18,568,315,0.0015419,0.014546
18,115,316,0.00066556,0.010591
18,381,316,-0.0025904,0.015848
18,365,323,0,0.015363
18,785,323,-7.6932e-07,0.027021
18,146,325,0,0.013538
18,860,325,0,0.014197
18,1146,327,-6.09e-08,0.013834
18,1179,327,0.0027893,0.019529
18,575,333,3.7669e-09,0.0141
18,678,333,-0.0048208,0.011284
18,844,333,-7.8512e-08,0.010334
18,581,337,-0.0021678,0.01123
18,413,338,0.0018208,0.013442
18,499,338,0,0.018904
18,118,353,0.0015254,0.011602
18,284,353,-0.001539,0.011705
18,459,356,-1.0808e-08,0.017571
18,708,357,-8.0762e-09,0.011105
18,958,357,0,0.029945
18,976,357,-4.366e-09,0.01455
18,387,358,0,0.012975
18,388,358,-0.0028277,0.010988
18,489,359,0,0.01025
18,425,364,0.0035327,0.015829
18,323,365,0,0.015363
18,918,365,-1.7726e-07,0.015196
18,815,366,-1.5033e-07,0.016251
18,614,367,-0.0031026,0.012851
18,1111,370,-0.0039952,0.0081622
18,889,372,0.00038739,0.012021
18,316,381,-0.0025904,0.015848
18,458,381,0.00071413,0.014914
18,207,387,0,0.081814
18,358,387,0,0.012975
18,406,387,0,0.0086451
18,442,387,0,0.031063
18,358,388,-0.0028277,0.010988
18,442,388,0,0.020055
18,1094,398,0.00078616,0.016957
18,1361,398,-0.00053114,0.011456
18,287,399,0.0040309,0.013587
18,766,405,-0.0020032,0.010941
18,387,406,0,0.0086451
18,601,406,-0.0068515,0.011357
18,172,411,-8.6032e-08,0.013685
18,543,411,7.9552e-05,0.010234
18,338,413,0.0018208,0.013442
18,443,413,-1.5292e-08,0.018323
18,520,414,-5.262e-08,0.010652
18,827,416,0.0029856,0.0098149
18,202,418,0.0028732,0.010181
18,700,419,4.0765e-10,0.012201
18,816,420,0.00027722,0.012879
18,922,420,0.0028685,0.0093966
18,314,424,6.0779e-09,0.011684
18,364,425,0.0035327,0.015829
18,459,425,-0.0045911,0.020571
18,444,429,0,0.010097
18,936,429,-0.001783,0.010299
18,990,429,-4.0204e-08,0.015155
18,1212,431,-9.1306e-08,0.010477
18,1058,435,0.0009073,0.011615
18,750,436,-0.00022478,0.0080948
18,781,436,-0.0057415,0.0091269
18,455,438,0.0036367,0.011578
18,816,439,-0.00023688,0.011004
18,1306,440,-0.00086492,0.010112
18,387,442,0,0.031063
18,388,442,0,0.020055
18,817,442,0,0.011375
18,61,443,-3.0406e-08,0.011569
18,413,443,-1.5292e-08,0.018323
18,429,444,0,0.010097
18,1097,444,-5.5536e-09,0.010033
18,628,449,-0.00067907,0.010331
18,870,449,0.0045324,0.010575
18,494,453,0.0018673,0.010434
18,960,453,0.0076306,0.021282
18,438,455,0.0036367,0.011578
18,381,458,0.00071413,0.014914
18,356,459,-1.0808e-08,0.017571
18,425,459,-0.0045911,0.020571
18,467,460,5.6152e-05,0.010583
18,826,460,-0.0051744,0.0089438
18,460,467,5.6152e-05,0.010583
18,629,467,-1.0456e-08,0.013778
18,220,472,-2.2631e-07,0.013403
18,627,472,0.001872,0.013135
18,1015,473,-0,0.012314
18,1119,487,-1.5576e-08,0.022156
18,1154,487,-2.4637e-07,0.015576
18,1271,487,5.7606e-09,0.022409
18,555,488,0.0025559,0.009792
18,359,489,0,0.01025
18,618,489,-0.0035849,0.011691
18,1300,489,-6.7536e-09,0.018209
18,453,494,0.0018673,0.010434
18,338,499,0,0.018904
18,706,501,-0.0033446,0.011272
18,921,501,-3.4923e-09,0.012482
18,514,502,0.0086991,0.012289
18,818,502,4.2162e-05,0.010569
18,310,503,-0.0028515,0.0079054
18,241,505,1.0658e-07,0.011034
18,502,514,0.0086991,0.012289
18,672,514,-0.00057707,0.015729
18,1068,515,-2.1993e-08,0.011566
18,414,520,-5.262e-08,0.010652
18,741,529,0.0046016,0.011737
18,598,531,0.00083934,0.010605
18,1225,535,0,0.015251
18,547,538,-0.001909,0.012552
18,411,543,7.9552e-05,0.010234
18,538,547,-0.001909,0.012552
18,736,549,-4.554e-09,0.013622
18,1620,549,0,0.0113
18,287,552,-6.2476e-06,0.0087645
18,488,555,0.0025559,0.009792
18,592,555,-0.0034546,0.012566
18,61,560,-4.6768e-08,0.011369
18,206,563,0,0.018117
18,214,563,0,0.034232
18,315,568,0.0015419,0.014546
18,1240,569,6.2983e-08,0.012132
18,149,570,0,0.015214
18,282,572,0,0.019067
18,1061,572,0,0.018186
18,333,575,3.7669e-09,0.0141
18,337,581,-0.0021678,0.01123
18,1324,591,-8.8455e-08,0.014922
18,555,592,-0.0034546,0.012566
18,1308,596,-0.013827,0.0072114
18,531,598,0.00083934,0.010605
18,1078,598,-0.00089928,0.011362
18,406,601,-0.0068515,0.011357
18,837,613,-1.3517e-07,0.015947
18,168,614,0.0023101,0.0095679
18,367,614,-0.0031026,0.012851
18,675,617,-1.5078e-07,0.01709
18,959,617,-6.2022e-07,0.023426
18,489,618,-0.0035849,0.011691
18,1240,621,-0.0002287,0.013474
18,723,622,-0.004735,0.0084285
18,900,625,-2.2515e-08,0.011689
18,908,625,2.1397e-08,0.01213
18,472,627,0.001872,0.013135
18,996,627,-0.0017275,0.012121
18,449,628,-0.00067907,0.010331
18,467,629,-1.0456e-08,0.013778
18,1238,630,9.0582e-10,0.011237
18,819,636,-0.0041183,0.016464
18,1504,642,5.0353e-09,0.010097
18,923,646,2.0558e-07,0.015642
18,1025,660,-2.2347e-08,0.016107
18,1685,660,0.0020821,0.021865
18,718,664,-1.997e-08,0.018983
18,935,667,0.0047391,0.013046
18,1078,669,-3.433e-08,0.011971
18,1109,669,0,0.013214
18,1405,669,-5.0809e-07,0.018809
18,514,672,-0.00057707,0.015729
18,705,672,-0.0030304,0.013525
18,132,673,0,0.010911
18,617,675,-1.5078e-07,0.01709
18,333,678,-0.0048208,0.011284
18,295,682,0.0029029,0.0095494
18,258,686,1.3393e-08,0.011043
18,282,689,-3.0779e-08,0.012874
18,1129,689,-2.9787e-08,0.010299
18,295,693,-0.0025469,0.009946
18,16,695,0.0047978,0.0093547
18,730,695,-0.0049268,0.011896
18,419,700,4.0765e-10,0.012201
18,894,702,0.0038491,0.0097086
18,1300,704,1.0114e-08,0.012401
18,672,705,-0.0030304,0.013525
18,501,706,-0.0033446,0.011272
18,1086,707,-5.2462e-08,0.011627
18,1225,707,0,0.015271
18,357,708,-8.0762e-09,0.011105
18,284,715,0.010175,0.018176
18,1444,715,0,0.017889
18,664,718,-1.997e-08,0.018983
18,1116,719,-2.6219e-08,0.012212
18,622,723,-0.004735,0.0084285
18,695,730,-0.0049268,0.011896
18,921,730,-0.00085004,0.010439
18,239,735,-0.0023574,0.013221
18,549,736,-4.554e-09,0.013622
18,908,740,-1.3116e-07,0.011334
18,529,741,0.0046016,0.011737
18,161,744,1.0052e-09,0.011285
18,1313,747,-0.0019121,0.010061
18,211,748,-1.3641e-07,0.013905
18,158,750,0.0031355,0.0072168
18,436,750,-0.00022478,0.0080948
18,808,755,0.0021855,0.010129
18,872,755,-0.0024451,0.013473
18,1406,761,-1.8308e-07,0.014035
18,1528,762,0.0061558,0.010596
18,405,766,-0.0020032,0.010941
18,783,767,1.2887e-07,0.012004
18,984,769,-3.7497e-09,0.011281
18,984,772,-3.5971e-09,0.021033
18,1147,772,-1.6136e-07,0.021304
18,161,774,-0.0018384,0.010292
18,1163,780,0.0050505,0.009868
18,436,781,-0.0057415,0.0091269
18,13,783,0.001985,0.012096
18,767,783,1.2887e-07,0.012004
18,323,785,-7.6932e-07,0.027021
18,232,789,-0.0059558,0.010202
18,1178,789,0.001237,0.010148
18,818,790,-0.0011237,0.010691
18,202,793,0.0010651,0.012754
18,1063,794,0.00041977,0.010789
18,1619,794,0,0.011647
18,131,799,-0.0014977,0.011298
18,937,802,-0.0029243,0.010559
18,755,808,0.0021855,0.010129
18,1201,808,-0.00041058,0.012458
18,1462,809,0.00045442,0.016084
18,1659,809,0.0089722,0.018646
18,1186,810,0.0012946,0.011335
18,1619,810,0,0.010692
18,146,815,-1.3905e-07,0.021315
18,366,815,-1.5033e-07,0.016251
18,420,816,0.00027722,0.012879
18,439,816,-0.00023688,0.011004
18,442,817,0,0.011375
18,502,818,4.2162e-05,0.010569
18,790,818,-0.0011237,0.010691
18,255,819,0.0052566,0.010931
18,636,819,-0.0041183,0.016464
18,1045,822,-2.6467e-08,0.012319
18,1166,822,-5.264e-08,0.01135
18,1481,822,-3.9463e-08,0.014021
18,128,826,0.0049134,0.0085977
18,460,826,-0.0051744,0.0089438
18,416,827,0.0029856,0.0098149
18,946,827,-0.0042125,0.013848
18,1306,829,-7.0339e-08,0.011627
18,1146,831,4.8576e-09,0.011244
18,613,837,-1.3517e-07,0.015947
18,1035,837,-7.6573e-07,0.013325
18,1154,838,-6.2415e-08,0.010721
18,172,844,-1.3453e-07,0.015829
18,333,844,-7.8512e-08,0.010334
18,299,845,-1.2295e-08,0.012915
18,325,860,0,0.014197
18,948,860,0,0.01145
18,1282,863,-0.00080283,0.011118
18,880,866,0,0.019704
18,1476,866,-5.6988e-08,0.014474
18,161,868,-4.3789e-08,0.011816
18,934,868,-1.474e-08,0.010679
18,449,870,0.0045324,0.010575
18,1212,870,-0.0033543,0.0095032
18,755,872,-0.0024451,0.013473
18,866,880,0,0.019704
18,1238,880,-6.1919e-08,0.020627
18,214,886,-1.3889e-08,0.010373
18,372,889,0.00038739,0.012021
18,927,890,0.0046265,0.010578
18,1364,890,0.0009652,0.012871
18,702,894,0.0038491,0.0097086
18,1146,894,-0.0038299,0.00966
18,1163,898,-0.0046676,0.0091199
18,625,900,-2.2515e-08,0.011689
18,1092,905,0.0012025,0.01157
18,625,908,2.1397e-08,0.01213
18,740,908,-1.3116e-07,0.011334
18,922,908,-0.0030181,0.0098863
18,1161,910,0.001403,0.011006
18,1983,910,0,0.010254
18,1033,912,-4.7242e-08,0.010209
18,956,914,0.00098571,0.014959
18,1183,914,-0.00089323,0.013554
18,1330,915,0.0042043,0.0080964
18,365,918,-1.7726e-07,0.015196
18,1129,918,-1.4632e-07,0.015146
18,501,921,-3.4923e-09,0.012482
18,730,921,-0.00085004,0.010439
18,1341,921,0,0.028536
18,420,922,0.0028685,0.0093966
18,908,922,-0.0030181,0.0098863
18,202,923,3.661e-07,0.011393
18,646,923,2.0558e-07,0.015642
18,1078,923,1.0741e-07,0.010723
18,1109,923,4.8654e-07,0.017197
18,890,927,0.0046265,0.010578
18,1181,927,-0.0026147,0.010649
18,228,930,0,0.016318
18,868,934,-1.474e-08,0.010679
18,667,935,0.0047391,0.013046
18,429,936,-0.001783,0.010299
18,125,937,0.0026606,0.0096069
18,802,937,-0.0029243,0.010559
18,1406,941,1.1878e-08,0.012917
18,827,946,-0.0042125,0.013848
18,860,948,0,0.01145
18,914,956,0.00098571,0.014959
18,357,958,0,0.029945
18,617,959,-6.2022e-07,0.023426
18,13,960,-0.0086247,0.01553
18,453,960,0.0076306,0.021282
18,228,961,-4.1961e-05,0.015238
18,1219,964,2.9559e-09,0.011827
18,1206,965,8.5834e-08,0.034963
18,1313,965,-7.5781e-07,0.041633
18,1314,965,3.3487e-07,0.024875
18,357,976,-4.366e-09,0.01455
18,1018,980,-6.2815e-08,0.011087
18,1086,983,-8.756e-09,0.011307
18,769,984,-3.7497e-09,0.011281
18,772,984,-3.5971e-09,0.021033
18,1330,989,-0.0041092,0.0079128
18,429,990,-4.0204e-08,0.015155
18,128,991,-3.8295e-08,0.012865
18,627,996,-0.0017275,0.012121
18,1191,1001,-1.4667e-07,0.013184
18,1191,1003,-4.4804e-08,0.012067
18,1087,1008,0.0083476,0.013779
18,1336,1008,-0.0077149,0.012734
18,1314,1012,4.799e-07,0.013128
18,473,1015,-0,0.012314
18,124,1018,2.2866e-08,0.011707
18,980,1018,-6.2815e-08,0.011087
18,1615,1019,-5.2682e-08,0.014849
18,660,1025,-2.2347e-08,0.016107
18,1456,1025,0.0013044,0.026189
18,1210,1028,2.3393e-08,0.015671
18,1210,1030,-2.3478e-07,0.012783
18,1435,1032,-1.171e-08,0.016842
18,1591,1032,1.0004e-07,0.01959
18,912,1033,-4.7242e-08,0.010209
18,837,1035,-7.6573e-07,0.013325
18,1427,1036,0.0020483,0.010307
18,1061,1041,-5.9187e-09,0.019034
18,1147,1041,1.6703e-08,0.012392
18,822,1045,-2.6467e-08,0.012319
18,1089,1045,-1.4603e-07,0.010705
18,435,1058,0.0009073,0.011615
18,1463,1058,-0.00099304,0.012713
18,572,1061,0,0.018186
18,1041,1061,-5.9187e-09,0.019034
18,1313,1061,-7.4072e-07,0.030054
18,794,1063,0.00041977,0.010789
18,1463,1065,-1.0101e-07,0.012281
18,515,1068,-2.1993e-08,0.011566
18,1129,1074,-1.2388e-07,0.011124
18,1147,1074,1.4031e-07,0.021177
18,1121,1075,-1.6005e-10,0.016592
18,1506,1075,-4.0681e-09,0.017741
18,598,1078,-0.00089928,0.011362
18,669,1078,-3.433e-08,0.011971
18,923,1078,1.0741e-07,0.010723
18,1390,1078,-4.1575e-07,0.020258
18,707,1086,-5.2462e-08,0.011627
18,983,1086,-8.756e-09,0.011307
18,1008,1087,0.0083476,0.013779
18,1659,1087,-0.0076557,0.01591
18,1045,1089,-1.4603e-07,0.010705
18,1184,1090,0,0.010695
18,905,1092,0.0012025,0.01157
18,398,1094,0.00078616,0.016957
18,444,1097,-5.5536e-09,0.010033
18,1421,1100,-1.7084e-08,0.010165
18,669,1109,0,0.013214
18,923,1109,4.8654e-07,0.017197
18,196,1111,0.0041243,0.008426
18,370,1111,-0.0039952,0.0081622
18,719,1116,-2.6219e-08,0.012212
18,487,1119,-1.5576e-08,0.022156
18,1075,1121,-1.6005e-10,0.016592
18,1136,1121,-4.9781e-08,0.015322
18,689,1129,-2.9787e-08,0.010299
18,918,1129,-1.4632e-07,0.015146
18,1074,1129,-1.2388e-07,0.011124
18,1121,1136,-4.9781e-08,0.015322
18,1243,1139,-8.9812e-08,0.010524
18,1407,1144,4.3118e-11,0.015487
18,327,1146,-6.09e-08,0.013834
18,831,1146,4.8576e-09,0.011244
18,894,1146,-0.0038299,0.00966
18,1281,1146,-1.8761e-09,0.010941
18,772,1147,-1.6136e-07,0.021304
18,1041,1147,1.6703e-08,0.012392
18,1074,1147,1.4031e-07,0.021177
18,1476,1152,-1.3696e-08,0.010884
18,487,1154,-2.4637e-07,0.015576
18,838,1154,-6.2415e-08,0.010721
18,910,1161,0.001403,0.011006
18,780,1163,0.0050505,0.009868
18,898,1163,-0.0046676,0.0091199
18,1368,1164,5.9902e-09,0.010325
18,822,1166,-5.264e-08,0.01135
18,1356,1166,1.4412e-07,0.013927
18,1435,1166,-9.5182e-08,0.011907
18,224,1167,-3.4673e-08,0.013782
18,1489,1170,-0.00031044,0.012395
18,1375,1172,0.00025911,0.010824
18,1473,1172,-0.00037957,0.015854
18,1696,1173,-0.0098718,0.010169
18,789,1178,0.001237,0.010148
18,1247,1178,-0.001259,0.010329
18,327,1179,0.0027893,0.019529
18,1431,1179,-0.0020348,0.014247
18,927,1181,-0.0026147,0.010649
18,914,1183,-0.00089323,0.013554
18,1090,1184,0,0.010695
18,1317,1184,0.0035361,0.0091271
18,810,1186,0.0012946,0.011335
18,1001,1191,-1.4667e-07,0.013184
18,1003,1191,-4.4804e-08,0.012067
18,1331,1195,-2.9571e-09,0.010949
18,1460,1195,-1.9952e-08,0.014955
18,1370,1198,-0.00046692,0.0097191
18,1307,1199,0.0013326,0.011049
18,1348,1199,0.0048901,0.015359
18,808,1201,-0.00041058,0.012458
18,1379,1204,0.0052675,0.0093846
18,965,1206,8.5834e-08,0.034963
18,1483,1206,0.0027792,0.01225
18,1968,1206,0,0.026681
18,233,1210,-4.052e-07,0.010646
18,1028,1210,2.3393e-08,0.015671
18,1030,1210,-2.3478e-07,0.012783
18,431,1212,-9.1306e-08,0.010477
18,870,1212,-0.0033543,0.0095032
18,1237,1217,2.7335e-09,0.014592
18,964,1219,2.9559e-09,0.011827
18,535,1225,0,0.015251
18,707,1225,0,0.015271
18,1217,1237,2.7335e-09,0.014592
18,630,1238,9.0582e-10,0.011237
18,880,1238,-6.1919e-08,0.020627
18,1425,1238,-1.821e-07,0.01
18,569,1240,6.2983e-08,0.012132
18,621,1240,-0.0002287,0.013474
18,1279,1240,3.5984e-08,0.028784
18,1139,1243,-8.9812e-08,0.010524
18,1257,1245,-0.0052792,0.0074639
18,1178,1247,-0.001259,0.010329
18,1259,1250,0.0065811,0.011271
18,1425,1250,-0.0067913,0.011631
18,1245,1257,-0.0052792,0.0074639
18,1250,1259,0.0065811,0.011271
18,487,1271,5.7606e-09,0.022409
18,1340,1271,-3.6446e-08,0.010856
18,1533,1271,3.5878e-08,0.013737
18,1240,1279,3.5984e-08,0.028784
18,1314,1279,5.4845e-07,0.025392
18,1380,1279,-2.6388e-09,0.010568
18,1146,1281,-1.8761e-09,0.010941
18,863,1282,-0.00080283,0.011118
18,1461,1284,0.0017947,0.011649
18,1578,1284,1.7093e-07,0.02937
18,489,1300,-6.7536e-09,0.018209
18,704,1300,1.0114e-08,0.012401
18,1439,1300,-1.4425e-07,0.014578
18,440,1306,-0.00086492,0.010112
18,829,1306,-7.0339e-08,0.011627
18,1199,1307,0.0013326,0.011049
18,596,1308,-0.013827,0.0072114
18,747,1313,-0.0019121,0.010061
18,965,1313,-7.5781e-07,0.041633
18,1061,1313,-7.4072e-07,0.030054
18,965,1314,3.3487e-07,0.024875
18,1012,1314,4.799e-07,0.013128
18,1279,1314,5.4845e-07,0.025392
18,1380,1314,1.8114e-07,0.010436
18,1388,1316,-7.1119e-08,0.01001
18,1508,1316,1.4351e-07,0.012995
18,1184,1317,0.0035361,0.0091271
18,1603,1317,-0.011777,0.010119
18,591,1324,-8.8455e-08,0.014922
18,1511,1326,-7.7091e-08,0.013383
18,915,1330,0.0042043,0.0080964
18,989,1330,-0.0041092,0.0079128
18,1195,1331,-2.9571e-09,0.010949
18,1409,1331,0.0052174,0.016547
18,1008,1336,-0.0077149,0.012734
18,1458,1338,0.0075081,0.010934
18,1810,1338,-0.00028013,0.01442
18,1271,1340,-3.6446e-08,0.010856
18,921,1341,0,0.028536
18,1199,1348,0.0048901,0.015359
18,1466,1348,-0.0093325,0.016842
18,1629,1353,0,0.015518
18,1790,1354,0,0.021145
18,1865,1354,-3.3208e-08,0.014431
18,1431,1355,-6.365e-09,0.010791
18,230,1356,-1.234e-07,0.011525
18,1166,1356,1.4412e-07,0.013927
18,1942,1360,-1.7991e-08,0.011502
18,398,1361,-0.00053114,0.011456
18,1456,1361,-0.0012122,0.024339
18,1481,1361,1.1859e-08,0.019333
18,890,1364,0.0009652,0.012871
18,1551,1364,-0.0027303,0.010856
18,1379,1366,-0.0046454,0.0082763
18,1525,1366,0.0020952,0.012068
18,1394,1367,0.0055115,0.010766
18,1164,1368,5.9902e-09,0.010325
18,1905,1368,0,0.010851
18,1198,1370,-0.00046692,0.0097191
18,1172,1375,0.00025911,0.010824
18,1522,1375,-2.8839e-08,0.013388
18,1204,1379,0.0052675,0.0093846
18,1366,1379,-0.0046454,0.0082763
18,1279,1380,-2.6388e-09,0.010568
18,1314,1380,1.8114e-07,0.010436
18,1571,1381,-1.5105e-08,0.011772
18,1642,1381,-6.935e-08,0.018327
18,1530,1386,0,0.017868
18,1316,1388,-7.1119e-08,0.01001
18,1078,1390,-4.1575e-07,0.020258
18,1887,1390,-3.4718e-07,0.019669
18,1367,1394,0.0055115,0.010766
18,1642,1394,3.2087e-08,0.020957
18,1970,1394,0,0.015261
18,1514,1403,2.4332e-08,0.011467
18,1532,1403,9.7612e-10,0.020105
18,669,1405,-5.0809e-07,0.018809
18,1858,1405,0.0030962,0.025488
18,761,1406,-1.8308e-07,0.014035
18,941,1406,1.1878e-08,0.012917
18,1144,1407,4.3118e-11,0.015487
18,1530,1407,6.9275e-09,0.01436
18,1331,1409,0.0052174,0.016547
18,1506,1409,-0.0042264,0.013404
18,1100,1421,-1.7084e-08,0.010165
18,1238,1425,-1.821e-07,0.01
18,1250,1425,-0.0067913,0.011631
18,1036,1427,0.0020483,0.010307
18,1919,1428,0.0071631,0.013216
18,1179,1431,-0.0020348,0.014247
18,1355,1431,-6.365e-09,0.010791
18,1032,1435,-1.171e-08,0.016842
18,1166,1435,-9.5182e-08,0.011907
18,1300,1439,-1.4425e-07,0.014578
18,1460,1439,-8.2922e-08,0.014945
18,1519,1441,-4.0141e-08,0.011732
18,715,1444,0,0.017889
18,1025,1456,0.0013044,0.026189
18,1361,1456,-0.0012122,0.024339
18,1338,1458,0.0075081,0.010934
18,1195,1460,-1.9952e-08,0.014955
18,1439,1460,-8.2922e-08,0.014945
18,1284,1461,0.0017947,0.011649
18,809,1462,0.00045442,0.016084
18,1563,1462,0,0.015828
18,1058,1463,-0.00099304,0.012713
18,1065,1463,-1.0101e-07,0.012281
18,1544,1464,-5.8373e-07,0.011769
18,1683,1464,-2.6209e-07,0.019827
18,1348,1466,-0.0093325,0.016842
18,1931,1472,0.0028905,0.0094331
18,2007,1472,0.0032233,0.011217
18,1172,1473,-0.00037957,0.015854
18,866,1476,-5.6988e-08,0.014474
18,1152,1476,-1.3696e-08,0.010884
18,1578,1478,1.0704e-07,0.012795
18,822,1481,-3.9463e-08,0.014021
18,1361,1481,1.1859e-08,0.019333
18,1206,1483,0.0027792,0.01225
18,1170,1489,-0.00031044,0.012395
18,1652,1489,-5.7212e-07,0.016268
18,1652,1497,-3.1234e-07,0.023274
18,642,1504,5.0353e-09,0.010097
18,1511,1504,-2.1392e-07,0.013364
18,1075,1506,-4.0681e-09,0.017741
18,1409,1506,-0.0042264,0.013404
18,1567,1506,0,0.021097
18,1316,1508,1.4351e-07,0.012995
18,1326,1511,-7.7091e-08,0.013383
18,1504,1511,-2.1392e-07,0.013364
18,1547,1512,-3.0681e-08,0.011464
18,1403,1514,2.4332e-08,0.011467
18,1441,1519,-4.0141e-08,0.011732
18,1375,1522,-2.8839e-08,0.013388
18,1629,1524,0,0.013282
18,1366,1525,0.0020952,0.012068
18,762,1528,0.0061558,0.010596
18,1810,1528,-0.014729,0.014107
18,1386,1530,0,0.017868
18,1407,1530,6.9275e-09,0.01436
18,1533,1530,-1.0299e-07,0.011606
18,1403,1532,9.7612e-10,0.020105
18,1587,1532,-0.00029321,0.012409
18,1271,1533,3.5878e-08,0.013737
18,1530,1533,-1.0299e-07,0.011606
18,1464,1544,-5.8373e-07,0.011769
18,1617,1544,-1.1311e-07,0.018326
18,1512,1547,-3.0681e-08,0.011464
18,1364,1551,-0.0027303,0.010856
18,1615,1554,-4.8584e-08,0.011733
18,1462,1563,0,0.015828
18,1506,1567,0,0.021097
18,1690,1567,4.0079e-08,0.012251
18,1963,1567,-8.3498e-09,0.010143
18,1617,1570,-3.7224e-07,0.016119
18,1381,1571,-1.5105e-08,0.011772
18,1683,1577,0.0023056,0.01064
18,1284,1578,1.7093e-07,0.02937
18,1478,1578,1.0704e-07,0.012795
18,1532,1587,-0.00029321,0.012409
18,1032,1591,1.0004e-07,0.01959
18,1317,1603,-0.011777,0.010119
18,1890,1613,0.0064471,0.010602
18,1019,1615,-5.2682e-08,0.014849
18,1554,1615,-4.8584e-08,0.011733
18,1961,1615,2.7106e-08,0.020645
18,1544,1617,-1.1311e-07,0.018326
18,1570,1617,-3.7224e-07,0.016119
18,794,1619,0,0.011647
18,810,1619,0,0.010692
18,549,1620,0,0.0113
18,1991,1620,2.0359e-05,0.012129
18,1353,1629,0,0.015518
18,1524,1629,0,0.013282
18,1696,1631,0.003784,0.014516
18,1381,1642,-6.935e-08,0.018327
18,1394,1642,3.2087e-08,0.020957
18,2029,1646,-7.0913e-09,0.010544
18,1489,1652,-5.7212e-07,0.016268
18,1497,1652,-3.1234e-07,0.023274
18,2063,1657,-0.0012206,0.010847
18,809,1659,0.0089722,0.018646
18,1087,1659,-0.0076557,0.01591
18,1683,1675,0.0042805,0.014109
18,1756,1675,-0.0043924,0.014474
18,1464,1683,-2.6209e-07,0.019827
18,1577,1683,0.0023056,0.01064
18,1675,1683,0.0042805,0.014109
18,660,1685,0.0020821,0.021865
18,1978,1685,-0.002305,0.024205
18,1567,1690,4.0079e-08,0.012251
18,1173,1696,-0.0098718,0.010169
18,1631,1696,0.003784,0.014516
18,1771,1719,0,0.010317
18,2012,1719,-0.0050017,0.0097172
18,1675,1756,-0.0043924,0.014474
18,1980,1756,-3.0103e-07,0.019577
18,2028,1765,0,0.045233
18,1719,1771,0,0.010317
18,2025,1776,0,0.028268
18,1942,1787,0.0078753,0.013114
18,2036,1787,-0.0059744,0.0099485
18,1354,1790,0,0.021145
18,1855,1790,0,0.011732
18,1338,1810,-0.00028013,0.01442
18,1528,1810,-0.014729,0.014107
18,1879,1816,0,0.0062155
18,1878,1826,-0.0046109,0.007519
18,1849,1830,1.5735e-08,0.011529
18,1901,1830,0,0.011837
18,1881,1839,1.1367e-08,0.012388
18,1882,1839,-1.9137e-09,0.017749
18,1891,1841,0,0.013874
18,1985,1841,0,0.013473
18,2065,1842,0,0.011843
18,1890,1848,-0.0046387,0.0076283
18,1830,1849,1.5735e-08,0.011529
18,1790,1855,0,0.011732
18,1405,1858,0.0030962,0.025488
18,1951,1858,0,0.023526
18,1354,1865,-3.3208e-08,0.014431
18,2003,1868,0,0.028625
18,2024,1868,-2.812e-07,0.030636
18,2067,1868,0,0.031919
18,1948,1877,1.5862e-07,0.011501
18,1826,1878,-0.0046109,0.007519
18,1816,1879,0,0.0062155
18,214,1880,1.0334e-07,0.034191
18,1893,1880,-1.0525e-07,0.045056
18,1839,1881,1.1367e-08,0.012388
18,1912,1881,-3.8529e-08,0.012083
18,1839,1882,-1.9137e-09,0.017749
18,1913,1885,-3.0427e-09,0.013431
18,1390,1887,-3.4718e-07,0.019669
18,1921,1887,-1.1638e-08,0.019891
18,2078,1888,0,0.011249
18,1908,1889,0,0.010064
18,1613,1890,0.0064471,0.010602
18,1848,1890,-0.0046387,0.0076283
18,1841,1891,0,0.013874
18,1978,1891,-1.0453e-07,0.019699
18,1981,1891,-8.7698e-08,0.012579
18,2015,1891,0,0.028666
18,1919,1892,-0.0056475,0.01042
18,1880,1893,-1.0525e-07,0.045056
18,1912,1893,4.5118e-08,0.031778
18,1912,1894,-8.9108e-09,0.037027
18,1924,1894,3.1077e-07,0.011049
18,1950,1894,4.0879e-07,0.030084
18,1921,1897,-4.1752e-08,0.018061
18,1953,1897,0,0.011495
18,1984,1897,-5.0117e-09,0.019043
18,1830,1901,0,0.011837
18,1902,1901,0,0.015113
18,1901,1902,0,0.015113
18,1950,1904,0,0.016346
18,1368,1905,0,0.010851
18,1889,1908,0,0.010064
18,1881,1912,-3.8529e-08,0.012083
18,1893,1912,4.5118e-08,0.031778
18,1894,1912,-8.9108e-09,0.037027
18,1885,1913,-3.0427e-09,0.013431
18,1915,1913,3.4393e-09,0.01277
18,1939,1913,-2.4815e-22,0.014992
18,1922,1914,0,0.036269
18,1972,1914,0,0.021536
18,2018,1914,0,0.03335
18,2040,1914,-0.004716,0.011611
18,1913,1915,3.4393e-09,0.01277
18,1939,1915,0,0.015379
18,2004,1915,0,0.014725
18,1967,1917,0.0043743,0.012013
18,2041,1917,-0.0016186,0.012756
18,1428,1919,0.0071631,0.013216
18,1892,1919,-0.0056475,0.01042
18,1887,1921,-1.1638e-08,0.019891
18,1897,1921,-4.1752e-08,0.018061
18,1953,1921,0,0.012975
18,1914,1922,0,0.036269
18,1968,1922,0,0.042522
18,1894,1924,3.1077e-07,0.011049
18,1970,1928,0,0.016453
18,2052,1928,0,0.015417
18,2085,1928,0,0.011572
18,1990,1929,0.0025677,0.010744
18,1472,1931,0.0028905,0.0094331
18,1913,1939,-2.4815e-22,0.014992
18,1915,1939,0,0.015379
18,1360,1942,-1.7991e-08,0.011502
18,1787,1942,0.0078753,0.013114
18,1965,1943,-4.7889e-08,0.022584
18,2061,1943,-3.4665e-09,0.031853
18,2024,1944,0.00013311,0.015513
18,2025,1944,-0.00013713,0.015978
18,1990,1945,0,0.014833
18,1877,1948,1.5862e-07,0.011501
18,1950,1949,0,0.034781
18,1894,1950,4.0879e-07,0.030084
18,1904,1950,0,0.016346
18,1949,1950,0,0.034781
18,1858,1951,0,0.023526
18,1897,1953,0,0.011495
18,1921,1953,0,0.012975
18,1967,1960,-0.005997,0.012846
18,1615,1961,2.7106e-08,0.020645
18,2025,1961,-6.1408e-07,0.022241
18,1567,1963,-8.3498e-09,0.010143
18,2049,1963,0,0.013241
18,1943,1965,-4.7889e-08,0.022584
18,1995,1965,-1.302e-08,0.014753
18,1917,1967,0.0043743,0.012013
18,1960,1967,-0.005997,0.012846
18,1206,1968,0,0.026681
18,1922,1968,0,0.042522
18,1394,1970,0,0.015261
18,1928,1970,0,0.016453
18,1914,1972,0,0.021536
18,2035,1975,0,0.012166
18,2049,1977,0,0.026309
18,1685,1978,-0.002305,0.024205
18,1891,1978,-1.0453e-07,0.019699
18,1756,1980,-3.0103e-07,0.019577
18,1891,1981,-8.7698e-08,0.012579
18,2049,1981,0,0.011298
18,910,1983,0,0.010254
18,1897,1984,-5.0117e-09,0.019043
18,1841,1985,0,0.013473
18,1996,1985,0,0.01124
18,1929,1990,0.0025677,0.010744
18,1945,1990,0,0.014833
18,1620,1991,2.0359e-05,0.012129
18,1965,1995,-1.302e-08,0.014753
18,1985,1996,0,0.01124
18,2029,1996,-9.0501e-08,0.012795
18,2041,2002,0.0039505,0.019205
18,2066,2002,0,0.021522
18,1868,2003,0,0.028625
18,1915,2004,0,0.014725
18,1472,2007,0.0032233,0.011217
18,2048,2007,0,0.010507
18,1719,2012,-0.0050017,0.0097172
18,1891,2015,0,0.028666
18,2038,2017,0,0.0097147
18,1914,2018,0,0.03335
18,2049,2019,0,0.029903
18,2045,2020,5.3679e-09,0.012085
18,1868,2024,-2.812e-07,0.030636
18,1944,2024,0.00013311,0.015513
18,1776,2025,0,0.028268
18,1944,2025,-0.00013713,0.015978
18,1961,2025,-6.1408e-07,0.022241
18,2047,2025,0,0.037021
18,1765,2028,0,0.045233
18,2042,2028,-2.5761e-07,0.011708
18,2068,2028,-4.8988e-07,0.01345
18,1646,2029,-7.0913e-09,0.010544
18,1996,2029,-9.0501e-08,0.012795
18,1975,2035,0,0.012166
18,1787,2036,-0.0059744,0.0099485
18,2017,2038,0,0.0097147
18,2066,2038,0,0.0097147
18,1914,2040,-0.004716,0.011611
18,1917,2041,-0.0016186,0.012756
18,2002,2041,0.0039505,0.019205
18,2028,2042,-2.5761e-07,0.011708
18,2020,2045,5.3679e-09,0.012085
18,2025,2047,0,0.037021
18,2007,2048,0,0.010507
18,1963,2049,0,0.013241
18,1977,2049,0,0.026309
18,1981,2049,0,0.011298
18,2019,2049,0,0.029903
18,1928,2052,0,0.015417
18,2061,2053,0,0.026139
18,1943,2061,-3.4665e-09,0.031853
18,2053,2061,0,0.026139
18,1657,2063,-0.0012206,0.010847
18,1842,2065,0,0.011843
18,2002,2066,0,0.021522
18,2038,2066,0,0.0097147
18,1868,2067,0,0.031919
18,2028,2068,-4.8988e-07,0.01345
18,1888,2078,0,0.011249
18,1928,2085,0,0.011572
