     1,2169.2,238.95,43,1
     2,3593.9,151.45,43,1
     3,1876.1,340.92,43,1
     4,3187.8,106.83,43,1
     5,3283.3,108.71,44,1
     6,958.12,1201.6,44,1
     7,5766.7,2395.3,44,1
     8,4391.2,689.22,44,1
     9,4778.9,1160.4,42,1
    10,3387.4,118.05,44,1
    11,2773.9,122.43,42,1
    12,5319.1,1383.7,43,1
    13,4375.3,421.87,43,1
    14,4789.1,764.86,44,1
    15,1453.9,1002.4,43,1
    16,5645.7,3979.6,44,1
    17,5657.1,1753.4,51,1
    18,5556,2269.5,44,1
    19,1669.9,804.3,44,1
    20,4720.8,894.9,43,1
    21,1579.3,833.69,44,1
    22,3353.1,5752.6,44,1
    23,2782,5842.5,44,1
    24,2409.4,506.42,43,1
    25,3135.8,289.41,43,1
    26,1173.2,816.84,44,1
    27,1739.5,5131.5,45,1
    28,4967,1192,43,1
    29,1646.4,1253.6,43,1
    30,4067,488.24,42,1
    31,552.97,1924.5,44,1
    32,2761.4,350.75,43,1
    33,5750.3,3313.2,43,1
    34,1584,1017.9,43,1
    35,4093.9,296.57,44,1
    36,2996.8,452.18,43,1
    37,1090.1,4928.5,44,1
    38,3292.6,298.79,44,1
    39,4243.9,1174.7,43,1
    40,5362.5,4270.7,43,1
    41,724.46,2349.2,44,1
    42,5428,2285.3,43,1
    43,5792.7,2821.1,43,1
    44,3733,927.88,43,1
    45,3777.9,598.09,43,1
    46,4607.3,716.68,43,1
    47,5064.9,1735.6,43,1
    48,849.08,1573.5,42,1
    49,4453.3,761.45,43,1
    50,4461.2,472.03,42,1
    51,5725.4,2992.9,44,1
    52,3619,274.82,43,1
    53,1022.2,5009.7,44,1
    54,5756.3,2299.1,43,1
    55,4342.8,779.74,43,1
    56,5033.6,4401.1,44,1
    57,3825.5,303.49,42,1
    58,1511.9,537.2,43,1
    59,1228.2,980.52,43,1
    60,3797.6,202.53,43,1
    61,5701,3771.2,42,1
    62,4649.2,1427.9,43,1
    63,2063.5,546.81,43,1
    64,3454,5760.1,44,1
    65,2546.5,900.25,42,1
    66,1267.2,1252.2,42,1
    67,3894.6,226.21,44,1
    68,5358.9,4366.6,43,1
    69,969.3,4747.3,44,1
    70,1974.1,320.32,44,1
    71,349.67,2671,44,1
    72,4394.6,1284.6,43,1
    73,1394.6,5105,43,1
    74,4857.1,4940.9,43,1
    75,5794.5,3229.3,44,1
    76,5649.2,2800.5,43,1
    77,5370.7,2026.4,43,1
    78,5633.2,2689.6,43,1
    79,2868.9,103.17,43,1
    80,1288.6,4882.8,45,1
    81,5374.4,2545.4,43,1
    82,5417,3423.6,43,1
    83,582.09,1834,42,1
    84,5337.5,4582.3,43,1
    85,4852,4605.8,43,1
    86,5327.9,4463.8,43,1
    87,480.12,4013.5,44,1
    88,5644.1,4076.5,43,1
    89,3419.5,252.81,54,1
    90,1146,912.88,43,1
    91,3731.5,1139.9,42,1
    92,5584.2,3792.9,43,1
    93,2260.8,208.12,43,1
    94,3049.2,246.31,43,1
    95,5548.2,1570.2,43,1
    96,5159.8,4685.9,43,1
    97,5619.5,2959.5,43,1
    98,181.63,2588.4,43,1
    99,2880.8,5768.9,44,1
   100,1361.3,810.95,43,1
   101,5264.6,1303.9,43,1
   102,2087,738.9,42,1
   103,3327.1,202.69,43,1
   104,2386.7,321.37,43,1
   105,1759.7,5322.1,44,1
   106,4070.5,5478.5,44,1
   107,5479,2564.1,43,1
   108,4177.8,711.42,43,1
   109,1184.6,4901.4,43,1
   110,4943.5,3600.7,52,1
   111,4947.6,4993.8,44,1
   112,5451.1,1392.6,56,1
   113,2480.2,296.74,43,1
   114,1414.8,899.77,44,1
   115,5198.6,3248,43,1
   116,5555,3883.8,43,1
   117,1180.4,1066.6,42,1
   118,3819.6,963.65,43,1
   119,4092.9,5583.2,43,1
   120,288.59,2590.5,44,1
   121,4404.1,851.93,43,1
   122,4436.1,594.01,43,1
   123,5657.9,2272.3,43,1
   124,2929.3,381.46,44,1
   125,4231.1,623.29,43,1
   126,5391.3,1308.4,57,1
   127,5208.4,1400,53,1
   128,5156,1298.7,53,1
   129,951.14,4942.2,45,1
   130,4460.9,1792.1,43,1
   131,4540.8,797.34,43,1
   132,5405.7,4013.8,43,1
   133,2556.6,365.27,44,1
   134,5439.9,4432.4,44,1
   135,5405.6,3631.1,43,1
   136,1602.3,483.94,43,1
   137,5073.8,4728.1,43,1
   138,4483.9,5432.1,44,1
   139,5583.5,2872.5,43,1
   140,3975.5,962.98,42,1
   141,5038.4,1106,53,1
   142,2096.5,5496.4,43,1
   143,1228.7,1788.4,43,1
   144,1215.6,4704.9,44,1
   145,5392.9,1928.1,43,1
   146,3026,5380.9,43,1
   147,5363.2,3836,43,1
   148,5411.1,4521.8,44,1
   149,5508,1479.5,53,1
   150,1130.7,1803.9,44,1
   151,3346.4,952.67,43,1
   152,4327,617.38,44,1
   153,5543.1,4257.4,44,1
   154,4555.1,4810.4,44,1
   155,5106.9,1196,52,1
   156,4885.5,1996.8,43,1
   157,4174,1253.2,43,1
   158,3360.3,619.31,53,1
   159,2116.5,632.51,42,1
   160,3751.3,700,42,1
   161,5340.8,3138,43,1
   162,4690,991.89,43,1
   163,815.37,1166.3,42,1
   164,5787.4,3846.4,54,1
   165,3148.3,5552.8,53,1
   166,1118,5021.3,44,1
   167,5247.2,4524,43,1
   168,1333.3,1186.3,43,1
   169,3527,257,43,1
   170,614.81,2101.2,43,1
   171,4243.2,4825.5,43,1
   172,3275.9,889.19,43,1
   173,4787.9,973.98,43,1
   174,4187.7,334.15,43,1
   175,4423.9,1379.2,43,1
   176,4195.9,986.6,43,1
   177,5234.5,3867.7,43,1
   178,5299.4,3544.7,43,1
   179,5361.6,1646.5,43,1
   180,5252.8,1776.7,44,1
   181,231.46,3208,44,1
   182,5273.3,1481,44,1
   183,2960.8,285.46,43,1
   184,1019.6,917.4,43,1
   185,4274.5,5267.8,42,1
   186,5189,2884.2,43,1
   187,2975.2,552.52,42,1
   188,400.69,3953.4,45,1
   189,5735.2,2205.5,43,1
   190,4689.3,2332.9,42,1
   191,5045,3314.2,43,1
   192,5359.6,2362.4,42,1
   193,4724.5,1083.2,43,1
   194,3106.6,5716.9,43,1
   195,4733.3,1704,42,1
   196,4149,1162,43,1
   197,1958,4793.2,43,1
   198,5374.1,1462.8,43,1
   199,3651,735.05,42,1
   200,5257,2182,42,1
   201,5837.4,2235.7,43,1
   202,5445.4,4219.6,43,1
   203,5137.3,3884.4,42,1
   204,4291.2,994.11,43,1
   205,690.78,4595.6,45,1
   206,3277.3,686.56,43,1
   207,5117.3,4354.6,43,1
   208,4962.7,2196,42,1
   209,1577,618.39,43,1
   210,990.74,1831.1,43,1
   211,2659,5256.8,44,1
   212,774.48,1499.9,44,1
   213,5154.6,4268.9,44,1
   214,1326.6,5041.7,44,1
   215,4093,670.26,43,1
   216,2954,5446.9,44,1
   217,2287.1,5591.2,43,1
   218,5083.8,3735.5,43,1
   219,1542.8,1211.2,43,1
   220,4610.6,922.4,53,1
   221,1592.8,732.84,43,1
   222,5042.9,2759.9,43,1
   223,5705.8,2889.7,54,1
   224,1223.9,1162.1,43,1
   225,4549.8,5359.4,44,1
   226,5627.2,2375.2,54,1
   227,4533.8,4999.2,44,1
   228,2843.3,5617.7,43,1
   229,5162.8,3063.5,43,1
   230,4452.9,5047.5,44,1
   231,5100.3,2310.3,42,1
   232,2637.6,923.91,43,1
   233,5812.2,2651.7,43,1
   234,5681.1,3217.3,54,1
   235,5053.2,3056.9,53,1
   236,4027.6,388.94,52,1
   237,1712.8,1454.5,43,1
   238,4000.3,5647.8,44,1
   239,645.76,2406.5,44,1
   240,4751.3,1851.2,43,1
   241,5074.8,2502.7,43,1
   242,1238.5,4335.2,43,1
   243,966.65,2068.9,43,1
   244,1661.4,5324.3,43,1
   245,3814.6,5430.7,43,1
   246,3150.9,606.02,43,1
   247,970.74,3806.1,44,1
   248,3156.8,5084,44,1
   249,4819.1,1063.6,43,1
   250,4919.7,4541.5,44,1
   251,2475.1,5710.4,43,1
   252,5179.8,2245.8,43,1
   253,4591.3,1591.4,43,1
   254,3452.5,674.8,43,1
   255,5554.3,2765.5,42,1
   256,3918.5,801.9,42,1
   257,2477.7,179.39,53,1
   258,5322.1,3454.6,43,1
   259,4870.2,1181.6,43,1
   260,4775.6,4875,44,1
   261,874.25,1482.5,43,1
   262,5046,2593,43,1
   263,3901.4,900.24,43,1
   264,3374.7,368.97,54,1
   265,4464.2,1213.3,42,1
   266,4757.8,4564.5,42,1
   267,4885.7,980.15,43,1
   268,5288.8,4764.5,43,1
   269,497.71,2558.5,44,1
   270,5228.3,1197.9,53,1
   271,5450.2,3919.9,53,1
   272,5666.5,3869.3,54,1
   273,4394.4,1577.8,43,1
   274,5736.9,3118.2,43,1
   275,4229.5,798.45,42,1
   276,4190.2,889.86,42,1
   277,5593.1,2572.2,53,1
   278,898.32,2459.5,53,1
   279,1907.8,1094.1,43,1
   280,4372.9,523.45,44,1
   281,598.48,1397.1,44,1
   282,4852.6,4818.9,44,1
   283,1269.9,5264,43,1
   284,5740.9,3419.3,52,1
   285,4491.5,1577.5,43,1
   286,3316.6,5441.4,54,1
   287,5868.7,2742.3,53,1
   288,4454.2,4786.4,43,1
   289,2839.6,410.35,43,1
   290,4988.2,2670.6,43,1
   291,2725.2,445.8,44,1
   292,2481.8,584.99,43,1
   293,1614.4,1618.9,43,1
   294,5166.5,2794.1,43,1
   295,4774,4659.9,43,1
   296,4492.9,1305,42,1
   297,5331.4,1224.1,56,1
   298,3282.2,423.63,42,1
   299,4489.8,887.86,43,1
   300,5105.3,3972.3,43,1
   301,475.25,3558.6,44,1
   302,736.93,3111.7,44,1
   303,670.77,1475.1,41,1
   304,5046.9,1920.1,43,1
   305,5002,2281.4,43,1
   306,3084.3,5817.6,43,1
   307,753.81,1711.6,43,1
   308,4919.8,3033.8,42,1
   309,4839.3,1669.4,52,1
   310,3272,789.87,43,1
   311,371.1,3563.7,43,1
   312,4087.6,1624.8,52,1
   313,1630,1117.4,43,1
   314,4989.8,3138.5,43,1
   315,3823.2,5243,45,1
   316,5616.7,2177,53,1
   317,5089.6,3540.9,42,1
   318,4833.7,1373.8,43,1
   319,5861.8,2336.2,45,1
   320,840.37,1668.6,42,1
   321,4898.6,780.13,43,1
   322,1196.2,4516.1,44,1
   323,5299.6,2611.8,43,1
   324,4524,1665.3,43,1
   325,5517.2,3586.5,53,1
   326,4522.5,1397,43,1
   327,2693.2,1103.6,43,1
   328,566.46,3803.6,45,1
   329,3460.2,448.32,43,1
   330,3212.2,354.18,42,1
   331,3276.9,1023,41,1
   332,4543.8,5111.2,54,1
   333,5859.4,3577.1,57,1
   334,5201.7,1569.1,53,1
   335,393.3,2563.6,43,1
   336,5041.8,5074.3,52,1
   337,5595.3,1668.6,52,1
   338,955.39,1429.4,43,1
   339,4600.4,1039.3,42,1
   340,3050,5489.7,54,1
   341,1824.8,4950,43,1
   342,2568.6,5680.7,44,1
   343,5855,3471,54,1
   344,5130.8,3361.5,43,1
   345,3988.9,273.61,53,1
   346,494.61,1752.2,43,1
   347,5165.6,2146.1,43,1
   348,5264,2817,42,1
   349,5163.9,1738.1,42,1
   350,4996.2,3510.3,42,1
   351,2792,720.06,42,1
   352,5402.7,3063.2,43,1
   353,5227.1,3337.7,43,1
   354,4076,1227,42,1
   355,2661.2,180.31,43,1
   356,1360.1,1296.8,43,1
   357,3479.5,345.45,43,1
   358,890.36,4339.2,44,1
   359,4811.4,2172.2,52,1
   360,5647.9,3320,43,1
   361,3947.6,1098.4,43,1
   362,4189,5571.4,43,1
   363,4665.6,1525.1,43,1
   364,5221,2986.5,43,1
   365,5063.9,3630.8,42,1
   366,664.49,2667.9,44,1
   367,4503.8,995,53,1
   368,1692.9,5224,45,1
   369,5130.2,3455.2,42,1
   370,5335.1,2118.2,43,1
   371,5308,3235.1,53,1
   372,1345.4,680.77,54,1
   373,3216.3,5465.2,44,1
   374,4537,543.26,54,1
   375,5515.9,3473.1,53,1
   376,4309.6,4902.7,43,1
   377,535.27,3168.9,45,1
   378,4358.6,5333.3,44,1
   379,5536.4,1881.2,54,1
   380,4596.6,4929.2,43,1
   381,3078.4,525.8,52,1
   382,5331.9,2724.1,43,1
   383,439.91,1663.8,42,1
   384,4782.1,2272,42,1
   385,720.36,3017.7,44,1
   386,1602.5,4962.1,44,1
   387,5727.1,3643.5,53,1
   388,4775.8,3909.6,54,1
   389,4094.2,948.8,53,1
   390,4802,1768.6,42,1
   391,5160.8,3796.1,42,1
   392,2525.8,498.09,43,1
   393,576.23,3263.2,44,1
   394,4211.9,1083.5,43,1
   395,1607.2,5414.2,44,1
   396,3538.3,5414.6,44,1
   397,1764.8,791.87,43,1
   398,5943.8,2948.6,44,1
   399,489.97,1570,42,1
   400,3844.5,667.19,44,1
   401,5391.5,1746.8,53,1
   402,5118.6,1646.4,43,1
   403,1686.6,432.86,44,1
   404,1500.2,703.55,42,1
   405,5263.3,4657.3,53,1
   406,405.6,3036.9,44,1
   407,5311.4,1567.6,43,1
   408,3074.6,710.08,44,1
   409,4665.5,1918.5,52,1
   410,5600.5,1975.6,53,1
   411,4119.2,1052.1,43,1
   412,4885.6,2944.8,43,1
   413,4906.8,5091.9,54,1
   414,2014,5579.6,54,1
   415,764.84,4316.3,44,1
   416,4097.9,4614.3,42,1
   417,5432.9,2098.7,42,1
   418,4458,5295.6,54,1
   419,653.46,3664.7,45,1
   420,4364.1,5231.8,44,1
   421,5285.8,2913.7,42,1
   422,2357,417.4,44,1
   423,5328.6,1848.8,52,1
   424,5285.4,1957.3,53,1
   425,5865.9,2556.2,52,1
   426,5120.3,3145,41,1
   427,538.99,2365,43,1
   428,4694.3,1618.2,43,1
   429,658.06,1312.4,47,1
   430,4699.6,4059.6,43,1
   431,4950.4,1385.9,53,1
   432,2279.3,320.67,53,1
   433,5809.3,2135.9,45,1
   434,5380.7,2200.9,42,1
   435,550.29,2661.5,44,1
   436,5020.9,1282.6,53,1
   437,5580.4,3390.6,43,1
   438,2607.7,825.77,43,1
   439,4771.4,3134.6,43,1
   440,2482.9,1289.3,42,1
   441,3786.7,4777,42,1
   442,3801.8,1062.2,42,1
   443,5056.6,1577,42,1
   444,3811.4,864.2,43,1
   445,2889.4,725.5,43,1
   446,4274.6,1274.5,52,1
   447,5492.6,3699.6,53,1
   448,4550.2,1754.5,43,1
   449,691.21,1784,44,1
   450,3399.8,5844.2,57,1
   451,1965.9,5107.8,43,1
   452,5571.4,4151,53,1
   453,4923.5,1083.2,53,1
   454,183.71,3381.3,44,1
   455,5505.1,2946.7,53,1
   456,5068.8,2199.2,53,1
   457,4822.2,5168.2,53,1
   458,5377.4,3729.7,53,1
   459,659.87,1667.7,44,1
   460,3619.1,477.3,43,1
   461,3778.4,5137.8,53,1
   462,3365.6,495.17,54,1
   463,3677.3,626.28,54,1
   464,4026.9,1040.9,42,1
   465,4852.1,4358.4,43,1
   466,652.45,4134.4,44,1
   467,4994.7,2959.2,53,1
   468,1460.8,4616.9,43,1
   469,3719.7,818.24,53,1
   470,4796.6,1261.1,44,1
   471,2929.4,5343,43,1
   472,4993.1,2014.3,53,1
   473,2697.4,1000.6,42,1
   474,3551.8,922.31,43,1
   475,1969.1,541.56,43,1
   476,5630.8,3585.2,44,1
   477,4079,5250,45,1
   478,2456.1,873.02,43,1
   479,1423.6,5311.7,44,1
   480,769.16,3811,45,1
   481,813.65,4407.4,44,1
   482,4636.4,4127,42,1
   483,312.83,2497.8,44,1
   484,5908,3253.1,54,1
   485,4533.4,5222.3,44,1
   486,558.82,1649.2,44,1
   487,4019.1,5168.5,53,1
   488,1805.9,705.43,43,1
   489,2147.6,5064.8,54,1
   490,4617,1683.4,42,1
   491,1335.9,4370.5,44,1
   492,1014.3,4642.3,43,1
   493,5097.8,3235.4,43,1
   494,5304.2,4051.1,53,1
   495,4989.5,1664.4,53,1
   496,242.41,2677.5,43,1
   497,821.26,4763,55,1
   498,5339.2,3345.5,54,1
   499,1233.6,4605.8,44,1
   500,1802,1498,43,1
   501,4947.4,1920.3,43,1
   502,4877.4,2251.9,41,1
   503,4667.2,3677.8,43,1
   504,5189.4,2489.5,42,1
   505,5501.9,2362.2,53,1
   506,4279.5,708.05,43,1
   507,4703.6,4950.6,53,1
   508,4901.6,1283.4,53,1
   509,889.34,1995.6,43,1
   510,1734.9,884.32,44,1
   511,4731.8,4468,42,1
   512,5058.1,3826.5,43,1
   513,5659.6,1857,53,1
   514,4663.9,806.32,54,1
   515,2775.5,623.34,43,1
   516,4191.9,1348.3,43,1
   517,5829.7,3036.7,54,1
   518,5407.7,3526.9,53,1
   519,5545.6,2082.5,53,1
   520,1685.7,4652.1,44,1
   521,4924.9,3448,43,1
   522,4562.2,1233.4,43,1
   523,2255.7,1378.4,43,1
   524,5437.9,2753.8,53,1
   525,5425.1,1554,53,1
   526,1640.9,5142.5,44,1
   527,907.18,1756.4,53,1
   528,553.64,2020,44,1
   529,4514.2,666.34,53,1
   530,5000.6,1488,54,1
   531,5045.3,4955.9,54,1
   532,4508.9,4706.8,42,1
   533,5616.4,3689.3,54,1
   534,2517.1,5381.9,44,1
   535,4802.7,4268.6,57,1
   536,3962.2,492.58,53,1
   537,4760.3,3040.8,54,1
   538,2138.2,5288.7,44,1
   539,4826.7,868.01,54,1
   540,4995.9,981.24,54,1
   541,2235.1,5304.2,44,1
   542,4660.6,3866.6,52,1
   543,5826,2922.8,54,1
   544,4727,5109.6,44,1
   545,3345.3,5071.9,43,1
   546,1082.8,2312.9,43,1
   547,5520.9,1767,53,1
   548,2107.7,4660.1,44,1
   549,5647.6,2479.1,43,1
   550,642.7,3492.6,43,1
   551,947.42,1650.9,53,1
   552,5290.9,3649,54,1
   553,2753.4,235.8,53,1
   554,5489.8,2188.1,53,1
   555,3710.7,1044.7,43,1
   556,1983.5,759.81,53,1
   557,5261.4,4308.7,52,1
   558,5461.7,4326.7,54,1
   559,346.85,3227.6,44,1
   560,202.84,2810.9,43,1
   561,4840.5,2858.2,41,1
   562,1067.5,4209.7,44,1
   563,891.45,4856,55,1
   564,2978.2,114.92,52,1
   565,2273.1,5397.6,44,1
   566,394.05,1758.1,43,1
   567,3892.8,1021.6,43,1
   568,2577.3,5784.3,43,1
   569,1308.3,1593,44,1
   570,5438.4,1838.6,43,1
   571,4296.9,883.2,53,1
   572,5266.1,3767.8,53,1
   573,3846.4,508.13,53,1
   574,1369.2,4459.3,44,1
   575,2286.2,1547.3,43,1
   576,1863.9,506.48,54,1
   577,1122.3,4834.9,43,1
   578,4644.9,5158.6,44,1
   579,834.42,2740.2,43,1
   580,979.99,2948.8,44,1
   581,895.16,1102.1,53,1
   582,4531,4424.9,43,1
   583,5219.6,1868.3,43,1
   584,5668.5,2069.9,53,1
   585,2907,199.06,43,1
   586,5855.6,3357.2,54,1
   587,3001.2,771.08,43,1
   588,5478.7,1991,53,1
   589,1219.9,4803.4,43,1
   590,627.25,4492.9,44,1
   591,5025,2371.8,43,1
   592,4007.4,4952.8,43,1
   593,543.63,1483.7,44,1
   594,395.4,2942.8,44,1
   595,4391.3,4963.4,44,1
   596,4791.4,1565.7,53,1
   597,4391.6,4853.6,44,1
   598,2481.7,5815.2,57,1
   599,1124.2,1139.7,42,1
   600,4611.9,1330.6,53,1
   601,622.63,1567,54,1
   602,5302.2,2276.6,53,1
   603,1996.2,1064.3,43,1
   604,4297.3,4999.9,44,1
   605,5069,1387.1,53,1
   606,5737.5,2731.1,53,1
   607,3028.5,356.97,44,1
   608,388.34,2062.7,53,1
   609,455.16,3764.9,43,1
   610,5451.9,3157.4,53,1
   611,4541.1,2367.4,42,1
   612,5224,4414.5,54,1
   613,683.15,3978.7,54,1
   614,5473.9,1655.8,54,1
   615,2912.6,5243.1,44,1
   616,5011.7,2117,42,1
   617,1260.6,4438.4,44,1
   618,1434,608.03,54,1
   619,3693.4,188.77,53,1
   620,2953,5548.9,44,1
   621,848.15,4014.9,44,1
   622,2181.9,855.4,54,1
   623,1290.6,1081.3,54,1
   624,3220.3,217.64,54,1
   625,5574.6,3161,53,1
   626,4034.8,754.02,43,1
   627,4981.7,4043.5,43,1
   628,4062,1130.9,42,1
   629,1792.2,1398.1,43,1
   630,437.57,2349.9,43,1
   631,4937.7,4429.4,43,1
   632,784.95,2820.1,43,1
   633,5345.5,4163.7,54,1
   634,1161.4,1237.2,43,1
   635,5806.7,3735.1,53,1
   636,5252.2,1668.5,54,1
   637,5111.4,1004,53,1
   638,2584.7,717.21,53,1
   639,5639.4,3062.4,54,1
   640,3999.1,5543.8,44,1
   641,3262.1,5720.9,44,1
   642,4549.2,1970.6,52,1
   643,4141.5,567.97,53,1
   644,450.24,1966.6,54,1
   645,1140,2226.6,52,1
   646,3716.7,510.23,53,1
   647,673.61,4279,44,1
   648,3819.8,765.27,42,1
   649,3977.1,1200.3,53,1
   650,1951,428.77,54,1
   651,1214.8,1617.2,42,1
   652,665.42,3862.6,52,1
   653,4324.4,4764.5,53,1
   654,3087.2,140.36,53,1
   655,4628,3487,55,1
   656,3368.7,852.11,43,1
   657,4267.6,515.73,53,1
   658,5546.2,3268.7,53,1
   659,5026.9,3413.1,53,1
   660,5836.8,3142.6,44,1
   661,5213.8,3969,53,1
   662,5118.1,1837.4,54,1
   663,2656,5065,45,1
   664,5469.9,3809.8,53,1
   665,4781.1,4132.9,54,1
   666,2461.6,1491.8,42,1
   667,875.52,2256.3,42,1
   668,4440.7,5160.2,54,1
   669,3899.1,5501.9,53,1
   670,4945.5,2753.8,43,1
   671,499.43,2263.4,54,1
   672,3571.4,579.16,53,1
   673,4121,1432.5,42,1
   674,5752.9,3533,53,1
   675,747.45,3487.6,45,1
   676,859.11,2081.5,42,1
   677,4916.7,1578.7,53,1
   678,1792.9,605.39,42,1
   679,864.18,2649.9,43,1
   680,3687.8,5551.9,44,1
   681,878.18,3848.6,43,1
   682,4754.7,1458.4,52,1
   683,4587.9,2065.9,57,1
   684,5919.5,2845.5,55,1
   685,4172.4,5448.5,55,1
   686,5620.5,4343.2,44,1
   687,1829.1,5403,55,1
   688,3460.9,560.99,54,1
   689,4333.5,2002.1,56,1
   690,5756.4,3957.5,52,1
   691,3335.7,4962.8,53,1
   692,3183.2,5656.9,41,1
   693,186.84,3028.4,44,1
   694,4467.8,1896.1,43,1
   695,1137.8,1535.1,54,1
   696,3488.6,5524,53,1
   697,2737.9,5310.2,45,1
   698,2864.4,5418,44,1
   699,2583.2,1309.3,53,1
   700,1695.4,697,53,1
   701,2972.8,915.11,53,1
   702,1003,2837,43,1
   703,2559.1,5282.9,44,1
   704,154.52,3476.9,44,1
   705,4728.4,1348.7,53,1
   706,5242.2,2067.1,53,1
   707,2868.9,4833.5,44,1
   708,2364.9,207.1,54,1
   709,3331.5,5649.8,43,1
   710,5305.9,3035.7,44,1
   711,4855.7,1859.5,52,1
   712,4906.7,2096.9,53,1
   713,5195.6,3576.7,52,1
   714,349.54,1853,41,1
   715,5077.5,4065.4,43,1
   716,2399.1,1240.1,43,1
   717,4910.4,1756.7,53,1
   718,5225.2,3431.9,43,1
   719,2072,280.12,53,1
   720,4666.1,2425.9,55,1
   721,298.14,2998.2,54,1
   722,853.83,4126.1,55,1
   723,4973.8,2464.1,54,1
   724,664.74,2005.6,54,1
   725,5639.3,3480.9,54,1
   726,4930.2,3346.4,52,1
   727,2045.7,5046.4,42,1
   728,349.45,2279.2,54,1
   729,200,2479,54,1
   730,5486.8,2845.6,42,1
   731,3527.4,4673.1,53,1
   732,1379.7,4564.8,54,1
   733,1888.9,1422.8,42,1
   734,3419.1,5437.2,44,1
   735,2299.2,1183.5,42,1
   736,1294.4,4524.8,43,1
   737,759.98,3203.2,43,1
   738,4712.8,689.2,54,1
   739,1240.7,1514.1,43,1
   740,3912.8,593.68,43,1
   741,3076.4,1140.6,43,1
   742,450.76,2642.1,43,1
   743,4775.5,2552.5,43,1
   744,4207,5052.3,53,1
   745,1952.2,1299.2,43,1
   746,3881.3,5342.8,54,1
   747,4077.7,5364.6,54,1
   748,5078.9,4845.2,54,1
   749,4356,1184.5,53,1
   750,2392.2,622.9,41,1
   751,744.29,1600.9,54,1
   752,4581.9,4616.8,43,1
   753,5515.6,3059.5,54,1
   754,3905.7,385.32,53,1
   755,1676.5,573.82,53,1
   756,1842.5,1216.3,53,1
   757,3185.1,1290.7,53,1
   758,2771.4,5402.1,44,1
   759,4961.9,4646.1,54,1
   760,4581.7,2546,53,1
   761,5452.4,4112.9,54,1
   762,5176.7,4585.6,43,1
   763,4944.3,875.95,54,1
   764,4868.4,1476.1,52,1
   765,4170.3,447.1,51,1
   766,1799.3,5046.9,44,1
   767,1061.5,1217.1,43,1
   768,4123.4,808.51,53,1
   769,4320.6,4324,43,1
   770,2189.8,719.85,54,1
   771,1436.3,1227.1,53,1
   772,4573.5,2452.1,51,1
   773,5326.4,3932.6,53,1
   774,2468.3,5093.8,44,1
   775,117.31,2757,44,1
   776,1282.1,5148.5,55,1
   777,3179.6,501.04,43,1
   778,4752.1,3814.9,54,1
   779,4194.3,1561.8,52,1
   780,5709.8,2606.4,54,1
   781,623.29,2295.8,53,1
   782,344.11,3746.2,55,1
   783,1904.1,5019.5,55,1
   784,723.25,2584.8,44,1
   785,3636,376.75,43,1
   786,4307.2,1092.2,42,1
   787,1451.4,1334.3,43,1
   788,3637.1,4886.1,43,1
   789,4583.6,3350.8,51,1
   790,5523.5,2668.1,53,1
   791,4276,391.02,54,1
   792,4692.5,1239.1,53,1
   793,4089.4,1332.6,53,1
   794,5759,2499.9,54,1
   795,4546.9,4323.1,53,1
   796,5536.6,2472,53,1
   797,4018.4,591.79,54,1
   798,2501,5193.5,44,1
   799,956.92,1004.3,54,1
   800,4634.9,606.97,54,1
   801,1174.6,1437.4,43,1
   802,5178.5,3684.6,52,1
   803,4223.7,4728.9,44,1
   804,3935.1,4862.5,53,1
   805,5404.2,2645.2,54,1
   806,1159.4,2941.9,42,1
   807,1510.5,5472.8,45,1
   808,505.42,3076.3,43,1
   809,1827.2,4852.4,44,1
   810,3447.1,925.24,53,1
   811,258.81,3533.8,54,1
   812,580.6,2194,42,1
   813,2280.8,801.74,53,1
   814,3084.5,813.33,43,1
   815,3614.5,5479.9,43,1
   816,739.02,1395.3,53,1
   817,2833.2,5321.2,43,1
   818,3490,5313.7,53,1
   819,485.33,4128.3,54,1
   820,2585.5,595.49,54,1
   821,3119.5,408.86,53,1
   822,3426.8,5022.4,44,1
   823,4943.7,4883.7,54,1
   824,2317.4,548.11,52,1
   825,1262,761.01,54,1
   826,3981.4,5305,43,1
   827,1797,982.29,53,1
   828,1880.4,776.37,43,1
   829,1522.6,921.21,53,1
   830,1511,1627.4,44,1
   831,650.13,3180.7,54,1
   832,2153.2,489.44,54,1
   833,326.28,1953.5,54,1
   834,4734,3486.2,53,1
   835,2870.8,920.95,43,1
   836,5181.8,1094.4,53,1
   837,5121.8,1486.7,54,1
   838,4696,3966.8,43,1
   839,1444.9,4714.1,44,1
   840,1346.8,979.19,54,1
   841,597.38,1740.2,44,1
   842,5184.7,4796.2,54,1
   843,1821.9,1606.1,52,1
   844,2377.4,1525.8,54,1
   845,1568.8,1309.4,43,1
   846,3667.3,5692,54,1
   847,4951.7,4325,54,1
   848,5239.1,2374.8,53,1
   849,3062.7,1043.7,43,1
   850,972.7,2281,43,1
   851,4900.2,3983.4,41,1
   852,1758,507.24,43,1
   853,1336.5,5365.6,43,1
   854,5045.4,4259.7,54,1
   855,4004.3,1416.9,53,1
   856,2247.1,5094.4,44,1
   857,3646.5,897.85,42,1
   858,1639.3,928.36,53,1
   859,972.97,1538,53,1
   860,1412.9,1437.2,43,1
   861,4622.6,2147.6,43,1
   862,4102.7,5696.6,52,1
   863,2308.4,685.67,52,1
   864,4447.6,1482.8,53,1
   865,2217.2,602.88,53,1
   866,3059.9,5062.5,44,1
   867,1016,1113.3,54,1
   868,4668,1791.5,53,1
   869,272.05,2044.3,45,1
   870,4331.8,1495.6,53,1
   871,463.18,1850.6,54,1
   872,3416.9,5231.3,44,1
   873,4380.3,1863.3,42,1
   874,1318.5,4276.1,43,1
   875,4992,4149.5,53,1
   876,2395.6,5390.3,44,1
   877,3316.1,1112.4,42,1
   878,1789.6,5223.2,44,1
   879,5384.2,2958.7,52,1
   880,3949.6,694.57,53,1
   881,2097.5,4957.6,45,1
   882,5486.3,3356.2,43,1
   883,849.08,3432.7,44,1
   884,2920.2,821.68,43,1
   885,4114.8,4971.2,54,1
   886,4055.6,1518.8,52,1
   887,1271.9,1979.1,42,1
   888,856.21,1375.1,53,1
   889,2810.7,517.63,53,1
   890,1264,1702.6,42,1
   891,4894,4217.4,53,1
   892,2690.7,5477.8,55,1
   893,2255.6,440.26,54,1
   894,3289.2,5257,45,1
   895,4561.6,1492.9,52,1
   896,2165.2,4739.5,54,1
   897,2742.9,905.09,45,1
   898,5777.1,2044,48,1
   899,1489.3,5164.3,55,1
   900,4319.3,1382.3,52,1
   901,1954.9,874.26,54,1
   902,4947.1,2858.5,53,1
   903,3547.6,5706.6,55,1
   904,3187.3,5800.7,54,1
   905,2684.2,1292.7,52,1
   906,2453.9,5295,55,1
   907,5115.4,2960.5,53,1
   908,3293.1,5859.1,54,1
   909,3178.8,720.68,53,1
   910,4418.7,1678,53,1
   911,2658.3,338.88,54,1
   912,5112.3,4166.9,54,1
   913,2001.8,4960.6,44,1
   914,4636.8,5043.1,54,1
   915,917.36,4441.1,55,1
   916,1684.2,5036.9,54,1
   917,4520.1,1114.4,53,1
   918,891.8,2849.9,53,1
   919,3446,5643.8,53,1
   920,4738.9,5348.9,43,1
   921,5230.2,3147.9,54,1
   922,227.85,2249.5,50,1
   923,2014.2,646.38,54,1
   924,4954.3,3794.1,53,1
   925,4798.8,5029.9,54,1
   926,1787.3,5640.2,45,1
   927,1471.2,809.34,53,1
   928,1718.1,5554.7,54,1
   929,4797.8,2062.2,52,1
   930,1466,5016.3,54,1
   931,4779.4,1948.4,53,1
   932,4696.2,2608.1,42,1
   933,2637.2,1402,42,1
   934,3258.3,1198.9,53,1
   935,3881.9,5094.4,51,1
   936,2853,297.34,54,1
   937,5072.8,4613.5,53,1
   938,1947.1,5479.1,55,1
   939,312.48,2880.2,44,1
   940,4630.5,1145.9,54,1
   941,1867.4,4749.2,53,1
   942,2353.9,896.62,53,1
   943,3722.8,4688.2,53,1
   944,1782,4694.5,56,1
   945,926.91,3939.2,53,1
   946,4017.7,863.91,53,1
   947,3613.4,5137.7,53,1
   948,2690.6,554.99,53,1
   949,2516,801.66,44,1
   950,4728.4,5235.5,54,1
   951,5002.5,1824.2,54,1
   952,3376.1,5549,53,1
   953,1229.8,5000.6,56,1
   954,2015.5,1556.8,55,1
   955,210.12,2362.8,54,1
   956,3265.1,1370.5,52,1
   957,5867,2441.6,53,1
   958,1267.6,882.42,54,1
   959,4275.8,5515.6,55,1
   960,1084.1,4510,55,1
   961,5108.2,2674.8,52,1
   962,4222.1,1448.7,53,1
   963,4743.1,4364.5,53,1
   964,5191.5,2593.7,53,1
   965,3379.4,5332.8,54,1
   966,2062.7,404.52,54,1
   967,980.23,3709.1,54,1
   968,4191.8,4612.3,42,1
   969,3785.7,406.33,53,1
   970,1157.5,4412,53,1
   971,3721.9,306.89,53,1
   972,268.1,3305.7,54,1
   973,4749.9,4765.1,54,1
   974,2253.4,949.69,52,1
   975,4221.4,4934,44,1
   976,1339.6,1503.2,43,1
   977,1515.6,4902.9,54,1
   978,3425.3,5124.4,44,1
   979,718.35,2750.9,44,1
   980,4168.9,4460.7,41,1
   981,5941.7,3153,44,1
   982,2815.4,827.63,52,1
   983,2024.2,4863.5,44,1
   984,5132.9,4484.6,53,1
   985,3428.2,1324.2,53,1
   986,5371.1,2850.2,52,1
   987,1855.6,5292.5,43,1
   988,967.99,4546.1,54,1
   989,5232.7,4193.3,55,1
   990,4660.4,4837.2,53,1
   991,1123.3,4619,54,1
   992,792.56,3921.7,55,1
   993,2459.8,407.6,53,1
   994,5066.3,2860.6,54,1
   995,4626.9,5288.1,55,1
   996,4361.5,5078.1,43,1
   997,1348.8,2042.1,43,1
   998,4395.7,962.56,53,1
   999,1578,5240,55,1
  1000,1033.4,1738.4,54,1
  1001,461.54,3249.8,54,1
  1002,743.68,4189.4,55,1
  1003,2471.6,697.07,53,1
  1004,2066.3,850.26,53,1
  1005,5153.8,1954.4,53,1
  1006,3005.8,5230.5,43,1
  1007,4970,3239,52,1
  1008,5124.1,2412.1,52,1
  1009,5000.5,3932.4,53,1
  1010,842.98,3146.8,44,1
  1011,3511.4,5190.9,53,1
  1012,1065,1439.1,54,1
  1013,1786.8,398.98,55,1
  1014,2290.9,5004.3,44,1
  1015,282.83,3112,55,1
  1016,4355.6,4421.3,45,1
  1017,1896.4,630.79,53,1
  1018,4940.8,2573,53,1
  1019,5193.4,4935,53,1
  1020,206.13,2918,54,1
  1021,4291.5,1618.5,53,1
  1022,3496.1,4958.3,44,1
  1023,2880.2,614.42,53,1
  1024,1154.9,1702.5,54,1
  1025,3397.1,1046.5,52,1
  1026,1400.8,1652.6,53,1
  1027,4992.7,3693.6,42,1
  1028,5720.1,4153.2,46,1
  1029,3975.5,5416.9,55,1
  1030,3588.2,5589.1,54,1
  1031,2118,4846.6,44,1
  1032,717.08,2102.3,41,1
  1033,1152.1,3135.4,42,1
  1034,3880.6,1266.2,53,1
  1035,781.66,4653.9,55,1
  1036,1240.5,2560.8,53,1
  1037,1682.3,1362.2,42,1
  1038,1649.6,4745.8,43,1
  1039,1520.7,5353.7,55,1
  1040,660.79,3761.1,44,1
  1041,1323.3,4657.9,54,1
  1042,2340.3,5488,54,1
  1043,777.18,2271.3,43,1
  1044,2036.9,966.08,53,1
  1045,306.45,2765,55,1
  1046,2602.7,1073.4,43,1
  1047,4685.5,2232,53,1
  1048,2592.9,4702.2,53,1
  1049,1374,3963.8,55,1
  1050,1105.7,2125.1,43,1
  1051,4615.7,4723.9,54,1
  1052,1939.9,5355.9,55,1
  1053,4688.8,2026.6,53,1
  1054,3468.5,790.67,53,1
  1055,2512.3,5585.5,55,1
  1056,4781.3,3321.1,53,1
  1057,1083,4735.4,55,1
  1058,3893.5,5626.1,54,1
  1059,4842.9,3787,43,1
  1060,2057.8,1187.9,54,1
  1061,3602.2,5246.4,44,1
  1062,3558,1257.2,55,1
  1063,1292.3,2115.4,43,1
  1064,416.86,3141.3,54,1
  1065,2621.1,455.64,53,1
  1066,5549,4419.7,47,1
  1067,374.18,4059.5,55,1
  1068,2392.3,781.35,53,1
  1069,2573.5,251.01,53,1
  1070,5424.1,3267.1,53,1
  1071,428.22,3654.7,53,1
  1072,1522.9,1103.2,54,1
  1073,3083.3,937.19,53,1
  1074,284.54,2151,54,1
  1075,5189.4,4081,53,1
  1076,1375.2,5217.5,55,1
  1077,2573.6,136.19,43,1
  1078,1205.9,1891.1,53,1
  1079,2367.7,5719.8,55,1
  1080,5278.4,4864.6,43,1
  1081,2668.6,1196.5,55,1
  1082,4549.2,3668.7,52,1
  1083,4636.1,4412.9,53,1
  1084,2280.6,5196.8,54,1
  1085,3047,5622.6,54,1
  1086,2297.4,4902.2,44,1
  1087,1062,1620,54,1
  1088,1695.3,1037.9,53,1
  1089,3710.8,4947.6,43,1
  1090,4178,5309.3,54,1
  1091,574.04,4337.9,55,1
  1092,2895.6,1027.8,52,1
  1093,3510.9,1038.5,53,1
  1094,3997.4,1679.8,55,1
  1095,3255.4,577.81,54,1
  1096,4774.2,2940.3,52,1
  1097,4526.4,2138,43,1
  1098,2783.5,5724.8,54,1
  1099,2167,354.16,52,1
  1100,543.67,3694.7,55,1
  1101,800.82,1927,54,1
  1102,1407.3,1110,53,1
  1103,2167.7,5183,52,1
  1104,4177.1,1795.3,53,1
  1105,4886.3,3694.9,53,1
  1106,5224.4,2705.5,53,1
  1107,2485.6,1078.7,43,1
  1108,4416.2,4128.2,52,1
  1109,882.05,3233.5,56,1
  1110,4717.8,2131.1,43,1
  1111,2670.6,5714.4,54,1
  1112,682.88,1889.5,54,1
  1113,3487,149,53,1
  1114,4286.4,5149.5,54,1
  1115,1162.1,3955.9,44,1
  1116,5944,3052.6,44,1
  1117,3728.7,4850.2,56,1
  1118,5538.2,4034,53,1
  1119,568.45,3940.6,55,1
  1120,4493.9,4894,53,1
  1121,436.49,2470.1,50,1
  1122,288.6,3645,54,1
  1123,1803.5,1103.3,54,1
  1124,5464.3,4613.4,45,1
  1125,2541.9,997.52,43,1
  1126,4430,1983.1,42,1
  1127,3238.8,4921.4,55,1
  1128,408.08,3464.7,54,1
  1129,4545.7,4522.3,43,1
  1130,946.49,3485.4,42,1
  1131,3365.9,741.38,53,1
  1132,1627.8,1493.7,43,1
  1133,4852.8,3232.8,54,1
  1134,1444,4392,44,1
  1135,1838.2,875.39,53,1
  1136,1427.9,4826.7,54,1
  1137,5418,2448.5,53,1
  1138,2936.7,5663.3,54,1
  1139,1325.9,4776.9,54,1
  1140,2385.7,4754.7,55,1
  1141,3076.4,5294.4,44,1
  1142,532.79,3465.8,54,1
  1143,2394.5,5597.2,56,1
  1144,3523.9,1360.1,52,1
  1145,4268.9,5392.1,52,1
  1146,1039.1,5110.3,44,1
  1147,2853.9,4724.7,53,1
  1148,1206.3,2323.5,54,1
  1149,4991.6,5170.9,44,1
  1150,802.5,2170.7,53,1
  1151,4187.6,1678.9,53,1
  1152,3164.9,1395.7,43,1
  1153,5017.4,4503.7,52,1
  1154,3400.1,1171.8,53,1
  1155,1859.9,5134.3,54,1
  1156,716.7,4813.3,45,1
  1157,3339.2,5172.7,55,1
  1158,4178.4,5187.3,54,1
  1159,4674,2515.5,43,1
  1160,2098,5714.3,55,1
  1161,1497.8,2466.8,52,1
  1162,677.8,4391.6,55,1
  1163,474.04,3868.6,54,1
  1164,1422.3,5419.7,44,1
  1165,781.79,4889.3,44,1
  1166,5298.2,2470,53,1
  1167,1862.3,1329.9,42,1
  1168,1149.3,4150,44,1
  1169,850.73,3639,42,1
  1170,978.29,3264.6,43,1
  1171,4569.3,1856.7,53,1
  1172,2464.6,1174.2,57,1
  1173,2559.8,5063.3,44,1
  1174,2642.9,5367.8,54,1
  1175,774.79,2027,55,1
  1176,2870.7,5119.5,44,1
  1177,4870.4,4714.6,53,1
  1178,4887.6,4088.7,53,1
  1179,628.02,2955.3,54,1
  1180,1151,4051.9,44,1
  1181,1124.1,3873.4,51,1
  1182,3441.8,1424.2,52,1
  1183,1036.1,4406.6,54,1
  1184,901.32,4662.8,55,1
  1185,3258.3,5568.7,54,1
  1186,1189.7,2040.5,52,1
  1187,3758.5,5331.6,54,1
  1188,4314.5,1729.6,52,1
  1189,3548.3,4571.3,53,1
  1190,5108.2,2063.7,53,1
  1191,4914.5,5240.5,45,1
  1192,1013.1,4844.4,54,1
  1193,1953.3,1191.7,53,1
  1194,409.33,2180.9,53,1
  1195,2786,5058.7,54,1
  1196,1712.2,5428.7,55,1
  1197,4881.1,3128.8,53,1
  1198,347.28,3864.1,55,1
  1199,5516.2,4528.6,45,1
  1200,419.88,2841.8,54,1
  1201,5722.2,1953.5,52,1
  1202,1919.9,4898.2,54,1
  1203,747.29,4072.9,54,1
  1204,773.94,2442.4,55,1
  1205,1378.9,4940.3,55,1
  1206,2974,5125.2,54,1
  1207,1914.7,985.36,53,1
  1208,291.33,3419.1,54,1
  1209,1632.2,4853.6,54,1
  1210,1309.5,4180.2,54,1
  1211,799.45,3289.5,43,1
  1212,3854.1,1153.1,52,1
  1213,1383.1,2158.5,55,1
  1214,2906.7,480.42,43,1
  1215,156.64,3126.9,53,1
  1216,3712.4,5442.3,54,1
  1217,3597.6,4985.8,53,1
  1218,529.52,4450,51,1
  1219,180.79,3687,43,1
  1220,2989.4,5778.1,56,1
  1221,3511.4,1161,53,1
  1222,3580.2,815.72,53,1
  1223,2230.8,5690.7,54,1
  1224,2144.8,5597.1,55,1
  1225,1547.8,1540.4,56,1
  1226,1549,1717.8,43,1
  1227,4412.3,1077.2,53,1
  1228,1893.3,1519.4,55,1
  1229,1562,4305.5,53,1
  1230,2801,985.81,43,1
  1231,3549.9,697.52,53,1
  1232,3763.2,4423.5,54,1
  1233,4476.4,4599.5,52,1
  1234,1091.6,1325.5,51,1
  1235,1899.8,4496,52,1
  1236,4528.5,4003.7,53,1
  1237,1621.9,4458.5,44,1
  1238,2902.2,5024.3,44,1
  1239,845.1,4543.5,55,1
  1240,2057.7,5156.4,54,1
  1241,4687.1,3576,53,1
  1242,1165.3,5120.8,55,1
  1243,4574.6,5482.4,44,1
  1244,2576.8,5472.1,54,1
  1245,4794.1,4012.8,53,1
  1246,2257.4,1268.4,57,1
  1247,2977.5,1107.1,55,1
  1248,1507.4,1417.8,42,1
  1249,802.37,1810,54,1
  1250,4650.5,4303.5,43,1
  1251,4479.6,2486.5,43,1
  1252,4488.8,2053.1,53,1
  1253,4603.6,2635,51,1
  1254,1568.6,5069.5,54,1
  1255,2578.4,5891.1,45,1
  1256,4447.5,4481.7,53,1
  1257,4976.2,4772.5,54,1
  1258,4404.3,4684.4,53,1
  1259,2159.6,5400.5,55,1
  1260,3202.8,5916.1,43,1
  1261,4829.1,5291.7,46,1
  1262,1723.4,4919.5,54,1
  1263,3901.1,1379.8,53,1
  1264,3150.2,4975.2,54,1
  1265,4103.6,5091.3,54,1
  1266,851.02,4241.2,54,1
  1267,109.83,2861.5,44,1
  1268,1540.8,4409.2,55,1
  1269,679.47,2494,56,1
  1270,4826.3,3588.7,53,1
  1271,4206.8,5676.5,44,1
  1272,1720.9,1179.6,53,1
  1273,1206.4,1337.5,53,1
  1274,505.21,2970.5,54,1
  1275,5750.3,4065,44,1
  1276,4486,5535,45,1
  1277,336.8,2393.9,53,1
  1278,3618.3,4689.8,52,1
  1279,2678.1,5841,55,1
  1280,4587.9,4217.2,53,1
  1281,2611.2,4976.9,57,1
  1282,3128.2,5400.4,54,1
  1283,1024.6,2190.2,53,1
  1284,1892.4,5629.9,54,1
  1285,769.57,1285.2,53,1
  1286,4652.1,4535.8,53,1
  1287,586.33,3586.7,54,1
  1288,1303.3,1854.9,56,1
  1289,1057,3647.7,57,1
  1290,581.28,4219.3,56,1
  1291,4842.6,2636.9,53,1
  1292,540.39,4558.9,44,1
  1293,2338,5300.8,55,1
  1294,159.32,3588.3,45,1
  1295,4395.6,3819.7,52,1
  1296,963.87,1320.4,52,1
  1297,1771.6,4597.6,57,1
  1298,2221.8,4830.9,54,1
  1299,2982.8,661.35,53,1
  1300,4839.5,4464,53,1
  1301,1169.7,5237.4,49,1
  1302,1531.3,1811.4,42,1
  1303,2395.9,5193.7,54,1
  1304,3797.4,5011,54,1
  1305,2515.4,1402.4,52,1
  1306,2206.9,1629.9,55,1
  1307,2440.4,978.48,54,1
  1308,3351.8,4854.5,43,1
  1309,2225.8,5499.8,55,1
  1310,3773,1235.9,53,1
  1311,2150.8,987.64,53,1
  1312,3183.2,841.82,51,1
  1313,4731.8,2836,52,1
  1314,671.57,4712.4,51,1
  1315,453.97,4246.6,56,1
  1316,608.81,2573.7,54,1
  1317,952.06,4051.8,56,1
  1318,2004.9,4484,57,1
  1319,3177.8,1083,54,1
  1320,2801.2,5512.5,56,1
  1321,3100.7,1233.9,53,1
  1322,3975.8,1308.6,56,1
  1323,5661.1,4240,47,1
  1324,4280.1,1840.1,54,1
  1325,915.69,2168.8,43,1
  1326,3903.5,4975.9,53,1
  1327,4915.6,2346.3,53,1
  1328,4515.4,3430,53,1
  1329,4892.3,3882,56,1
  1330,2813.7,5212.4,54,1
  1331,3626.4,5356.9,54,1
  1332,3607.7,5814.7,53,1
  1333,3919.9,5211.3,54,1
  1334,3349.4,1429.7,53,1
  1335,2994.5,5897.5,50,1
  1336,2110.8,1096.1,55,1
  1337,1140.5,2488.2,56,1
  1338,741.14,4493,53,1
  1339,2626.3,4804.7,54,1
  1340,3190.7,963.92,55,1
  1341,2627.5,5584,55,1
  1342,1964.6,4687.5,53,1
  1343,1739,4795.5,54,1
  1344,4752.6,2463.2,42,1
  1345,4040.9,4863.3,43,1
  1346,4614.5,3762.4,52,1
  1347,483.36,2742.7,54,1
  1348,1739,1665.7,56,1
  1349,2877.9,1161.8,55,1
  1350,755,3703.5,56,1
  1351,227.45,3784,51,1
  1352,921.64,5045.5,44,1
  1353,4300.3,5633.1,44,1
  1354,2760.7,1194.9,43,1
  1355,828.17,2547.3,53,1
  1356,4366.6,4239.4,54,1
  1357,2044.8,5398.6,54,1
  1358,1369.8,1940.7,52,1
  1359,1056.7,2761.6,44,1
  1360,872.81,1249.8,42,1
  1361,1939.7,5216,54,1
  1362,4858.8,2486.3,53,1
  1363,980.09,1943.4,54,1
  1364,2343.8,1011.8,42,1
  1365,3907.5,5751.4,52,1
  1366,1837.1,5526.4,53,1
  1367,3776.7,5658,54,1
  1368,4667.6,2993,53,1
  1369,1024.8,3882.9,55,1
  1370,1088.2,1896.6,53,1
  1371,581.41,4051.1,56,1
  1372,832.54,3045.1,53,1
  1373,2572.2,4885.6,43,1
  1374,996.83,4299.4,56,1
  1375,1757.8,1292,54,1
  1376,768.66,2666.7,44,1
  1377,2154.2,1237.8,53,1
  1378,4676.9,4639.8,43,1
  1379,4380.2,5446.1,54,1
  1380,2741.3,5615,55,1
  1381,3790.5,5539.6,57,1
  1382,627.32,3392.1,53,1
  1383,562.37,2467.3,51,1
  1384,2691.7,683.86,53,1
  1385,3441.6,4875.4,56,1
  1386,2846.8,1370.6,51,1
  1387,2719.4,4848,54,1
  1388,1501.6,4107.3,53,1
  1389,503.95,2111,52,1
  1390,2714,5157,55,1
  1391,1080.6,1015.8,53,1
  1392,3172.4,5254.1,54,1
  1393,104.05,2967.9,45,1
  1394,2034.5,5278.7,54,1
  1395,3701.8,5223.4,54,1
  1396,233.93,3888.7,44,1
  1397,3794,5779.9,50,1
  1398,1542.2,4785.7,54,1
  1399,366.03,4176.4,46,1
  1400,3517.1,5073.8,52,1
  1401,4081.7,1737.6,57,1
  1402,4741.7,2695.8,52,1
  1403,1354.6,1765.9,53,1
  1404,1456.2,1744.8,57,1
  1405,5383.2,4682.9,53,1
  1406,673.26,2853.2,57,1
  1407,1115.9,4305.6,54,1
  1408,686.33,3288.2,55,1
  1409,4038.9,4214.3,52,1
  1410,3658.9,1230.3,53,1
  1411,4363.9,4564,52,1
  1412,2201.7,4950.3,54,1
  1413,607.33,2756,54,1
  1414,959.6,4177.3,54,1
  1415,2342.4,1328.2,53,1
  1416,2169.3,5797.1,46,1
  1417,5138.4,5027.7,45,1
  1418,2254.2,4446.6,55,1
  1419,2376.4,1115.1,53,1
  1420,511.68,3354.6,54,1
  1421,4114.3,4161.1,53,1
  1422,2298.9,4551.9,53,1
  1423,2736.1,1381.4,50,1
  1424,3076.4,4644.4,48,1
  1425,2383,4956.7,54,1
  1426,4703.6,4216,53,1
  1427,1989.5,1398.9,54,1
  1428,4612.8,3251.2,52,1
  1429,2382.9,5835.3,44,1
  1430,1190.2,3039.9,53,1
  1431,879.4,2952.9,56,1
  1432,896.98,1871,55,1
  1433,1067.8,2907.1,56,1
  1434,1423.4,4291.4,54,1
  1435,4568.5,3906.3,54,1
  1436,4313.8,4136.7,49,1
  1437,1058.5,3111,56,1
  1438,1375.7,2258.4,52,1
  1439,1468.3,4492.1,53,1
  1440,943.26,2579,56,1
  1441,3629.8,1119.5,53,1
  1442,1258.3,2236.7,52,1
  1443,2529.6,4799.3,56,1
  1444,1440.1,1543.6,53,1
  1445,1055.2,4105.8,53,1
  1446,2795.2,1095.1,51,1
  1447,2152.6,1360,55,1
  1448,1026.7,2498.2,57,1
  1449,543.85,2858.2,55,1
  1450,1650.6,4069.5,57,1
  1451,2896.7,1267.2,53,1
  1452,2997.3,1221.9,52,1
  1453,4528,4116.2,53,1
  1454,3617.9,1003.3,53,1
  1455,1203.2,2143.9,55,1
  1456,847.96,4968.3,45,1
  1457,3630.2,1346.9,55,1
  1458,2929.1,4919.3,53,1
  1459,1264.6,2672.3,52,1
  1460,2784.7,1288.1,55,1
  1461,3666.7,4775.4,54,1
  1462,3248.8,5033.9,54,1
  1463,1459.6,4021.3,53,1
  1464,2456.4,5478.5,57,1
  1465,4254.2,4030.5,53,1
  1466,1068.7,2027.7,53,1
  1467,623.55,3068.8,53,1
  1468,4769.3,3712.2,54,1
  1469,4473.9,4232.2,54,1
  1470,1636.3,4228,55,1
  1471,3357.4,4572.9,51,1
  1472,1304,2334.1,52,1
  1473,1134,2605.2,53,1
  1474,292,3976.5,49,1
  1475,1654.7,1718.7,53,1
  1476,3624.4,1453.2,55,1
  1477,4727.1,3221,55,1
  1478,4384.1,5566.6,50,1
  1479,2436.1,4849.1,54,1
  1480,3691.7,5055.9,54,1
  1481,944.77,2737.4,57,1
  1482,3038.1,4954.2,54,1
  1483,4002.6,4650.4,55,1
  1484,1576.9,4672.9,52,1
  1485,4118.1,4723.4,55,1
  1486,3337.9,1278.6,56,1
  1487,2325.1,1445.8,55,1
  1488,3233.3,5354.4,52,1
  1489,1305.5,2859.5,50,1
  1490,1439.3,1855.2,50,1
  1491,3991.7,4530.7,53,1
  1492,2962.7,4805.9,57,1
  1493,3876.5,1494.8,53,1
  1494,3089.2,5168.8,55,1
  1495,3453.1,4557.8,55,1
  1496,4145.8,4857.1,53,1
  1497,740.65,3594,54,1
  1498,2236.8,1079.7,54,1
  1499,4647.7,5405.7,50,1
  1500,2601.4,5165.1,54,1
  1501,1400.5,2362.3,54,1
  1502,141.85,3277.4,49,1
  1503,2280.3,5801,49,1
  1504,3986.9,5059.7,53,1
  1505,901.8,3341.1,56,1
  1506,4659.7,3130,57,1
  1507,4292.2,4652.3,56,1
  1508,1072.4,3761.4,57,1
  1509,751.14,3385.6,54,1
  1510,960.71,3161.5,53,1
  1511,4794.6,2367.7,47,1
  1512,2054.7,1293.3,54,1
  1513,2412.6,1407.5,54,1
  1514,844.89,3540.6,56,1
  1515,1029.5,2661.2,54,1
  1516,1316.7,1395,53,1
  1517,1646.1,4363.3,57,1
  1518,1059.8,3990.6,53,1
  1519,1683.5,2216.2,52,1
  1520,1363.9,4076.6,53,1
  1521,2566.1,1181.2,52,1
  1522,3827.3,4881.7,57,1
  1523,3372.5,4762.1,49,1
  1524,2082.5,1472.8,54,1
  1525,954.13,2371.9,55,1
  1526,1155.1,3573.8,55,1
  1527,3236.5,5155,56,1
  1528,1191.9,3787.6,53,1
  1529,1683.7,4542.3,54,1
  1530,3998.6,4762.2,55,1
  1531,870.92,3743.7,54,1
  1532,2064.6,4759.3,53,1
  1533,3880.1,4362.1,47,1
  1534,766.95,2924.8,52,1
  1535,4385,4017.1,57,1
  1536,3099,5923.5,44,1
  1537,4678.7,3341.7,48,1
  1538,3747.8,1352,55,1
  1539,3712.1,5846,43,1
  1540,3573.6,4782.5,54,1
  1541,454.57,4362.5,49,1
  1542,2881.3,5879,49,1
  1543,4516.7,3823.6,49,1
  1544,2818.2,4930,54,1
  1545,691.99,2202.5,53,1
  1546,593.97,4638,45,1
  1547,2494.4,4979.4,54,1
  1548,1481.9,1972.4,56,1
  1549,2360.8,5079.3,53,1
  1550,2184.9,1524,55,1
  1551,3782,1560.6,53,1
  1552,1567.3,4553.3,54,1
  1553,1872.5,4608.4,54,1
  1554,1056.7,3540.6,53,1
  1555,3944.1,4432.7,51,1
  1556,4837.2,2762.1,57,1
  1557,2703.2,803,50,1
  1558,3143.2,4580.8,54,1
  1559,4457,2216.7,54,1
  1560,4460.8,3908,55,1
  1561,4387.4,3726.7,52,1
  1562,4068,4452.1,57,1
  1563,954.93,3610.4,56,1
  1564,2297.9,1645,43,1
  1565,841.64,2356.2,51,1
  1566,3499.3,5856.7,48,1
  1567,1375.8,3849.8,53,1
  1568,1488.2,2823.5,49,1
  1569,4391.2,2092.1,54,1
  1570,2578.2,1504.4,57,1
  1571,4548.4,2900.9,57,1
  1572,1048.7,2399.8,52,1
  1573,4578.7,3570.8,52,1
  1574,2361.3,4647.2,53,1
  1575,4116.6,1961,53,1
  1576,4442.7,4362.3,50,1
  1577,1596.2,1977.4,57,1
  1578,3544,4876.8,52,1
  1579,949.59,3047.9,57,1
  1580,1221.2,2819.9,44,1
  1581,4250.2,4536.1,55,1
  1582,1719.3,1557,49,1
  1583,1245.3,4100.7,57,1
  1584,1753.8,4014.8,54,1
  1585,4485.6,3536.9,57,1
  1586,1268.3,3987.5,52,1
  1587,393.45,3344.6,57,1
  1588,3879.6,4745.8,55,1
  1589,2287.3,4730.8,57,1
  1590,1745,1773.4,46,1
  1591,4206.6,4124.4,56,1
  1592,1149.6,2717.1,57,1
  1593,2957.1,1365.7,51,1
  1594,2773.7,1489.7,52,1
  1595,1536,2158.2,57,1
  1596,1983.6,5699.2,47,1
  1597,1393.5,2518.8,50,1
  1598,1322.2,3140.6,54,1
  1599,3818.3,4657.6,50,1
  1600,4431.3,2386.2,57,1
  1601,2205.2,1726.6,44,1
  1602,3114.9,4861.9,57,1
  1603,1684.4,1925.7,55,1
  1604,1216.2,4234.9,52,1
  1605,1263.6,3872,57,1
  1606,1733.6,4422.8,57,1
  1607,4262.2,4238.9,53,1
  1608,4555.3,3003.7,57,1
  1609,4495.6,2693,55,1
  1610,1600,1401.9,57,1
  1611,3217.2,4819.9,57,1
  1612,1606,5522.3,48,1
  1613,4118.7,4062.9,42,1
  1614,2716.1,4967.9,52,1
  1615,1509.6,4219.5,54,1
  1616,3168.9,4709.7,57,1
  1617,1775,1873.8,57,1
  1618,4271.7,2108.7,57,1
  1619,3723.5,1467.3,57,1
  1620,1373.8,2992.7,57,1
  1621,1709.9,4151.7,54,1
  1622,1639.6,1825.3,55,1
  1623,1304.1,2767.8,56,1
  1624,1509.4,3822.1,53,1
  1625,1154.7,3679.4,57,1
  1626,4042.2,4344.7,47,1
  1627,4632,2733.5,53,1
  1628,4821.1,3431,55,1
  1629,1938.3,1611.9,55,1
  1630,1263.1,2953.3,57,1
  1631,2138.4,4559.6,54,1
  1632,3473,4775.8,57,1
  1633,1668,3828.4,51,1
  1634,1419.9,3093.5,57,1
  1635,4173.8,3966,57,1
  1636,1362.1,2614.2,57,1
  1637,2102.4,1614.5,57,1
  1638,2031.5,4586,55,1
  1639,1306.7,3763.1,56,1
  1640,3067.8,4756.4,57,1
  1641,3785.9,4331.6,56,1
  1642,1571.7,3999,56,1
  1643,2699.6,4733.1,57,1
  1644,2216.6,4642.2,56,1
  1645,2971.1,4693.2,54,1
  1646,4523.2,3106,56,1
  1647,3492.7,4429,54,1
  1648,3626.7,1557.1,54,1
  1649,2101.6,4455.8,57,1
  1650,4444.4,3637.4,57,1
  1651,2793.7,4631.8,57,1
  1652,1448,2080.8,55,1
  1653,3898.4,4591.4,52,1
  1654,4254.5,4402.3,53,1
  1655,1074.6,3323.3,57,1
  1656,4294.8,3803.3,45,1
  1657,4088.2,1861.7,56,1
  1658,3306.2,1519.2,46,1
  1659,1890,4282.1,55,1
  1660,1182.6,3364.1,57,1
  1661,2877.1,4497.3,50,1
  1662,1035.8,3434.2,57,1
  1663,1795.6,4326.1,57,1
  1664,137.87,2661.3,46,1
  1665,2483.3,1586.1,55,1
  1666,1235.8,2453.2,52,1
  1667,1492.9,2254.8,57,1
  1668,1151,3472.4,57,1
  1669,4376.8,2291.7,51,1
  1670,4016,5756.9,45,1
  1671,2479.7,4715.5,57,1
  1672,2898.9,4605.7,57,1
  1673,1071.2,3216.2,55,1
  1674,1782.6,4219.1,56,1
  1675,3971.8,4276.3,52,1
  1676,1434.9,3191.2,55,1
  1677,2567.8,4442.1,53,1
  1678,3549,414.1,42,1
  1679,1408.8,3519.4,57,1
  1680,3220.7,1477.1,46,1
  1681,3100.7,1488.8,48,1
  1682,3989.3,1797,55,1
  1683,1496.3,3729.1,43,1
  1684,2028.3,1816.1,57,1
  1685,1581,2528.8,38,1
  1686,2578.6,4565.1,57,1
  1687,1829,2066.3,55,1
  1688,1421.4,4175.9,49,1
  1689,1477.1,2568.7,51,1
  1690,1386.8,2804.6,46,1
  1691,1183.7,3230.3,57,1
  1692,1811.1,4124.8,49,1
  1693,4356.1,2190.5,57,1
  1694,4538.1,2791.9,55,1
  1695,1551.7,3650.4,54,1
  1696,1069.3,3006.3,57,1
  1697,4511.9,3209.9,52,1
  1698,1835.7,1715.6,51,1
  1699,1839.5,4409.7,46,1
  1700,1791,3932,45,1
  1701,4022.9,4119,56,1
  1702,4568.2,2223.9,50,1
  1703,2479.3,4598.8,53,1
  1704,3750.8,4578.8,54,1
  1705,4492,3311.7,57,1
  1706,1499.3,2361.5,57,1
  1707,1548,1888.3,48,1
  1708,4256.9,3902.5,52,1
  1709,4201.3,2021.4,56,1
  1710,1599.9,2416.4,57,1
  1711,1555.9,2061.1,47,1
  1712,1306.9,3390.4,57,1
  1713,1865.7,1947.2,53,1
  1714,4624.9,2832.7,45,1
  1715,1502.3,3029.3,47,1
  1716,3313.9,4508.7,38,1
  1717,3371.4,4660.5,44,1
  1718,3679.1,4486.8,57,1
  1719,3055.3,4540.7,57,1
  1720,2355.2,4453,52,1
  1721,1275,3296.2,56,1
  1722,4144.7,4360.8,55,1
  1723,3898.9,1735.4,56,1
  1724,1401.8,2895.9,57,1
  1725,3948.4,4181.5,50,1
  1726,1938.1,1874.8,43,1
  1727,3851,4483.3,57,1
  1728,2661.1,4485.2,57,1
  1729,4330.6,3644.6,44,1
  1730,2106.4,4200.4,52,1
  1731,2983.1,5012.4,40,1
  1732,1637.5,2082.1,47,1
  1733,2018.5,1698.2,55,1
  1734,2184.8,4374.1,50,1
  1735,3066.6,1363.7,57,1
  1736,2433,4508.1,57,1
  1737,3013.6,1459.3,41,1
  1738,4912.6,2676.2,38,1
  1739,2680.7,4604.5,57,1
  1740,4143.5,4527.5,46,1
  1741,2394,1625,57,1
  1742,1987.4,4260.5,57,1
  1743,2972.1,4510.2,40,1
  1744,4494.4,2593.5,48,1
  1745,2468.1,4399.5,48,1
  1746,2174.1,4269.4,54,1
  1747,3518.5,1543.7,56,1
  1748,1776.8,1978.2,49,1
  1749,4866.9,692.84,43,1
  1750,4631.3,4029.9,44,1
  1751,1699.8,2027.7,43,1
  1752,1494.6,3927.8,57,1
  1753,5951.7,2637.7,55,1
  1754,5774.8,1851.9,47,1
  1755,1926.2,4191.3,43,1
  1756,2775.7,4523.7,49,1
  1757,1528.4,2633.8,47,1
  1758,1249.6,3607.5,57,1
  1759,4373,3551.9,46,1
  1760,3406.4,1518.3,55,1
  1761,1609.7,3903.1,49,1
  1762,2100.2,4340.1,47,1
  1763,4144.3,4252.3,44,1
  1764,1675.8,3966.2,52,1
  1765,3876.1,1604.5,46,1
  1766,4999.6,772.93,47,1
  1767,1524.7,3238.8,48,1
  1768,1917.6,4087,54,1
  1769,1424.9,3293.5,57,1
  1770,5224.5,990.28,48,1
  1771,3953,1555.3,43,1
  1772,1617.3,3405.1,39,1
