1.225199999999999960e+02 1.563000000000000000e+03 3.000000000000000000e+01
1.179500000000000000e+03 1.195500000000000000e+03 2.900000000000000000e+01
4.843199999999999932e+02 1.114400000000000091e+03 2.900000000000000000e+01
1.945600000000000023e+02 1.363599999999999909e+03 3.000000000000000000e+01
7.344500000000000455e+02 1.554500000000000000e+03 3.000000000000000000e+01
2.784900000000000091e+02 1.436000000000000000e+03 3.000000000000000000e+01
7.735299999999999727e+02 1.310500000000000000e+03 2.900000000000000000e+01
5.800000000000000000e+02 7.965700000000000500e+02 2.900000000000000000e+01
8.019700000000000273e+02 1.258000000000000000e+03 2.900000000000000000e+01
1.870399999999999920e+02 6.728500000000000227e+02 2.900000000000000000e+01
1.100000000000000000e+03 1.331700000000000045e+03 2.900000000000000000e+01
8.729400000000000546e+02 1.329000000000000000e+03 2.900000000000000000e+01
4.004399999999999977e+02 1.121099999999999909e+03 2.900000000000000000e+01
3.533100000000000023e+02 1.229099999999999909e+03 2.900000000000000000e+01
1.005299999999999955e+03 1.354000000000000000e+03 2.900000000000000000e+01
7.564700000000000273e+02 1.432500000000000000e+03 3.000000000000000000e+01
8.290399999999999636e+02 1.469099999999999909e+03 2.900000000000000000e+01
2.681499999999999773e+02 1.278599999999999909e+03 2.900000000000000000e+01
1.096200000000000045e+03 1.271000000000000000e+03 2.900000000000000000e+01
4.560099999999999909e+02 1.223000000000000000e+03 3.000000000000000000e+01
3.540799999999999841e+02 8.333500000000000227e+02 2.900000000000000000e+01
1.486200000000000045e+03 8.099099999999999682e+02 2.900000000000000000e+01
9.394600000000000364e+02 1.353500000000000000e+03 3.000000000000000000e+01
8.083899999999999864e+02 4.004599999999999795e+02 2.900000000000000000e+01
1.172400000000000091e+03 1.089500000000000000e+03 2.900000000000000000e+01
5.968099999999999454e+02 1.620699999999999932e+02 2.900000000000000000e+01
6.375199999999999818e+02 1.343500000000000000e+03 2.900000000000000000e+01
8.955099999999999909e+02 1.213500000000000000e+03 2.900000000000000000e+01
3.750600000000000023e+02 1.565599999999999909e+03 3.000000000000000000e+01
4.520400000000000205e+02 1.162500000000000000e+03 2.900000000000000000e+01
1.856899999999999977e+02 9.410499999999999545e+02 2.900000000000000000e+01
6.575000000000000000e+02 5.940000000000000000e+02 2.900000000000000000e+01
1.242700000000000045e+03 1.228700000000000045e+03 2.900000000000000000e+01
1.116500000000000000e+03 1.200200000000000045e+03 2.900000000000000000e+01
6.404800000000000182e+02 1.239599999999999909e+03 3.000000000000000000e+01
8.380099999999999909e+02 7.342599999999999909e+02 2.900000000000000000e+01
1.814499999999999886e+02 1.455500000000000000e+03 3.000000000000000000e+01
1.432200000000000045e+03 1.364599999999999909e+03 2.900000000000000000e+01
4.940000000000000000e+02 1.462000000000000000e+03 3.000000000000000000e+01
2.976100000000000136e+02 4.045299999999999727e+02 2.900000000000000000e+01
1.196099999999999994e+02 1.357900000000000091e+03 2.900000000000000000e+01
3.001499999999999773e+02 1.103200000000000045e+03 2.900000000000000000e+01
3.840299999999999727e+02 1.178700000000000045e+03 2.900000000000000000e+01
1.392900000000000091e+03 9.633999999999999773e+02 2.900000000000000000e+01
4.135099999999999909e+02 3.480899999999999750e+02 2.900000000000000000e+01
5.549800000000000182e+02 1.326700000000000045e+03 2.900000000000000000e+01
1.255000000000000000e+03 1.169500000000000000e+03 2.900000000000000000e+01
4.774900000000000091e+02 1.523500000000000000e+03 3.000000000000000000e+01
1.362400000000000091e+03 1.349000000000000000e+03 2.900000000000000000e+01
9.620099999999999909e+02 1.040500000000000000e+03 2.900000000000000000e+01
8.596200000000000045e+02 1.012200000000000045e+03 2.900000000000000000e+01
2.742300000000000182e+02 1.525900000000000091e+03 3.000000000000000000e+01
8.085399999999999636e+02 2.570199999999999818e+02 2.900000000000000000e+01
3.490400000000000205e+02 9.965099999999999909e+02 2.900000000000000000e+01
9.725199999999999818e+02 1.404000000000000000e+03 2.900000000000000000e+01
5.893999999999999773e+02 9.017500000000000000e+02 2.900000000000000000e+01
7.210099999999999909e+02 1.108900000000000091e+03 2.900000000000000000e+01
5.558899999999999864e+02 2.846399999999999864e+02 2.900000000000000000e+01
8.705399999999999636e+02 8.926100000000000136e+02 2.900000000000000000e+01
9.256199999999999761e+01 7.884900000000000091e+02 2.900000000000000000e+01
1.296900000000000091e+03 1.268599999999999909e+03 2.900000000000000000e+01
5.186200000000000045e+02 1.066000000000000000e+03 2.900000000000000000e+01
1.269500000000000000e+03 1.499599999999999909e+03 3.000000000000000000e+01
2.519600000000000080e+02 1.068599999999999909e+03 2.900000000000000000e+01
2.934800000000000182e+02 8.510000000000000000e+02 2.900000000000000000e+01
9.592200000000000273e+02 1.193200000000000045e+03 2.900000000000000000e+01
7.594700000000000273e+02 1.064500000000000000e+03 3.000000000000000000e+01
5.345199999999999818e+02 1.505500000000000000e+03 2.900000000000000000e+01
1.089799999999999955e+03 1.433799999999999955e+03 2.900000000000000000e+01
5.811399999999999864e+02 1.238099999999999909e+03 2.900000000000000000e+01
4.346600000000000250e+02 1.565099999999999909e+03 3.000000000000000000e+01
7.790000000000000000e+02 4.522699999999999818e+02 2.900000000000000000e+01
1.047000000000000000e+03 1.304500000000000000e+03 2.900000000000000000e+01
1.216599999999999909e+03 1.472500000000000000e+03 3.000000000000000000e+01
1.025500000000000000e+03 8.799800000000000182e+02 2.900000000000000000e+01
5.450000000000000000e+02 1.005500000000000000e+03 2.900000000000000000e+01
8.335599999999999454e+02 1.565500000000000000e+03 3.000000000000000000e+01
7.214800000000000182e+02 1.480500000000000000e+03 3.000000000000000000e+01
1.148700000000000045e+03 2.330999999999999943e+02 2.900000000000000000e+01
5.292899999999999636e+02 1.151299999999999955e+03 2.900000000000000000e+01
1.037000000000000000e+03 1.404000000000000000e+03 3.000000000000000000e+01
1.444200000000000045e+03 9.971799999999999500e+02 2.900000000000000000e+01
5.284900000000000091e+02 1.267500000000000000e+03 3.000000000000000000e+01
1.189900000000000091e+03 1.017500000000000000e+03 2.900000000000000000e+01
9.970900000000000318e+02 9.770000000000000000e+02 2.900000000000000000e+01
1.283000000000000000e+03 3.502599999999999909e+02 2.900000000000000000e+01
1.485299999999999955e+03 7.505399999999999636e+02 2.900000000000000000e+01
5.900700000000000500e+02 1.150000000000000000e+03 2.900000000000000000e+01
8.684700000000000273e+02 9.540099999999999909e+02 2.900000000000000000e+01
7.354500000000000455e+02 8.464400000000000546e+02 2.900000000000000000e+01
1.763199999999999932e+02 2.779399999999999977e+02 2.900000000000000000e+01
3.341499999999999773e+02 1.053700000000000045e+03 2.900000000000000000e+01
1.355500000000000000e+03 4.329700000000000273e+02 2.900000000000000000e+01
9.271900000000000546e+02 9.459099999999999682e+02 2.900000000000000000e+01
5.560199999999999818e+02 5.609299999999999500e+02 2.900000000000000000e+01
4.670899999999999750e+02 1.281000000000000000e+03 2.900000000000000000e+01
3.061800000000000068e+02 4.799200000000000159e+02 2.900000000000000000e+01
7.329500000000000455e+02 2.502700000000000102e+02 3.000000000000000000e+01
6.713999999999999773e+02 6.647400000000000091e+02 2.900000000000000000e+01
7.669800000000000182e+02 2.994900000000000091e+02 2.900000000000000000e+01
9.878500000000000227e+02 1.296599999999999909e+03 2.900000000000000000e+01
1.021000000000000000e+03 1.032000000000000000e+03 2.900000000000000000e+01
7.195000000000000000e+02 9.313899999999999864e+02 2.900000000000000000e+01
1.735399999999999920e+02 1.523500000000000000e+03 3.000000000000000000e+01
1.327099999999999909e+03 1.563799999999999955e+03 2.900000000000000000e+01
1.279099999999999909e+03 2.411699999999999875e+02 2.900000000000000000e+01
6.760000000000000000e+02 8.379800000000000182e+02 2.900000000000000000e+01
7.142000000000000455e+02 7.581100000000000136e+02 2.900000000000000000e+01
1.138400000000000091e+03 1.398799999999999955e+03 2.900000000000000000e+01
8.385399999999999636e+02 4.530299999999999727e+02 2.900000000000000000e+01
8.788400000000000318e+02 1.075900000000000091e+03 2.900000000000000000e+01
3.035400000000000205e+02 1.327900000000000091e+03 2.900000000000000000e+01
1.149400000000000091e+03 1.297500000000000000e+03 2.900000000000000000e+01
3.292500000000000000e+02 1.155099999999999909e+03 2.900000000000000000e+01
9.189199999999999591e+02 6.762999999999999545e+02 2.900000000000000000e+01
1.097500000000000000e+03 7.132899999999999636e+02 2.900000000000000000e+01
1.111299999999999955e+03 1.096900000000000091e+03 2.900000000000000000e+01
6.654800000000000182e+02 9.550700000000000500e+02 2.900000000000000000e+01
1.491000000000000000e+03 1.259000000000000000e+03 3.000000000000000000e+01
1.831100000000000136e+02 8.330800000000000409e+02 2.900000000000000000e+01
8.988300000000000409e+02 1.465000000000000000e+03 2.900000000000000000e+01
3.964800000000000182e+02 2.215600000000000023e+02 2.900000000000000000e+01
1.013100000000000023e+03 4.100199999999999818e+02 2.900000000000000000e+01
6.674900000000000091e+02 1.013899999999999977e+03 2.900000000000000000e+01
5.287100000000000364e+02 3.370199999999999818e+02 2.900000000000000000e+01
1.005000000000000000e+03 5.472500000000000000e+02 2.900000000000000000e+01
1.129900000000000091e+03 2.888199999999999932e+02 2.900000000000000000e+01
1.310299999999999955e+03 1.020500000000000000e+03 2.900000000000000000e+01
9.810000000000000000e+02 9.194800000000000182e+02 2.900000000000000000e+01
1.190999999999999943e+02 9.578400000000000318e+02 2.900000000000000000e+01
9.715199999999999818e+02 7.044800000000000182e+02 2.900000000000000000e+01
2.419600000000000080e+02 8.221699999999999591e+02 2.900000000000000000e+01
4.846899999999999977e+02 2.705799999999999841e+02 2.900000000000000000e+01
3.625400000000000205e+02 1.346500000000000000e+03 2.900000000000000000e+01
5.684800000000000182e+02 2.140500000000000114e+02 2.900000000000000000e+01
7.666299999999999955e+02 1.168000000000000000e+03 2.900000000000000000e+01
7.250000000000000000e+02 1.345500000000000000e+03 2.900000000000000000e+01
1.483099999999999909e+03 3.315899999999999750e+02 2.900000000000000000e+01
1.210500000000000000e+03 6.680000000000000000e+02 2.900000000000000000e+01
1.408400000000000091e+03 1.310200000000000045e+03 2.900000000000000000e+01
1.487799999999999955e+03 9.558300000000000409e+02 2.900000000000000000e+01
2.371800000000000068e+02 1.478799999999999955e+03 3.000000000000000000e+01
1.012200000000000045e+03 6.612100000000000364e+02 2.900000000000000000e+01
4.176600000000000250e+02 1.648300000000000125e+02 2.900000000000000000e+01
7.783200000000000500e+02 1.499200000000000045e+03 3.000000000000000000e+01
1.161899999999999977e+02 1.416599999999999909e+03 2.900000000000000000e+01
1.061900000000000091e+03 1.222200000000000045e+03 2.900000000000000000e+01
1.184000000000000000e+03 4.762200000000000273e+02 2.900000000000000000e+01
1.303000000000000000e+03 1.327200000000000045e+03 2.900000000000000000e+01
8.408300000000000409e+02 1.122400000000000091e+03 2.900000000000000000e+01
1.239200000000000045e+03 7.740900000000000318e+02 2.900000000000000000e+01
1.158799999999999955e+03 9.686699999999999591e+02 2.900000000000000000e+01
2.847699999999999818e+02 1.018100000000000023e+03 2.900000000000000000e+01
1.266900000000000091e+03 1.440299999999999955e+03 2.900000000000000000e+01
8.651900000000000546e+02 1.515900000000000091e+03 3.000000000000000000e+01
1.357200000000000045e+03 1.191099999999999909e+03 2.900000000000000000e+01
6.667799999999999727e+02 1.133599999999999909e+03 2.900000000000000000e+01
4.389700000000000273e+02 1.075799999999999955e+03 2.900000000000000000e+01
9.247300000000000182e+02 1.519799999999999955e+03 3.000000000000000000e+01
2.285000000000000000e+02 9.977699999999999818e+02 2.900000000000000000e+01
5.878799999999999955e+02 1.534500000000000000e+03 3.000000000000000000e+01
3.053700000000000045e+02 6.731399999999999864e+02 2.900000000000000000e+01
1.020399999999999977e+03 1.512000000000000000e+03 2.900000000000000000e+01
1.319500000000000000e+03 7.150000000000000000e+02 2.900000000000000000e+01
6.530499999999999545e+02 8.965299999999999727e+02 2.900000000000000000e+01
2.071299999999999955e+02 3.285299999999999727e+02 2.900000000000000000e+01
5.070099999999999909e+02 6.490299999999999727e+02 2.900000000000000000e+01
8.029699999999999704e+01 1.699499999999999886e+02 2.900000000000000000e+01
3.255699999999999932e+02 9.007999999999999545e+02 2.900000000000000000e+01
9.303999999999999773e+02 8.862500000000000000e+02 2.900000000000000000e+01
1.851100000000000136e+02 5.680900000000000318e+02 3.000000000000000000e+01
1.291599999999999909e+03 1.385599999999999909e+03 2.900000000000000000e+01
6.738999999999999773e+02 1.072400000000000091e+03 2.900000000000000000e+01
6.680199999999999818e+02 1.293099999999999909e+03 2.900000000000000000e+01
2.356899999999999977e+02 2.771299999999999955e+02 2.900000000000000000e+01
5.474199999999999591e+02 9.439900000000000091e+02 2.900000000000000000e+01
4.097099999999999795e+02 1.023100000000000023e+03 2.900000000000000000e+01
1.283799999999999955e+03 1.118200000000000045e+03 2.900000000000000000e+01
6.082100000000000364e+02 1.292000000000000000e+03 2.900000000000000000e+01
1.956100000000000136e+02 1.046799999999999955e+03 2.900000000000000000e+01
1.443799999999999955e+03 6.949099999999999682e+02 2.900000000000000000e+01
3.157300000000000182e+02 3.425799999999999841e+02 2.900000000000000000e+01
1.119700000000000045e+03 8.758400000000000318e+02 2.900000000000000000e+01
2.163700000000000045e+02 4.030299999999999727e+02 2.900000000000000000e+01
5.141100000000000136e+02 1.209200000000000045e+03 2.900000000000000000e+01
7.634099999999999682e+02 3.618500000000000227e+02 2.900000000000000000e+01
1.285700000000000045e+03 5.810000000000000000e+02 2.900000000000000000e+01
4.944700000000000273e+02 1.362500000000000000e+03 2.900000000000000000e+01
1.291000000000000000e+03 4.180600000000000023e+02 2.900000000000000000e+01
8.093200000000000500e+02 5.048000000000000114e+02 2.900000000000000000e+01
7.150700000000000500e+02 6.242899999999999636e+02 2.900000000000000000e+01
3.722900000000000205e+02 1.288000000000000000e+03 2.900000000000000000e+01
7.039099999999999682e+02 1.244799999999999955e+03 2.900000000000000000e+01
3.037099999999999795e+02 7.329900000000000091e+02 2.900000000000000000e+01
1.265900000000000091e+03 1.061500000000000000e+03 2.900000000000000000e+01
2.063100000000000023e+02 1.665600000000000023e+02 2.900000000000000000e+01
1.186000000000000000e+03 3.637599999999999909e+02 2.900000000000000000e+01
9.953400000000000318e+02 1.089900000000000091e+03 2.900000000000000000e+01
8.999099999999999682e+02 3.508899999999999864e+02 2.900000000000000000e+01
7.366000000000000227e+02 1.600600000000000023e+02 2.900000000000000000e+01
1.065500000000000000e+03 9.924500000000000455e+02 2.900000000000000000e+01
2.259699999999999989e+02 8.795299999999999727e+02 2.900000000000000000e+01
2.533899999999999864e+02 6.438899999999999864e+02 2.900000000000000000e+01
8.355299999999999727e+02 1.600000000000000000e+02 2.900000000000000000e+01
3.618399999999999750e+02 3.778999999999999773e+02 2.900000000000000000e+01
1.448400000000000091e+03 1.422299999999999955e+03 3.000000000000000000e+01
1.005600000000000023e+03 1.454099999999999909e+03 2.900000000000000000e+01
1.204000000000000000e+03 8.233999999999999773e+02 2.900000000000000000e+01
3.495000000000000000e+02 1.433000000000000000e+03 2.900000000000000000e+01
1.335000000000000000e+03 3.771499999999999773e+02 2.900000000000000000e+01
7.969800000000000182e+02 8.233099999999999454e+02 2.900000000000000000e+01
5.589400000000000546e+02 7.400199999999999818e+02 2.900000000000000000e+01
2.471599999999999966e+02 1.130299999999999955e+03 2.900000000000000000e+01
4.065099999999999909e+02 4.490000000000000000e+02 2.900000000000000000e+01
8.579900000000000091e+02 8.342599999999999909e+02 2.900000000000000000e+01
4.731999999999999886e+02 1.028299999999999955e+03 2.900000000000000000e+01
1.152799999999999955e+03 5.636699999999999591e+02 2.900000000000000000e+01
8.962899999999999636e+02 1.580200000000000102e+02 2.900000000000000000e+01
8.680599999999999454e+02 4.007200000000000273e+02 2.900000000000000000e+01
8.100700000000000500e+02 9.805099999999999909e+02 2.900000000000000000e+01
1.202900000000000091e+03 1.140099999999999909e+03 2.900000000000000000e+01
8.183400000000000318e+02 9.207699999999999818e+02 2.900000000000000000e+01
1.052799999999999955e+03 7.519500000000000455e+02 2.900000000000000000e+01
8.890700000000000500e+02 1.387000000000000000e+03 2.900000000000000000e+01
5.592200000000000273e+02 6.201100000000000136e+02 2.900000000000000000e+01
6.683500000000000227e+02 3.994399999999999977e+02 2.900000000000000000e+01
1.424200000000000045e+03 7.505099999999999909e+02 2.900000000000000000e+01
4.127500000000000000e+02 7.457699999999999818e+02 2.900000000000000000e+01
1.380799999999999955e+03 4.874700000000000273e+02 2.900000000000000000e+01
8.974900000000000091e+02 7.324700000000000273e+02 2.900000000000000000e+01
5.930000000000000000e+02 1.474200000000000045e+03 2.900000000000000000e+01
6.380199999999999818e+02 2.051100000000000136e+02 2.900000000000000000e+01
1.491500000000000000e+03 1.367299999999999955e+03 2.900000000000000000e+01
1.054099999999999909e+03 1.081700000000000045e+03 2.900000000000000000e+01
2.581499999999999773e+02 5.848700000000000045e+02 2.900000000000000000e+01
9.539600000000000364e+02 8.193899999999999864e+02 2.900000000000000000e+01
1.135000000000000000e+03 1.043000000000000000e+03 2.900000000000000000e+01
1.145599999999999909e+03 1.614699999999999989e+02 2.900000000000000000e+01
1.397099999999999909e+03 3.882799999999999727e+02 2.900000000000000000e+01
6.177300000000000182e+02 8.490499999999999545e+02 2.900000000000000000e+01
6.065000000000000000e+02 9.597400000000000091e+02 2.900000000000000000e+01
8.129800000000000182e+02 1.410500000000000000e+03 2.900000000000000000e+01
1.216900000000000091e+03 2.500000000000000000e+02 2.900000000000000000e+01
5.084599999999999795e+02 7.089900000000000091e+02 2.900000000000000000e+01
9.570599999999999454e+02 3.346299999999999955e+02 2.900000000000000000e+01
8.548799999999999955e+02 3.108700000000000045e+02 2.900000000000000000e+01
7.565700000000000500e+02 6.680000000000000000e+02 2.900000000000000000e+01
5.368600000000000136e+02 1.564900000000000091e+03 3.000000000000000000e+01
1.117599999999999909e+03 1.549099999999999909e+03 2.900000000000000000e+01
1.126500000000000000e+03 6.165599999999999454e+02 2.900000000000000000e+01
5.786100000000000136e+02 1.054799999999999955e+03 2.900000000000000000e+01
6.369800000000000182e+02 1.565500000000000000e+03 3.000000000000000000e+01
8.929800000000000182e+02 1.273400000000000091e+03 2.900000000000000000e+01
1.064700000000000045e+03 4.444499999999999886e+02 2.900000000000000000e+01
9.355199999999999818e+02 4.994700000000000273e+02 2.900000000000000000e+01
1.198199999999999932e+02 5.723999999999999773e+02 2.900000000000000000e+01
1.296200000000000045e+03 7.700800000000000409e+02 2.900000000000000000e+01
1.100900000000000091e+03 9.418899999999999864e+02 2.900000000000000000e+01
4.443000000000000114e+02 5.631699999999999591e+02 2.900000000000000000e+01
3.966700000000000159e+02 1.396599999999999909e+03 2.900000000000000000e+01
3.030699999999999932e+02 7.925199999999999818e+02 2.900000000000000000e+01
1.186900000000000091e+03 6.134199999999999591e+02 2.900000000000000000e+01
3.249200000000000159e+02 1.659900000000000091e+02 3.000000000000000000e+01
4.283000000000000114e+02 5.050600000000000023e+02 2.900000000000000000e+01
3.167599999999999909e+02 6.156299999999999955e+02 2.900000000000000000e+01
3.650099999999999909e+02 4.919599999999999795e+02 2.900000000000000000e+01
1.374300000000000068e+02 1.050000000000000000e+03 2.900000000000000000e+01
1.343900000000000091e+03 3.190099999999999909e+02 2.900000000000000000e+01
1.149299999999999955e+03 1.457400000000000091e+03 2.900000000000000000e+01
3.990600000000000023e+02 9.642799999999999727e+02 2.900000000000000000e+01
3.123799999999999955e+02 1.386599999999999909e+03 3.000000000000000000e+01
6.973500000000000227e+02 2.032800000000000011e+02 2.900000000000000000e+01
7.239299999999999500e+02 5.655900000000000318e+02 2.900000000000000000e+01
3.595099999999999909e+02 7.736000000000000227e+02 2.900000000000000000e+01
1.183900000000000006e+02 4.532400000000000091e+02 2.900000000000000000e+01
7.316799999999999500e+02 4.144800000000000182e+02 2.900000000000000000e+01
9.012300000000000182e+02 4.505400000000000205e+02 2.900000000000000000e+01
1.038400000000000091e+03 4.974900000000000091e+02 2.900000000000000000e+01
1.154799999999999955e+03 7.890299999999999727e+02 2.900000000000000000e+01
8.145000000000000000e+02 6.795000000000000000e+02 2.900000000000000000e+01
3.018299999999999841e+02 9.599600000000000364e+02 2.900000000000000000e+01
3.955600000000000023e+02 6.060800000000000409e+02 2.900000000000000000e+01
9.490700000000000500e+02 1.251400000000000091e+03 2.900000000000000000e+01
1.402500000000000000e+03 6.055900000000000318e+02 2.900000000000000000e+01
1.238700000000000045e+03 3.902099999999999795e+02 2.900000000000000000e+01
4.557599999999999909e+02 2.194300000000000068e+02 2.900000000000000000e+01
4.702099999999999795e+02 3.289700000000000273e+02 2.900000000000000000e+01
6.132799999999999727e+02 6.537899999999999636e+02 2.900000000000000000e+01
6.212100000000000364e+02 7.521399999999999864e+02 2.900000000000000000e+01
1.017899999999999977e+03 1.182099999999999909e+03 2.900000000000000000e+01
3.716899999999999977e+02 1.505900000000000091e+03 2.900000000000000000e+01
1.041599999999999909e+03 3.315000000000000000e+02 2.900000000000000000e+01
7.732799999999999727e+02 2.067199999999999989e+02 3.000000000000000000e+01
8.984800000000000182e+02 7.910700000000000500e+02 2.900000000000000000e+01
6.810800000000000409e+02 1.523900000000000091e+03 2.900000000000000000e+01
2.371599999999999966e+02 2.196599999999999966e+02 2.900000000000000000e+01
9.495399999999999636e+02 7.601299999999999955e+02 2.900000000000000000e+01
1.342000000000000000e+03 8.095900000000000318e+02 2.900000000000000000e+01
3.611700000000000159e+02 6.547999999999999545e+02 2.900000000000000000e+01
5.149600000000000364e+02 8.097200000000000273e+02 2.900000000000000000e+01
4.044800000000000182e+02 1.456500000000000000e+03 2.900000000000000000e+01
1.099500000000000028e+02 3.952900000000000205e+02 2.900000000000000000e+01
9.355399999999999636e+02 1.094000000000000000e+03 2.900000000000000000e+01
1.240900000000000091e+03 1.287500000000000000e+03 2.900000000000000000e+01
6.688099999999999454e+02 2.555800000000000125e+02 2.900000000000000000e+01
4.566800000000000068e+02 8.410499999999999545e+02 2.900000000000000000e+01
1.754199999999999875e+02 2.181899999999999977e+02 2.900000000000000000e+01
9.011200000000000045e+02 5.478700000000000045e+02 2.900000000000000000e+01
1.192400000000000091e+03 1.373400000000000091e+03 2.900000000000000000e+01
1.070400000000000091e+03 8.417500000000000000e+02 2.900000000000000000e+01
5.023000000000000114e+02 5.888799999999999955e+02 2.900000000000000000e+01
1.066700000000000045e+03 3.863000000000000114e+02 2.900000000000000000e+01
1.442900000000000091e+03 4.736200000000000045e+02 2.900000000000000000e+01
1.300299999999999955e+03 8.499500000000000455e+02 2.900000000000000000e+01
3.276899999999999977e+02 5.552999999999999545e+02 2.900000000000000000e+01
6.398899999999999864e+02 3.081100000000000136e+02 2.900000000000000000e+01
1.331500000000000000e+03 5.290000000000000000e+02 2.900000000000000000e+01
2.525999999999999943e+02 7.615900000000000318e+02 2.900000000000000000e+01
1.243700000000000045e+03 9.288400000000000318e+02 2.900000000000000000e+01
1.384000000000000000e+03 6.982000000000000455e+02 2.900000000000000000e+01
1.291799999999999955e+03 9.627699999999999818e+02 2.900000000000000000e+01
1.389700000000000045e+03 5.454199999999999591e+02 2.900000000000000000e+01
1.086799999999999955e+03 2.463700000000000045e+02 2.900000000000000000e+01
1.394500000000000000e+03 2.864900000000000091e+02 2.900000000000000000e+01
6.212000000000000455e+02 3.643600000000000136e+02 2.900000000000000000e+01
2.170099999999999909e+02 1.246200000000000045e+03 2.900000000000000000e+01
1.173500000000000000e+03 1.564099999999999909e+03 3.000000000000000000e+01
1.155900000000000034e+02 1.253500000000000000e+03 2.900000000000000000e+01
1.358400000000000091e+03 6.444600000000000364e+02 2.900000000000000000e+01
6.145900000000000318e+02 5.523300000000000409e+02 2.900000000000000000e+01
1.300500000000000000e+03 1.209099999999999909e+03 2.900000000000000000e+01
1.363700000000000045e+03 7.536399999999999864e+02 2.900000000000000000e+01
4.778700000000000045e+02 1.645099999999999909e+02 2.900000000000000000e+01
1.050099999999999909e+03 5.861299999999999955e+02 2.900000000000000000e+01
3.154499999999999886e+02 1.483400000000000091e+03 2.900000000000000000e+01
1.190400000000000091e+03 1.254599999999999909e+03 2.900000000000000000e+01
1.311900000000000091e+03 4.732400000000000091e+02 2.900000000000000000e+01
3.227099999999999795e+02 2.829300000000000068e+02 2.900000000000000000e+01
1.041500000000000000e+03 9.379600000000000364e+02 2.900000000000000000e+01
1.249900000000000091e+03 1.536299999999999955e+02 3.000000000000000000e+01
1.440099999999999909e+02 1.679499999999999886e+02 3.000000000000000000e+01
5.292300000000000182e+02 5.071600000000000250e+02 2.900000000000000000e+01
2.180900000000000034e+02 4.947200000000000273e+02 2.900000000000000000e+01
5.368200000000000500e+02 1.620900000000000034e+02 2.900000000000000000e+01
5.601299999999999955e+02 6.799800000000000182e+02 2.900000000000000000e+01
3.602900000000000205e+02 7.139500000000000455e+02 2.900000000000000000e+01
3.849900000000000091e+02 9.042400000000000091e+02 2.900000000000000000e+01
6.195099999999999909e+02 1.098099999999999909e+03 2.900000000000000000e+01
5.070600000000000023e+02 3.917900000000000205e+02 2.900000000000000000e+01
7.710599999999999454e+02 6.025199999999999818e+02 2.900000000000000000e+01
6.629800000000000182e+02 1.467400000000000091e+03 2.900000000000000000e+01
5.088700000000000045e+02 4.511999999999999886e+02 2.900000000000000000e+01
1.194500000000000000e+03 1.954900000000000091e+02 2.900000000000000000e+01
4.078100000000000023e+02 8.070800000000000409e+02 2.900000000000000000e+01
1.248000000000000000e+03 1.004600000000000023e+03 2.900000000000000000e+01
1.072500000000000000e+03 6.407899999999999636e+02 2.900000000000000000e+01
1.431099999999999909e+03 1.255299999999999955e+03 2.900000000000000000e+01
2.008000000000000114e+02 7.313999999999999773e+02 2.900000000000000000e+01
2.465699999999999932e+02 9.399299999999999500e+02 2.900000000000000000e+01
8.671299999999999955e+02 2.108499999999999943e+02 2.900000000000000000e+01
2.576499999999999773e+02 3.598199999999999932e+02 2.900000000000000000e+01
1.346599999999999909e+03 5.865000000000000000e+02 2.900000000000000000e+01
4.620099999999999909e+02 7.822300000000000182e+02 2.900000000000000000e+01
2.661000000000000227e+02 1.668000000000000114e+02 2.900000000000000000e+01
1.193599999999999909e+03 3.036499999999999773e+02 2.900000000000000000e+01
1.237900000000000091e+03 4.498600000000000136e+02 2.900000000000000000e+01
9.116000000000000227e+02 2.515900000000000034e+02 2.900000000000000000e+01
3.481200000000000045e+02 4.348999999999999773e+02 2.900000000000000000e+01
1.367299999999999955e+03 1.442700000000000045e+03 2.900000000000000000e+01
9.586299999999999955e+02 4.349599999999999795e+02 2.900000000000000000e+01
1.125900000000000091e+03 4.640500000000000114e+02 2.900000000000000000e+01
1.264000000000000000e+03 6.949099999999999682e+02 2.900000000000000000e+01
1.648499999999999943e+02 3.734300000000000068e+02 2.900000000000000000e+01
1.028200000000000045e+03 2.310300000000000011e+02 2.900000000000000000e+01
1.148400000000000034e+02 2.928700000000000045e+02 2.900000000000000000e+01
1.406400000000000091e+03 1.515600000000000023e+02 3.000000000000000000e+01
2.693700000000000045e+02 5.253200000000000500e+02 2.900000000000000000e+01
3.374900000000000091e+02 2.255200000000000102e+02 2.900000000000000000e+01
1.353400000000000091e+03 1.288500000000000000e+03 2.900000000000000000e+01
6.773300000000000409e+02 1.192099999999999909e+03 2.900000000000000000e+01
1.262400000000000091e+03 6.355199999999999818e+02 2.900000000000000000e+01
1.144400000000000091e+03 1.147000000000000000e+03 2.900000000000000000e+01
1.184200000000000045e+03 8.819700000000000273e+02 2.900000000000000000e+01
3.869800000000000182e+02 5.487999999999999545e+02 2.900000000000000000e+01
4.950699999999999932e+02 9.726299999999999955e+02 2.900000000000000000e+01
1.224800000000000040e+02 5.132899999999999636e+02 2.900000000000000000e+01
1.644799999999999898e+02 9.969199999999999591e+02 2.900000000000000000e+01
6.719800000000000182e+02 5.355000000000000000e+02 2.900000000000000000e+01
1.256000000000000000e+03 2.964800000000000182e+02 2.900000000000000000e+01
2.550600000000000023e+02 4.488600000000000136e+02 2.900000000000000000e+01
1.328000000000000000e+03 1.077599999999999909e+03 2.900000000000000000e+01
7.560299999999999727e+02 1.004899999999999977e+03 2.900000000000000000e+01
4.570600000000000023e+02 6.796200000000000045e+02 2.900000000000000000e+01
2.523700000000000045e+02 7.030700000000000500e+02 2.900000000000000000e+01
1.246299999999999955e+03 1.346700000000000045e+03 2.900000000000000000e+01
2.078499999999999943e+02 1.305400000000000091e+03 2.900000000000000000e+01
4.528399999999999750e+02 6.209400000000000546e+02 2.900000000000000000e+01
5.632899999999999636e+02 4.160699999999999932e+02 2.900000000000000000e+01
4.491399999999999864e+02 9.335199999999999818e+02 2.900000000000000000e+01
1.242700000000000045e+03 8.681900000000000546e+02 2.900000000000000000e+01
1.041400000000000091e+03 1.558100000000000023e+02 2.900000000000000000e+01
1.210400000000000063e+02 6.701499999999999773e+02 2.900000000000000000e+01
1.361599999999999909e+03 1.909600000000000080e+02 2.900000000000000000e+01
6.081299999999999955e+02 2.579399999999999977e+02 2.900000000000000000e+01
5.767699999999999818e+02 1.417700000000000045e+03 2.900000000000000000e+01
6.289299999999999500e+02 4.945000000000000000e+02 2.900000000000000000e+01
1.167599999999999909e+03 4.193999999999999773e+02 2.900000000000000000e+01
1.100400000000000091e+03 1.491500000000000000e+03 2.900000000000000000e+01
5.568799999999999955e+02 8.505099999999999909e+02 2.900000000000000000e+01
1.384700000000000045e+03 1.093599999999999909e+03 2.900000000000000000e+01
9.599800000000000182e+02 6.333999999999999773e+02 2.900000000000000000e+01
1.580000000000000000e+02 6.214199999999999591e+02 2.900000000000000000e+01
8.601799999999999500e+02 6.401900000000000546e+02 2.900000000000000000e+01
7.352299999999999613e+01 1.171500000000000000e+03 2.100000000000000000e+01
1.344500000000000000e+03 1.396500000000000000e+03 2.100000000000000000e+01
3.511000000000000227e+02 1.108400000000000091e+03 2.000000000000000000e+01
6.029099999999999682e+02 1.009399999999999977e+03 2.000000000000000000e+01
9.861200000000000045e+02 4.988000000000000114e+02 2.000000000000000000e+01
1.492900000000000091e+03 6.581599999999999682e+02 2.100000000000000000e+01
1.410000000000000000e+03 1.191500000000000000e+03 2.000000000000000000e+01
6.981199999999999761e+01 1.103400000000000091e+03 2.000000000000000000e+01
1.083900000000000091e+03 1.039599999999999909e+03 2.000000000000000000e+01
1.497799999999999955e+03 1.048500000000000000e+03 2.000000000000000000e+01
8.229199999999999591e+02 1.324200000000000045e+03 2.000000000000000000e+01
7.195099999999999909e+02 1.294000000000000000e+03 2.000000000000000000e+01
5.524700000000000273e+02 1.105500000000000000e+03 2.000000000000000000e+01
1.235099999999999909e+03 1.100299999999999955e+03 2.000000000000000000e+01
2.509499999999999886e+02 1.371000000000000000e+03 2.100000000000000000e+01
2.815099999999999909e+02 2.549600000000000080e+02 2.000000000000000000e+01
7.456000000000000227e+02 7.178700000000000045e+02 2.000000000000000000e+01
1.197500000000000000e+03 1.316000000000000000e+03 2.000000000000000000e+01
1.305700000000000045e+03 6.660499999999999545e+02 2.000000000000000000e+01
1.154700000000000045e+03 8.399700000000000273e+02 2.000000000000000000e+01
1.192000000000000000e+03 7.534199999999999591e+02 2.000000000000000000e+01
7.038599999999999568e+01 9.409700000000000273e+02 2.000000000000000000e+01
8.848500000000000227e+02 1.572400000000000091e+03 2.100000000000000000e+01
6.796699999999999591e+02 4.861399999999999864e+02 2.000000000000000000e+01
4.318700000000000045e+02 8.856900000000000546e+02 2.000000000000000000e+01
9.246000000000000227e+02 3.963799999999999955e+02 2.100000000000000000e+01
9.143400000000000318e+02 3.030199999999999818e+02 2.000000000000000000e+01
8.936000000000000227e+02 1.125400000000000091e+03 2.100000000000000000e+01
7.743200000000000500e+02 1.117099999999999909e+03 2.000000000000000000e+01
1.245000000000000000e+02 1.304500000000000000e+03 2.000000000000000000e+01
4.476700000000000159e+02 4.191499999999999773e+02 2.000000000000000000e+01
6.736799999999999500e+02 3.468100000000000023e+02 2.100000000000000000e+01
7.085200000000000387e+01 8.348099999999999454e+02 2.000000000000000000e+01
2.702300000000000182e+02 1.175900000000000091e+03 2.000000000000000000e+01
1.072000000000000000e+03 1.171299999999999955e+03 2.000000000000000000e+01
5.265800000000000409e+02 2.431100000000000136e+02 2.000000000000000000e+01
7.491299999999999955e+02 7.974099999999999682e+02 2.000000000000000000e+01
8.049800000000000182e+02 1.087500000000000000e+03 2.000000000000000000e+01
7.253400000000000603e+01 1.574900000000000091e+03 2.000000000000000000e+01
1.107600000000000051e+02 3.439800000000000182e+02 2.000000000000000000e+01
9.484700000000000273e+02 9.920299999999999727e+02 2.000000000000000000e+01
1.437000000000000000e+03 5.645399999999999636e+02 2.000000000000000000e+01
7.150900000000000034e+01 3.199100000000000250e+02 2.000000000000000000e+01
1.148799999999999955e+03 7.388200000000000500e+02 2.000000000000000000e+01
1.497599999999999909e+03 1.122500000000000000e+03 2.000000000000000000e+01
1.074300000000000068e+02 1.512299999999999955e+03 2.100000000000000000e+01
3.610500000000000114e+02 3.199599999999999795e+02 2.100000000000000000e+01
7.879400000000000546e+02 7.224299999999999500e+02 2.000000000000000000e+01
1.499400000000000091e+03 1.463400000000000091e+03 2.100000000000000000e+01
1.671699999999999875e+02 1.406299999999999955e+03 2.000000000000000000e+01
2.881800000000000068e+02 2.136299999999999955e+02 2.000000000000000000e+01
6.850400000000000489e+01 1.275000000000000000e+03 2.000000000000000000e+01
9.718700000000000045e+02 5.845099999999999909e+02 2.000000000000000000e+01
1.002799999999999955e+03 4.601000000000000227e+02 2.000000000000000000e+01
1.006000000000000000e+03 8.336900000000000546e+02 2.000000000000000000e+01
5.882799999999999727e+02 3.239100000000000250e+02 2.000000000000000000e+01
8.857299999999999329e+01 1.064799999999999955e+03 2.000000000000000000e+01
8.675199999999999818e+02 6.910099999999999909e+02 2.000000000000000000e+01
8.408200000000000500e+02 1.368900000000000091e+03 2.000000000000000000e+01
1.363000000000000000e+03 1.040400000000000091e+03 2.000000000000000000e+01
7.118300000000000693e+01 6.459900000000000091e+02 2.000000000000000000e+01
2.089900000000000091e+02 1.096000000000000000e+03 2.000000000000000000e+01
8.506000000000000227e+02 1.243000000000000000e+03 2.000000000000000000e+01
1.165000000000000000e+02 1.096599999999999909e+03 2.000000000000000000e+01
7.071800000000000352e+01 7.422699999999999818e+02 2.100000000000000000e+01
7.109500000000000455e+02 3.683100000000000023e+02 2.000000000000000000e+01
6.065000000000000000e+02 6.028099999999999454e+02 2.000000000000000000e+01
8.823500000000000227e+02 5.938899999999999864e+02 2.000000000000000000e+01
1.241799999999999955e+03 5.491000000000000227e+02 2.000000000000000000e+01
6.803199999999999648e+01 1.439900000000000091e+03 2.000000000000000000e+01
1.089900000000000091e+03 1.381200000000000045e+03 2.000000000000000000e+01
1.479099999999999909e+03 5.671499999999999773e+02 2.100000000000000000e+01
7.614099999999999682e+02 1.380799999999999955e+03 2.000000000000000000e+01
1.141000000000000000e+03 3.385099999999999909e+02 2.000000000000000000e+01
7.988700000000000045e+02 1.361500000000000000e+03 2.100000000000000000e+01
9.603600000000000136e+02 2.307599999999999909e+02 2.100000000000000000e+01
7.248699999999999477e+01 6.879600000000000364e+02 2.000000000000000000e+01
7.657999999999999545e+02 7.581299999999999955e+02 2.000000000000000000e+01
1.006899999999999977e+02 1.204500000000000000e+03 2.000000000000000000e+01
2.651100000000000136e+02 1.227000000000000000e+03 2.100000000000000000e+01
9.089800000000000182e+02 1.164500000000000000e+03 2.000000000000000000e+01
1.203099999999999909e+03 1.423099999999999909e+03 2.100000000000000000e+01
6.666699999999999591e+02 7.753300000000000409e+02 2.000000000000000000e+01
7.247799999999999727e+02 3.279499999999999886e+02 2.000000000000000000e+01
7.169899999999999807e+01 4.715299999999999727e+02 2.000000000000000000e+01
6.924600000000000364e+02 3.009399999999999977e+02 2.000000000000000000e+01
1.074000000000000000e+03 8.976499999999999773e+02 2.000000000000000000e+01
1.493700000000000045e+03 6.158200000000000500e+02 2.100000000000000000e+01
1.609900000000000091e+02 1.326000000000000000e+03 2.000000000000000000e+01
3.049700000000000273e+02 1.199700000000000045e+03 2.000000000000000000e+01
1.520300000000000011e+02 7.122300000000000182e+02 2.000000000000000000e+01
7.246900000000000546e+02 4.721999999999999886e+02 2.000000000000000000e+01
7.124899999999999523e+01 4.283100000000000023e+02 2.000000000000000000e+01
7.012500000000000000e+01 1.026200000000000045e+03 2.000000000000000000e+01
3.045699999999999932e+02 1.242299999999999955e+03 2.000000000000000000e+01
9.353200000000000500e+02 1.302500000000000000e+03 2.100000000000000000e+01
1.056000000000000000e+03 1.356900000000000091e+03 2.100000000000000000e+01
6.792900000000000205e+01 1.490500000000000000e+03 2.100000000000000000e+01
1.005600000000000023e+03 6.113400000000000318e+02 2.000000000000000000e+01
1.499200000000000045e+03 1.418099999999999909e+03 2.100000000000000000e+01
3.978999999999999773e+02 2.990099999999999909e+02 2.000000000000000000e+01
9.087599999999999909e+02 8.407300000000000182e+02 2.000000000000000000e+01
1.412700000000000045e+03 1.052599999999999909e+03 2.000000000000000000e+01
2.070699999999999932e+02 7.859800000000000182e+02 2.100000000000000000e+01
9.255599999999999454e+02 1.421900000000000091e+03 2.000000000000000000e+01
9.883400000000000318e+02 1.573599999999999909e+03 2.100000000000000000e+01
1.000299999999999955e+03 3.613799999999999955e+02 2.000000000000000000e+01
5.080099999999999909e+02 2.053000000000000114e+02 2.000000000000000000e+01
5.595399999999999636e+02 4.670099999999999909e+02 2.000000000000000000e+01
1.362900000000000091e+03 9.176900000000000546e+02 2.000000000000000000e+01
1.021000000000000000e+03 7.131799999999999500e+02 2.000000000000000000e+01
7.087000000000000455e+01 9.842999999999999545e+02 2.000000000000000000e+01
4.747200000000000273e+02 8.886599999999999682e+02 2.000000000000000000e+01
2.077100000000000080e+02 1.165599999999999909e+03 2.000000000000000000e+01
1.437099999999999909e+03 8.002599999999999909e+02 2.000000000000000000e+01
1.839499999999999886e+02 1.130700000000000045e+03 2.000000000000000000e+01
8.071299999999999955e+02 5.559600000000000364e+02 2.000000000000000000e+01
4.198899999999999864e+02 1.306599999999999909e+03 2.000000000000000000e+01
8.225900000000000318e+02 8.705499999999999545e+02 2.000000000000000000e+01
4.575799999999999841e+02 3.780699999999999932e+02 2.000000000000000000e+01
7.795000000000000000e+02 8.715099999999999909e+02 2.000000000000000000e+01
1.274500000000000000e+03 1.572000000000000000e+03 2.000000000000000000e+01
1.147000000000000000e+03 5.105199999999999818e+02 2.000000000000000000e+01
6.334800000000000182e+02 8.015399999999999636e+02 2.000000000000000000e+01
7.677200000000000273e+02 5.395800000000000409e+02 2.000000000000000000e+01
1.040599999999999909e+03 2.804599999999999795e+02 2.000000000000000000e+01
7.512699999999999818e+02 1.264099999999999909e+03 2.000000000000000000e+01
1.492000000000000000e+03 2.826000000000000227e+02 2.000000000000000000e+01
4.183199999999999932e+02 1.265000000000000000e+03 2.000000000000000000e+01
8.227999999999999545e+02 6.059199999999999591e+02 2.100000000000000000e+01
1.069099999999999909e+03 5.380900000000000318e+02 2.000000000000000000e+01
9.542999999999999545e+02 1.453900000000000091e+03 2.100000000000000000e+01
3.224599999999999795e+02 1.280400000000000091e+03 2.000000000000000000e+01
6.208999999999999773e+02 1.191200000000000045e+03 2.100000000000000000e+01
4.550799999999999841e+02 1.330500000000000000e+03 2.000000000000000000e+01
1.110700000000000045e+03 1.990999999999999943e+02 2.000000000000000000e+01
2.578899999999999864e+02 1.574200000000000045e+03 2.100000000000000000e+01
4.862300000000000182e+02 1.574000000000000000e+03 2.100000000000000000e+01
1.445900000000000091e+03 1.571099999999999909e+03 2.100000000000000000e+01
9.969500000000000455e+02 7.916299999999999955e+02 2.000000000000000000e+01
3.705099999999999909e+02 2.649499999999999886e+02 2.000000000000000000e+01
6.852500000000000568e+01 1.232500000000000000e+03 2.000000000000000000e+01
8.072799999999999727e+02 3.313700000000000045e+02 2.000000000000000000e+01
1.453000000000000000e+03 6.447000000000000455e+02 2.000000000000000000e+01
8.818899999999999864e+02 4.981100000000000136e+02 2.100000000000000000e+01
1.496900000000000091e+03 1.006100000000000023e+03 2.000000000000000000e+01
1.320900000000000091e+03 9.217400000000000091e+02 2.000000000000000000e+01
1.609699999999999989e+02 1.283299999999999955e+03 2.000000000000000000e+01
9.662800000000000011e+01 1.135400000000000091e+03 2.100000000000000000e+01
7.609000000000000341e+01 8.760099999999999909e+02 2.100000000000000000e+01
1.455000000000000000e+03 1.208900000000000091e+03 2.100000000000000000e+01
9.760599999999999454e+02 8.656599999999999682e+02 2.000000000000000000e+01
4.048299999999999841e+02 1.224700000000000045e+03 2.000000000000000000e+01
7.160700000000000500e+02 1.159299999999999955e+03 2.000000000000000000e+01
1.084900000000000091e+03 7.932599999999999909e+02 2.000000000000000000e+01
4.215600000000000023e+02 1.515500000000000000e+03 2.100000000000000000e+01
5.058299999999999841e+02 8.605199999999999818e+02 2.000000000000000000e+01
1.493500000000000000e+03 3.818899999999999864e+02 2.000000000000000000e+01
1.630399999999999920e+02 1.093500000000000000e+03 2.000000000000000000e+01
9.532799999999999727e+02 5.469900000000000091e+02 2.000000000000000000e+01
1.116400000000000091e+03 6.667500000000000000e+02 1.900000000000000000e+01
1.334199999999999875e+02 2.465300000000000011e+02 2.000000000000000000e+01
9.880599999999999454e+02 1.480099999999999909e+02 2.100000000000000000e+01
1.493900000000000091e+03 7.004500000000000455e+02 2.000000000000000000e+01
3.990299999999999727e+02 8.564500000000000455e+02 2.000000000000000000e+01
9.300599999999999454e+02 5.902200000000000273e+02 2.000000000000000000e+01
1.117099999999999909e+03 8.214700000000000273e+02 1.900000000000000000e+01
8.009400000000000546e+02 1.206200000000000045e+03 2.000000000000000000e+01
6.522100000000000364e+02 7.118999999999999773e+02 2.000000000000000000e+01
5.704199999999999591e+02 3.655500000000000114e+02 2.000000000000000000e+01
4.419800000000000182e+02 1.422400000000000091e+03 2.100000000000000000e+01
1.142000000000000028e+02 8.348099999999999454e+02 2.000000000000000000e+01
1.355000000000000000e+03 1.491099999999999909e+03 2.000000000000000000e+01
2.140000000000000000e+02 6.114600000000000364e+02 2.000000000000000000e+01
1.375799999999999955e+03 2.390600000000000023e+02 2.000000000000000000e+01
1.563199999999999932e+02 3.249300000000000068e+02 2.000000000000000000e+01
1.093500000000000000e+03 1.514199999999999875e+02 2.100000000000000000e+01
8.385099999999999909e+02 3.595099999999999909e+02 2.000000000000000000e+01
1.612599999999999909e+02 4.243000000000000114e+02 2.000000000000000000e+01
1.116200000000000045e+03 3.737400000000000091e+02 2.000000000000000000e+01
7.177300000000000182e+02 5.141399999999999864e+02 2.000000000000000000e+01
1.226400000000000091e+03 5.092200000000000273e+02 2.000000000000000000e+01
1.435399999999999920e+02 1.206000000000000000e+03 2.000000000000000000e+01
1.418599999999999909e+03 1.133400000000000091e+03 2.100000000000000000e+01
9.955299999999999727e+02 1.228599999999999909e+03 2.100000000000000000e+01
1.396900000000000091e+03 1.401400000000000091e+03 2.000000000000000000e+01
7.620900000000000318e+02 1.223700000000000045e+03 2.000000000000000000e+01
7.200199999999999534e+01 5.552200000000000273e+02 2.000000000000000000e+01
1.341900000000000091e+03 9.588300000000000409e+02 2.000000000000000000e+01
8.619500000000000455e+02 1.429299999999999955e+03 2.000000000000000000e+01
1.000500000000000000e+03 7.505299999999999727e+02 2.100000000000000000e+01
1.095500000000000000e+03 3.355699999999999932e+02 2.000000000000000000e+01
1.410500000000000000e+03 6.547300000000000182e+02 2.000000000000000000e+01
5.999299999999999500e+02 4.547300000000000182e+02 2.000000000000000000e+01
1.038900000000000091e+03 8.015700000000000500e+02 2.000000000000000000e+01
1.115200000000000045e+03 9.954099999999999682e+02 2.000000000000000000e+01
1.311799999999999955e+03 6.237999999999999545e+02 2.000000000000000000e+01
1.356400000000000091e+03 9.989700000000000273e+02 2.000000000000000000e+01
5.087300000000000182e+02 7.597100000000000364e+02 2.000000000000000000e+01
1.488000000000000000e+03 4.271000000000000227e+02 2.100000000000000000e+01
1.339299999999999955e+03 1.126000000000000000e+03 2.000000000000000000e+01
8.190599999999999454e+02 1.167799999999999955e+03 2.000000000000000000e+01
9.525299999999999727e+02 2.830500000000000114e+02 2.000000000000000000e+01
1.243799999999999955e+02 8.760399999999999636e+02 2.000000000000000000e+01
1.385000000000000000e+03 1.234500000000000000e+03 2.000000000000000000e+01
7.134900000000000091e+02 1.035500000000000000e+03 2.100000000000000000e+01
4.790899999999999750e+02 4.972599999999999909e+02 2.000000000000000000e+01
1.492500000000000000e+03 4.835099999999999909e+02 2.100000000000000000e+01
1.502000000000000000e+03 1.570500000000000000e+03 2.100000000000000000e+01
8.296699999999999875e+01 1.315299999999999955e+03 2.100000000000000000e+01
4.484599999999999795e+02 1.481799999999999955e+03 2.100000000000000000e+01
7.098899999999999864e+02 9.808300000000000409e+02 2.000000000000000000e+01
1.437800000000000011e+02 9.124800000000000182e+02 2.000000000000000000e+01
1.294600000000000080e+02 7.523600000000000136e+02 2.000000000000000000e+01
6.906600000000000250e+01 1.355299999999999955e+03 2.000000000000000000e+01
1.306599999999999909e+03 2.850400000000000205e+02 2.000000000000000000e+01
1.215400000000000091e+03 1.062900000000000091e+03 2.000000000000000000e+01
1.139400000000000091e+03 1.244599999999999909e+03 2.000000000000000000e+01
8.527599999999999909e+02 5.289700000000000273e+02 2.100000000000000000e+01
1.110599999999999909e+03 4.154100000000000250e+02 2.000000000000000000e+01
5.456699999999999591e+02 1.455500000000000000e+03 2.000000000000000000e+01
4.081499999999999773e+02 6.955900000000000318e+02 2.000000000000000000e+01
1.203000000000000000e+03 5.653099999999999454e+02 2.000000000000000000e+01
2.154799999999999898e+02 1.574000000000000000e+03 2.100000000000000000e+01
1.741500000000000057e+02 5.198899999999999864e+02 2.000000000000000000e+01
1.224299999999999955e+03 7.259900000000000091e+02 2.000000000000000000e+01
5.805800000000000409e+02 5.110600000000000023e+02 2.000000000000000000e+01
2.731700000000000159e+02 3.130400000000000205e+02 2.000000000000000000e+01
1.185000000000000000e+03 7.110199999999999818e+02 2.000000000000000000e+01
1.662599999999999909e+02 1.241000000000000000e+03 2.000000000000000000e+01
4.466999999999999886e+02 1.379400000000000091e+03 2.100000000000000000e+01
6.862900000000000489e+01 1.397299999999999955e+03 2.100000000000000000e+01
9.986000000000000227e+02 3.044900000000000091e+02 2.000000000000000000e+01
7.272799999999999727e+02 1.200700000000000045e+03 2.100000000000000000e+01
2.525800000000000125e+02 1.326900000000000091e+03 2.000000000000000000e+01
6.284900000000000091e+02 1.047000000000000000e+03 2.000000000000000000e+01
1.889600000000000080e+02 1.204299999999999955e+03 2.000000000000000000e+01
1.328000000000000000e+03 2.289199999999999875e+02 2.100000000000000000e+01
1.089200000000000017e+02 1.007500000000000000e+03 2.000000000000000000e+01
1.500400000000000091e+03 1.505400000000000091e+03 2.100000000000000000e+01
9.059600000000000364e+02 9.915000000000000000e+02 2.000000000000000000e+01
1.239400000000000091e+03 1.397400000000000091e+03 2.000000000000000000e+01
6.058700000000000045e+02 7.022500000000000000e+02 1.900000000000000000e+01
2.340300000000000011e+02 1.198099999999999909e+03 2.000000000000000000e+01
1.492500000000000000e+03 2.389699999999999989e+02 2.100000000000000000e+01
1.498400000000000091e+03 1.207500000000000000e+03 2.000000000000000000e+01
1.455000000000000000e+03 1.049400000000000091e+03 2.000000000000000000e+01
7.684099999999999682e+02 9.109800000000000182e+02 2.000000000000000000e+01
1.223900000000000091e+03 1.572200000000000045e+03 2.000000000000000000e+01
1.390799999999999955e+03 3.381000000000000227e+02 2.000000000000000000e+01
1.229700000000000045e+03 1.531000000000000000e+03 2.100000000000000000e+01
1.413700000000000045e+02 8.026000000000000227e+02 2.000000000000000000e+01
1.375700000000000045e+03 8.643099999999999454e+02 2.000000000000000000e+01
1.112700000000000045e+03 7.619199999999999591e+02 2.000000000000000000e+01
1.192599999999999909e+03 9.304600000000000364e+02 2.000000000000000000e+01
4.092300000000000182e+02 3.990500000000000114e+02 2.000000000000000000e+01
1.495799999999999955e+03 8.602000000000000455e+02 2.000000000000000000e+01
4.220799999999999841e+02 2.645799999999999841e+02 2.100000000000000000e+01
7.140900000000000603e+01 2.193400000000000034e+02 2.100000000000000000e+01
1.499500000000000000e+03 1.308900000000000091e+03 2.000000000000000000e+01
8.466799999999999500e+02 5.708500000000000227e+02 2.000000000000000000e+01
1.495500000000000000e+03 1.165099999999999909e+03 2.000000000000000000e+01
1.054799999999999955e+03 6.875800000000000409e+02 2.000000000000000000e+01
1.453099999999999909e+03 8.515800000000000409e+02 2.000000000000000000e+01
9.076299999999999955e+02 1.034299999999999955e+03 2.000000000000000000e+01
1.146299999999999955e+03 9.189400000000000546e+02 2.000000000000000000e+01
2.230800000000000125e+02 1.532500000000000000e+03 2.100000000000000000e+01
1.317599999999999909e+03 1.428799999999999955e+03 2.000000000000000000e+01
1.133400000000000034e+02 2.100099999999999909e+02 2.000000000000000000e+01
3.076100000000000136e+02 1.573400000000000091e+03 2.100000000000000000e+01
6.879800000000000182e+02 1.573900000000000091e+03 2.100000000000000000e+01
1.231899999999999977e+02 1.168900000000000091e+03 2.000000000000000000e+01
9.199800000000000182e+02 2.019199999999999875e+02 1.900000000000000000e+01
1.657400000000000091e+02 1.169299999999999955e+03 2.000000000000000000e+01
6.227999999999999545e+02 1.392099999999999909e+03 2.000000000000000000e+01
1.066200000000000045e+02 6.214199999999999591e+02 2.000000000000000000e+01
1.258599999999999909e+03 8.204500000000000455e+02 2.000000000000000000e+01
1.368700000000000045e+03 1.531500000000000000e+03 2.100000000000000000e+01
1.395000000000000000e+03 1.014100000000000023e+03 2.000000000000000000e+01
9.884600000000000364e+02 1.140500000000000000e+03 2.100000000000000000e+01
8.324800000000000182e+02 1.055500000000000000e+03 2.000000000000000000e+01
4.154100000000000250e+02 1.349500000000000000e+03 2.100000000000000000e+01
7.171499999999999773e+02 1.395099999999999909e+03 2.000000000000000000e+01
1.721699999999999875e+02 1.574500000000000000e+03 2.100000000000000000e+01
9.403500000000000227e+02 1.569099999999999909e+03 2.100000000000000000e+01
1.072299999999999955e+03 1.129400000000000091e+03 1.900000000000000000e+01
1.459099999999999909e+03 1.140900000000000091e+03 2.000000000000000000e+01
6.472899999999999636e+02 1.533499999999999943e+02 2.000000000000000000e+01
1.405299999999999955e+03 9.147799999999999727e+02 2.000000000000000000e+01
7.855000000000000000e+02 1.549000000000000000e+03 2.100000000000000000e+01
1.318299999999999955e+03 1.513500000000000000e+03 2.100000000000000000e+01
1.342799999999999955e+03 1.431100000000000136e+02 2.100000000000000000e+01
8.429700000000000273e+02 1.202700000000000045e+03 2.100000000000000000e+01
2.750199999999999818e+02 8.982899999999999636e+02 2.000000000000000000e+01
1.068099999999999909e+03 1.987100000000000080e+02 2.000000000000000000e+01
1.416900000000000091e+03 1.461400000000000091e+03 2.000000000000000000e+01
1.211900000000000091e+03 9.686000000000000227e+02 2.000000000000000000e+01
9.709700000000000273e+02 1.492099999999999909e+03 2.100000000000000000e+01
7.861799999999999500e+02 1.510099999999999909e+02 2.000000000000000000e+01
1.315000000000000000e+03 1.470900000000000091e+03 2.100000000000000000e+01
1.053799999999999955e+03 1.469099999999999909e+03 2.000000000000000000e+01
1.011700000000000017e+02 9.107899999999999636e+02 2.000000000000000000e+01
1.397299999999999955e+03 1.499599999999999909e+03 2.100000000000000000e+01
1.453400000000000091e+03 6.030700000000000500e+02 2.000000000000000000e+01
1.265200000000000045e+03 4.930500000000000114e+02 2.000000000000000000e+01
1.280799999999999955e+03 5.312200000000000273e+02 2.000000000000000000e+01
1.029799999999999955e+03 1.133099999999999909e+03 2.000000000000000000e+01
1.002200000000000045e+03 1.882899999999999920e+02 2.000000000000000000e+01
1.098900000000000091e+03 5.734299999999999500e+02 1.900000000000000000e+01
1.285200000000000045e+03 8.991599999999999682e+02 2.000000000000000000e+01
8.479900000000000091e+02 7.835299999999999727e+02 2.000000000000000000e+01
4.888100000000000023e+02 5.384500000000000455e+02 2.000000000000000000e+01
4.569200000000000159e+02 4.608100000000000023e+02 2.000000000000000000e+01
5.331699999999999591e+02 8.948099999999999454e+02 2.000000000000000000e+01
1.078500000000000000e+03 2.960099999999999909e+02 2.000000000000000000e+01
1.405900000000000091e+03 4.386899999999999977e+02 2.000000000000000000e+01
7.111100000000000421e+01 3.616700000000000159e+02 2.000000000000000000e+01
1.452599999999999909e+03 8.985700000000000500e+02 2.100000000000000000e+01
7.127599999999999625e+01 5.140199999999999818e+02 2.000000000000000000e+01
1.439500000000000000e+03 9.410199999999999818e+02 2.000000000000000000e+01
1.313099999999999909e+03 1.158900000000000091e+03 2.000000000000000000e+01
1.381799999999999955e+03 1.571500000000000000e+03 2.100000000000000000e+01
3.305799999999999841e+02 1.538099999999999909e+03 2.100000000000000000e+01
7.997300000000000182e+02 1.029799999999999955e+03 2.100000000000000000e+01
1.337500000000000000e+03 8.835099999999999909e+02 2.000000000000000000e+01
1.148599999999999909e+03 1.348799999999999955e+03 2.000000000000000000e+01
9.601699999999999591e+02 1.881999999999999886e+02 2.000000000000000000e+01
6.319900000000000091e+02 1.508500000000000000e+03 2.100000000000000000e+01
7.010499999999999545e+02 1.433700000000000045e+03 2.000000000000000000e+01
7.580499999999999545e+02 4.986999999999999886e+02 2.000000000000000000e+01
1.340000000000000000e+03 1.239700000000000045e+03 2.000000000000000000e+01
6.250700000000000500e+02 1.434400000000000091e+03 2.000000000000000000e+01
1.493400000000000091e+03 5.263099999999999454e+02 2.100000000000000000e+01
1.443000000000000000e+03 3.013600000000000136e+02 2.000000000000000000e+01
3.511499999999999773e+02 9.453700000000000045e+02 2.000000000000000000e+01
5.881499999999999773e+02 1.366500000000000000e+03 2.000000000000000000e+01
1.067500000000000000e+03 1.530500000000000000e+03 2.100000000000000000e+01
8.056699999999999591e+02 7.726799999999999500e+02 2.000000000000000000e+01
5.432999999999999545e+02 1.379099999999999909e+03 2.000000000000000000e+01
6.450800000000000409e+02 4.465099999999999909e+02 2.000000000000000000e+01
1.159500000000000000e+03 6.561799999999999500e+02 2.000000000000000000e+01
1.477000000000000000e+03 1.085400000000000091e+03 2.000000000000000000e+01
1.234700000000000045e+03 5.927799999999999727e+02 2.000000000000000000e+01
9.085900000000000318e+02 6.264600000000000364e+02 2.000000000000000000e+01
4.836600000000000250e+02 1.412099999999999909e+03 2.000000000000000000e+01
1.111099999999999909e+03 5.343300000000000409e+02 2.000000000000000000e+01
1.411299999999999955e+02 1.130599999999999909e+03 2.000000000000000000e+01
9.731399999999999864e+02 1.534799999999999955e+03 2.100000000000000000e+01
1.072400000000000091e+03 1.573799999999999955e+03 2.100000000000000000e+01
1.025000000000000000e+03 1.258500000000000000e+03 2.000000000000000000e+01
1.189299999999999955e+03 1.515799999999999955e+03 2.100000000000000000e+01
8.440099999999999909e+02 1.287200000000000045e+03 2.000000000000000000e+01
6.623799999999999955e+02 1.415000000000000000e+03 2.100000000000000000e+01
1.088799999999999955e+03 4.980699999999999932e+02 2.000000000000000000e+01
1.187500000000000000e+03 5.261299999999999955e+02 2.000000000000000000e+01
9.452500000000000000e+02 1.490300000000000011e+02 2.000000000000000000e+01
1.459799999999999955e+03 1.321599999999999909e+03 2.000000000000000000e+01
5.256699999999999591e+02 1.417400000000000091e+03 2.100000000000000000e+01
6.778999999999999773e+02 1.375099999999999909e+03 2.100000000000000000e+01
5.009499999999999886e+02 9.223700000000000045e+02 2.000000000000000000e+01
1.377900000000000091e+03 1.145299999999999955e+03 2.000000000000000000e+01
6.817400000000000659e+01 1.532799999999999955e+03 2.100000000000000000e+01
5.620000000000000000e+02 1.191500000000000000e+03 2.000000000000000000e+01
1.344500000000000000e+03 2.676899999999999977e+02 2.000000000000000000e+01
1.632299999999999898e+02 4.785199999999999818e+02 2.000000000000000000e+01
1.670900000000000034e+02 7.700099999999999909e+02 2.100000000000000000e+01
1.030900000000000091e+03 1.565599999999999909e+03 2.000000000000000000e+01
7.664700000000000273e+02 9.545000000000000000e+02 2.000000000000000000e+01
1.393400000000000091e+03 7.943799999999999955e+02 2.000000000000000000e+01
1.432099999999999909e+03 3.428700000000000045e+02 2.100000000000000000e+01
7.395000000000000284e+01 2.625400000000000205e+02 2.100000000000000000e+01
1.435599999999999909e+03 1.089500000000000000e+03 2.100000000000000000e+01
1.147700000000000045e+03 1.508000000000000000e+03 2.100000000000000000e+01
4.139800000000000182e+02 6.535299999999999727e+02 2.000000000000000000e+01
1.015300000000000011e+02 1.465500000000000000e+03 2.100000000000000000e+01
8.618300000000000409e+02 2.617400000000000091e+02 2.000000000000000000e+01
1.244799999999999955e+03 2.042599999999999909e+02 2.000000000000000000e+01
1.413099999999999909e+03 1.542500000000000000e+03 2.100000000000000000e+01
9.657500000000000000e+02 3.842500000000000000e+02 1.900000000000000000e+01
5.060899999999999750e+02 1.313000000000000000e+03 1.900000000000000000e+01
4.610899999999999750e+02 7.312400000000000091e+02 2.000000000000000000e+01
1.491200000000000045e+03 1.870200000000000102e+02 2.100000000000000000e+01
1.958400000000000034e+02 4.494300000000000068e+02 1.900000000000000000e+01
6.916399999999999864e+02 4.456600000000000250e+02 2.000000000000000000e+01
1.146000000000000000e+03 6.967799999999999727e+02 2.000000000000000000e+01
4.449200000000000159e+02 9.854199999999999591e+02 2.000000000000000000e+01
1.445099999999999909e+03 4.226399999999999864e+02 2.000000000000000000e+01
1.457599999999999909e+03 1.471599999999999909e+03 2.100000000000000000e+01
1.454500000000000000e+03 2.190699999999999932e+02 2.000000000000000000e+01
6.141799999999999500e+02 4.141600000000000250e+02 2.000000000000000000e+01
1.451099999999999909e+03 3.812799999999999727e+02 2.100000000000000000e+01
1.417299999999999955e+03 8.741699999999999591e+02 2.000000000000000000e+01
9.890900000000000318e+02 2.636299999999999955e+02 2.000000000000000000e+01
1.450299999999999955e+03 1.758899999999999864e+02 2.100000000000000000e+01
1.411599999999999909e+03 8.326799999999999500e+02 2.000000000000000000e+01
1.756999999999999886e+02 8.840499999999999545e+02 2.000000000000000000e+01
1.193900000000000091e+03 1.452299999999999898e+02 2.000000000000000000e+01
1.408400000000000034e+02 1.483799999999999955e+03 2.000000000000000000e+01
1.306099999999999909e+03 1.915999999999999943e+02 2.100000000000000000e+01
1.473599999999999909e+03 1.538799999999999955e+03 2.100000000000000000e+01
7.177500000000000568e+01 5.973099999999999454e+02 1.900000000000000000e+01
8.663200000000000500e+02 1.166799999999999955e+03 2.000000000000000000e+01
1.441000000000000000e+03 1.510500000000000000e+03 2.100000000000000000e+01
1.230000000000000000e+03 3.400799999999999841e+02 1.900000000000000000e+01
9.465000000000000000e+02 1.143900000000000091e+03 2.000000000000000000e+01
1.494500000000000000e+03 9.040099999999999909e+02 2.100000000000000000e+01
1.455400000000000091e+03 2.616899999999999977e+02 2.000000000000000000e+01
1.059500000000000028e+02 7.174700000000000273e+02 2.000000000000000000e+01
1.416000000000000000e+03 2.009300000000000068e+02 2.100000000000000000e+01
1.417799999999999955e+03 2.425399999999999920e+02 2.000000000000000000e+01
1.450500000000000000e+03 5.244099999999999682e+02 2.000000000000000000e+01
1.474099999999999909e+03 1.412100000000000080e+02 2.100000000000000000e+01
1.300599999999999909e+03 1.500699999999999932e+02 2.100000000000000000e+01
