1.217900000000000063e+02 1.563000000000000000e+03 3.000000000000000000e+01
1.174799999999999955e+03 1.193799999999999955e+03 2.900000000000000000e+01
4.833799999999999955e+02 1.113000000000000000e+03 2.900000000000000000e+01
1.944900000000000091e+02 1.363500000000000000e+03 3.000000000000000000e+01
7.335099999999999909e+02 1.553000000000000000e+03 3.000000000000000000e+01
2.785400000000000205e+02 1.435500000000000000e+03 3.000000000000000000e+01
7.705800000000000409e+02 1.309599999999999909e+03 2.900000000000000000e+01
5.766200000000000045e+02 7.922999999999999545e+02 2.900000000000000000e+01
7.989800000000000182e+02 1.257099999999999909e+03 2.900000000000000000e+01
1.869499999999999886e+02 6.700199999999999818e+02 2.900000000000000000e+01
1.096400000000000091e+03 1.330900000000000091e+03 2.900000000000000000e+01
8.704600000000000364e+02 1.328500000000000000e+03 2.900000000000000000e+01
4.007300000000000182e+02 1.120400000000000091e+03 2.900000000000000000e+01
3.533899999999999864e+02 1.228400000000000091e+03 2.900000000000000000e+01
1.001899999999999977e+03 1.351900000000000091e+03 2.900000000000000000e+01
7.545700000000000500e+02 1.430799999999999955e+03 2.900000000000000000e+01
8.287500000000000000e+02 1.468099999999999909e+03 2.900000000000000000e+01
2.679800000000000182e+02 1.278000000000000000e+03 2.900000000000000000e+01
1.092200000000000045e+03 1.268599999999999909e+03 2.900000000000000000e+01
4.560699999999999932e+02 1.222599999999999909e+03 2.900000000000000000e+01
3.515000000000000000e+02 8.299500000000000455e+02 2.900000000000000000e+01
1.481599999999999909e+03 8.084800000000000182e+02 2.900000000000000000e+01
9.385000000000000000e+02 1.351900000000000091e+03 3.000000000000000000e+01
8.062500000000000000e+02 3.968500000000000227e+02 2.900000000000000000e+01
1.168799999999999955e+03 1.088000000000000000e+03 2.900000000000000000e+01
5.967500000000000000e+02 1.575500000000000114e+02 2.900000000000000000e+01
6.357899999999999636e+02 1.344000000000000000e+03 2.900000000000000000e+01
8.935000000000000000e+02 1.212500000000000000e+03 2.900000000000000000e+01
3.748700000000000045e+02 1.565200000000000045e+03 3.000000000000000000e+01
4.515099999999999909e+02 1.162000000000000000e+03 2.900000000000000000e+01
1.849199999999999875e+02 9.395599999999999454e+02 2.900000000000000000e+01
6.557699999999999818e+02 5.916000000000000227e+02 2.900000000000000000e+01
1.239500000000000000e+03 1.225700000000000045e+03 2.900000000000000000e+01
1.112500000000000000e+03 1.198000000000000000e+03 2.900000000000000000e+01
6.385099999999999909e+02 1.238500000000000000e+03 2.900000000000000000e+01
8.352599999999999909e+02 7.326799999999999500e+02 2.900000000000000000e+01
1.817500000000000000e+02 1.455799999999999955e+03 3.000000000000000000e+01
1.427400000000000091e+03 1.363400000000000091e+03 2.900000000000000000e+01
4.934399999999999977e+02 1.461500000000000000e+03 3.000000000000000000e+01
2.973999999999999773e+02 4.005600000000000023e+02 2.900000000000000000e+01
1.194800000000000040e+02 1.357500000000000000e+03 2.900000000000000000e+01
3.011299999999999955e+02 1.102400000000000091e+03 2.900000000000000000e+01
3.844700000000000273e+02 1.178500000000000000e+03 3.000000000000000000e+01
1.389000000000000000e+03 9.609500000000000455e+02 2.900000000000000000e+01
4.126999999999999886e+02 3.443100000000000023e+02 2.900000000000000000e+01
5.543099999999999454e+02 1.326000000000000000e+03 2.900000000000000000e+01
1.250799999999999955e+03 1.168400000000000091e+03 2.900000000000000000e+01
4.772599999999999909e+02 1.524000000000000000e+03 3.000000000000000000e+01
1.356500000000000000e+03 1.347000000000000000e+03 2.900000000000000000e+01
9.578200000000000500e+02 1.038599999999999909e+03 2.900000000000000000e+01
8.564900000000000091e+02 1.011000000000000000e+03 2.900000000000000000e+01
2.738899999999999864e+02 1.525599999999999909e+03 2.900000000000000000e+01
8.055299999999999727e+02 2.529300000000000068e+02 2.900000000000000000e+01
3.479399999999999977e+02 9.953400000000000318e+02 2.900000000000000000e+01
9.714800000000000182e+02 1.403400000000000091e+03 2.900000000000000000e+01
5.865399999999999636e+02 8.990499999999999545e+02 2.900000000000000000e+01
7.181000000000000227e+02 1.106099999999999909e+03 2.900000000000000000e+01
5.549199999999999591e+02 2.794499999999999886e+02 2.900000000000000000e+01
8.677999999999999545e+02 8.903899999999999864e+02 2.900000000000000000e+01
9.151900000000000546e+01 7.875099999999999909e+02 2.900000000000000000e+01
1.293500000000000000e+03 1.265900000000000091e+03 2.900000000000000000e+01
5.165700000000000500e+02 1.064000000000000000e+03 2.900000000000000000e+01
1.267099999999999909e+03 1.498799999999999955e+03 3.000000000000000000e+01
2.518899999999999864e+02 1.066799999999999955e+03 2.900000000000000000e+01
2.908600000000000136e+02 8.488899999999999864e+02 2.900000000000000000e+01
9.548300000000000409e+02 1.192200000000000045e+03 2.900000000000000000e+01
7.564800000000000182e+02 1.062099999999999909e+03 2.900000000000000000e+01
5.336100000000000136e+02 1.504799999999999955e+03 2.900000000000000000e+01
1.087299999999999955e+03 1.431900000000000091e+03 2.900000000000000000e+01
5.791000000000000227e+02 1.238200000000000045e+03 2.900000000000000000e+01
4.339200000000000159e+02 1.565500000000000000e+03 2.900000000000000000e+01
7.764500000000000455e+02 4.480099999999999909e+02 2.900000000000000000e+01
1.043900000000000091e+03 1.302700000000000045e+03 2.900000000000000000e+01
1.210400000000000091e+03 1.470099999999999909e+03 2.900000000000000000e+01
1.023000000000000000e+03 8.783099999999999454e+02 2.900000000000000000e+01
5.418899999999999864e+02 1.002000000000000000e+03 2.900000000000000000e+01
8.322300000000000182e+02 1.565900000000000091e+03 2.900000000000000000e+01
7.214800000000000182e+02 1.480500000000000000e+03 3.000000000000000000e+01
1.146099999999999909e+03 2.289600000000000080e+02 2.900000000000000000e+01
5.288700000000000045e+02 1.150099999999999909e+03 2.900000000000000000e+01
1.033900000000000091e+03 1.402700000000000045e+03 2.900000000000000000e+01
1.440200000000000045e+03 9.971900000000000546e+02 2.900000000000000000e+01
5.267000000000000455e+02 1.266700000000000045e+03 2.900000000000000000e+01
1.186299999999999955e+03 1.016299999999999955e+03 2.900000000000000000e+01
9.938799999999999955e+02 9.753200000000000500e+02 2.900000000000000000e+01
1.279400000000000091e+03 3.458299999999999841e+02 2.900000000000000000e+01
1.480900000000000091e+03 7.494299999999999500e+02 2.900000000000000000e+01
5.886399999999999864e+02 1.147599999999999909e+03 2.900000000000000000e+01
8.648899999999999864e+02 9.528500000000000227e+02 2.900000000000000000e+01
7.328899999999999864e+02 8.457999999999999545e+02 2.900000000000000000e+01
1.760500000000000114e+02 2.738199999999999932e+02 2.900000000000000000e+01
3.330600000000000023e+02 1.054000000000000000e+03 2.900000000000000000e+01
1.352200000000000045e+03 4.300899999999999750e+02 2.900000000000000000e+01
9.250299999999999727e+02 9.434600000000000364e+02 2.900000000000000000e+01
5.526799999999999500e+02 5.577599999999999909e+02 2.900000000000000000e+01
4.663399999999999750e+02 1.280400000000000091e+03 2.900000000000000000e+01
3.059800000000000182e+02 4.760299999999999727e+02 2.900000000000000000e+01
7.302799999999999727e+02 2.480500000000000114e+02 2.900000000000000000e+01
6.689900000000000091e+02 6.615000000000000000e+02 2.900000000000000000e+01
7.640199999999999818e+02 2.975199999999999818e+02 2.900000000000000000e+01
9.843400000000000318e+02 1.294599999999999909e+03 2.900000000000000000e+01
1.016899999999999977e+03 1.030299999999999955e+03 2.900000000000000000e+01
7.182500000000000000e+02 9.289500000000000455e+02 2.900000000000000000e+01
1.735600000000000023e+02 1.523000000000000000e+03 3.000000000000000000e+01
1.324799999999999955e+03 1.563799999999999955e+03 2.900000000000000000e+01
1.276599999999999909e+03 2.375500000000000114e+02 2.900000000000000000e+01
6.738799999999999955e+02 8.357999999999999545e+02 2.900000000000000000e+01
7.110800000000000409e+02 7.567300000000000182e+02 2.900000000000000000e+01
1.136099999999999909e+03 1.397799999999999955e+03 2.900000000000000000e+01
8.377999999999999545e+02 4.485400000000000205e+02 2.900000000000000000e+01
8.760000000000000000e+02 1.074099999999999909e+03 2.900000000000000000e+01
3.039200000000000159e+02 1.327799999999999955e+03 2.900000000000000000e+01
1.145599999999999909e+03 1.296700000000000045e+03 2.900000000000000000e+01
3.291600000000000250e+02 1.154599999999999909e+03 2.900000000000000000e+01
9.154700000000000273e+02 6.746100000000000136e+02 2.900000000000000000e+01
1.094500000000000000e+03 7.105599999999999454e+02 2.900000000000000000e+01
1.108200000000000045e+03 1.095400000000000091e+03 2.900000000000000000e+01
6.626299999999999955e+02 9.520800000000000409e+02 2.900000000000000000e+01
1.486200000000000045e+03 1.257200000000000045e+03 2.900000000000000000e+01
1.813199999999999932e+02 8.319800000000000182e+02 2.900000000000000000e+01
8.974600000000000364e+02 1.466000000000000000e+03 3.000000000000000000e+01
3.961600000000000250e+02 2.159699999999999989e+02 2.900000000000000000e+01
1.010000000000000000e+03 4.070000000000000000e+02 2.900000000000000000e+01
6.644800000000000182e+02 1.011100000000000023e+03 2.900000000000000000e+01
5.278999999999999773e+02 3.325099999999999909e+02 2.900000000000000000e+01
1.002200000000000045e+03 5.421299999999999955e+02 2.900000000000000000e+01
1.128500000000000000e+03 2.855199999999999818e+02 2.900000000000000000e+01
1.306000000000000000e+03 1.017899999999999977e+03 2.900000000000000000e+01
9.775299999999999727e+02 9.170299999999999727e+02 2.900000000000000000e+01
1.192699999999999960e+02 9.574600000000000364e+02 2.900000000000000000e+01
9.678400000000000318e+02 7.020299999999999727e+02 2.900000000000000000e+01
2.399399999999999977e+02 8.169900000000000091e+02 2.900000000000000000e+01
4.839100000000000250e+02 2.660799999999999841e+02 2.900000000000000000e+01
3.637500000000000000e+02 1.347099999999999909e+03 2.900000000000000000e+01
5.676799999999999500e+02 2.089300000000000068e+02 2.900000000000000000e+01
7.640099999999999909e+02 1.167200000000000045e+03 2.900000000000000000e+01
7.215399999999999636e+02 1.342900000000000091e+03 2.900000000000000000e+01
1.479599999999999909e+03 3.279800000000000182e+02 2.900000000000000000e+01
1.206500000000000000e+03 6.639900000000000091e+02 2.900000000000000000e+01
1.404299999999999955e+03 1.309500000000000000e+03 2.900000000000000000e+01
1.483000000000000000e+03 9.550199999999999818e+02 2.900000000000000000e+01
2.366599999999999966e+02 1.479000000000000000e+03 3.000000000000000000e+01
1.008000000000000000e+03 6.588200000000000500e+02 2.900000000000000000e+01
4.170500000000000114e+02 1.603899999999999864e+02 2.900000000000000000e+01
7.780700000000000500e+02 1.498500000000000000e+03 3.000000000000000000e+01
1.158499999999999943e+02 1.416700000000000045e+03 2.900000000000000000e+01
1.058000000000000000e+03 1.220599999999999909e+03 2.900000000000000000e+01
1.180099999999999909e+03 4.721299999999999955e+02 2.900000000000000000e+01
1.299400000000000091e+03 1.325500000000000000e+03 2.900000000000000000e+01
8.375800000000000409e+02 1.120599999999999909e+03 2.900000000000000000e+01
1.235200000000000045e+03 7.714800000000000182e+02 2.900000000000000000e+01
1.154900000000000091e+03 9.662200000000000273e+02 2.900000000000000000e+01
2.834800000000000182e+02 1.017500000000000000e+03 3.000000000000000000e+01
1.262299999999999955e+03 1.438799999999999955e+03 2.900000000000000000e+01
8.645000000000000000e+02 1.515500000000000000e+03 3.000000000000000000e+01
1.353200000000000045e+03 1.189799999999999955e+03 2.900000000000000000e+01
6.630700000000000500e+02 1.131900000000000091e+03 3.000000000000000000e+01
4.382799999999999727e+02 1.074099999999999909e+03 2.900000000000000000e+01
9.234900000000000091e+02 1.520000000000000000e+03 2.900000000000000000e+01
2.276699999999999875e+02 9.960099999999999909e+02 2.900000000000000000e+01
5.865800000000000409e+02 1.533500000000000000e+03 2.900000000000000000e+01
3.034499999999999886e+02 6.709900000000000091e+02 2.900000000000000000e+01
1.019000000000000000e+03 1.512000000000000000e+03 3.000000000000000000e+01
1.315700000000000045e+03 7.111599999999999682e+02 2.900000000000000000e+01
6.510000000000000000e+02 8.937000000000000455e+02 2.900000000000000000e+01
2.063400000000000034e+02 3.247699999999999818e+02 2.900000000000000000e+01
5.041100000000000136e+02 6.458799999999999955e+02 2.900000000000000000e+01
8.083799999999999386e+01 1.641899999999999977e+02 2.900000000000000000e+01
3.237699999999999818e+02 8.988200000000000500e+02 2.900000000000000000e+01
9.270000000000000000e+02 8.840599999999999454e+02 2.900000000000000000e+01
1.849699999999999989e+02 5.655499999999999545e+02 2.900000000000000000e+01
1.290000000000000000e+03 1.384299999999999955e+03 2.900000000000000000e+01
6.712799999999999727e+02 1.070599999999999909e+03 2.900000000000000000e+01
6.658200000000000500e+02 1.291500000000000000e+03 2.900000000000000000e+01
2.360000000000000000e+02 2.729599999999999795e+02 3.000000000000000000e+01
5.436000000000000227e+02 9.416699999999999591e+02 2.900000000000000000e+01
4.076399999999999864e+02 1.021000000000000000e+03 2.900000000000000000e+01
1.279599999999999909e+03 1.115599999999999909e+03 2.900000000000000000e+01
6.054700000000000273e+02 1.292000000000000000e+03 2.900000000000000000e+01
1.956800000000000068e+02 1.046900000000000091e+03 2.900000000000000000e+01
1.439000000000000000e+03 6.927899999999999636e+02 2.900000000000000000e+01
3.140000000000000000e+02 3.388899999999999864e+02 2.900000000000000000e+01
1.116799999999999955e+03 8.729700000000000273e+02 2.900000000000000000e+01
2.154799999999999898e+02 3.994800000000000182e+02 2.900000000000000000e+01
5.134900000000000091e+02 1.209500000000000000e+03 2.900000000000000000e+01
7.605099999999999909e+02 3.600500000000000114e+02 2.900000000000000000e+01
1.281900000000000091e+03 5.771699999999999591e+02 2.900000000000000000e+01
4.940099999999999909e+02 1.362400000000000091e+03 2.900000000000000000e+01
1.289000000000000000e+03 4.140099999999999909e+02 3.000000000000000000e+01
8.071900000000000546e+02 5.005299999999999727e+02 2.900000000000000000e+01
7.129299999999999500e+02 6.228300000000000409e+02 2.900000000000000000e+01
3.714800000000000182e+02 1.287500000000000000e+03 2.900000000000000000e+01
7.011100000000000136e+02 1.244400000000000091e+03 2.900000000000000000e+01
3.024599999999999795e+02 7.308999999999999773e+02 2.900000000000000000e+01
1.262000000000000000e+03 1.058500000000000000e+03 2.900000000000000000e+01
2.060099999999999909e+02 1.620000000000000000e+02 3.000000000000000000e+01
1.182599999999999909e+03 3.602699999999999818e+02 2.900000000000000000e+01
9.920599999999999454e+02 1.087500000000000000e+03 2.900000000000000000e+01
8.984199999999999591e+02 3.468999999999999773e+02 2.900000000000000000e+01
7.355599999999999454e+02 1.555000000000000000e+02 2.900000000000000000e+01
1.061500000000000000e+03 9.915000000000000000e+02 2.900000000000000000e+01
2.244399999999999977e+02 8.774099999999999682e+02 2.900000000000000000e+01
2.521699999999999875e+02 6.407799999999999727e+02 2.900000000000000000e+01
8.344900000000000091e+02 1.559699999999999989e+02 2.900000000000000000e+01
3.614800000000000182e+02 3.739200000000000159e+02 2.900000000000000000e+01
1.444200000000000045e+03 1.421200000000000045e+03 2.900000000000000000e+01
1.003100000000000023e+03 1.453400000000000091e+03 2.900000000000000000e+01
1.200900000000000091e+03 8.198799999999999955e+02 2.900000000000000000e+01
3.488899999999999864e+02 1.433799999999999955e+03 2.900000000000000000e+01
1.331400000000000091e+03 3.739900000000000091e+02 2.900000000000000000e+01
7.945199999999999818e+02 8.215099999999999909e+02 2.900000000000000000e+01
5.571000000000000227e+02 7.370000000000000000e+02 2.900000000000000000e+01
2.465999999999999943e+02 1.129400000000000091e+03 2.900000000000000000e+01
4.061299999999999955e+02 4.456000000000000227e+02 2.900000000000000000e+01
8.557799999999999727e+02 8.321699999999999591e+02 2.900000000000000000e+01
4.719800000000000182e+02 1.025599999999999909e+03 2.900000000000000000e+01
1.148500000000000000e+03 5.599900000000000091e+02 2.900000000000000000e+01
8.940499999999999545e+02 1.532800000000000011e+02 2.900000000000000000e+01
8.668999999999999773e+02 3.968000000000000114e+02 2.900000000000000000e+01
8.059900000000000091e+02 9.785099999999999909e+02 2.900000000000000000e+01
1.199099999999999909e+03 1.138900000000000091e+03 2.900000000000000000e+01
8.161499999999999773e+02 9.189199999999999591e+02 2.900000000000000000e+01
1.049000000000000000e+03 7.499600000000000364e+02 2.900000000000000000e+01
8.879700000000000273e+02 1.386099999999999909e+03 2.900000000000000000e+01
5.575299999999999727e+02 6.174400000000000546e+02 2.900000000000000000e+01
6.655299999999999727e+02 3.970699999999999932e+02 2.900000000000000000e+01
1.420000000000000000e+03 7.489800000000000182e+02 2.900000000000000000e+01
4.092200000000000273e+02 7.425700000000000500e+02 2.900000000000000000e+01
1.377000000000000000e+03 4.840000000000000000e+02 2.900000000000000000e+01
8.946599999999999682e+02 7.297100000000000364e+02 2.900000000000000000e+01
5.923200000000000500e+02 1.473900000000000091e+03 2.900000000000000000e+01
6.370900000000000318e+02 2.008400000000000034e+02 2.900000000000000000e+01
1.486799999999999955e+03 1.366700000000000045e+03 2.900000000000000000e+01
1.051900000000000091e+03 1.079200000000000045e+03 2.900000000000000000e+01
2.581600000000000250e+02 5.808999999999999773e+02 2.900000000000000000e+01
9.519299999999999500e+02 8.175599999999999454e+02 2.900000000000000000e+01
1.132000000000000000e+03 1.039900000000000091e+03 2.900000000000000000e+01
1.143900000000000091e+03 1.547800000000000011e+02 2.900000000000000000e+01
1.392200000000000045e+03 3.850600000000000023e+02 2.900000000000000000e+01
6.150199999999999818e+02 8.467899999999999636e+02 2.900000000000000000e+01
6.036799999999999500e+02 9.564099999999999682e+02 2.900000000000000000e+01
8.105399999999999636e+02 1.410500000000000000e+03 2.900000000000000000e+01
1.212500000000000000e+03 2.455000000000000000e+02 2.900000000000000000e+01
5.060699999999999932e+02 7.061200000000000045e+02 2.900000000000000000e+01
9.556799999999999500e+02 3.300600000000000023e+02 2.900000000000000000e+01
8.534700000000000273e+02 3.070000000000000000e+02 2.900000000000000000e+01
7.530099999999999909e+02 6.657000000000000455e+02 2.900000000000000000e+01
5.358200000000000500e+02 1.564799999999999955e+03 3.000000000000000000e+01
1.116500000000000000e+03 1.547900000000000091e+03 3.000000000000000000e+01
1.121299999999999955e+03 6.133300000000000409e+02 2.900000000000000000e+01
5.758999999999999773e+02 1.051700000000000045e+03 2.900000000000000000e+01
6.368200000000000500e+02 1.565400000000000091e+03 2.900000000000000000e+01
8.887100000000000364e+02 1.273000000000000000e+03 2.900000000000000000e+01
1.062000000000000000e+03 4.421399999999999864e+02 2.900000000000000000e+01
9.315399999999999636e+02 4.959200000000000159e+02 2.900000000000000000e+01
1.194399999999999977e+02 5.694900000000000091e+02 2.900000000000000000e+01
1.293799999999999955e+03 7.676699999999999591e+02 2.900000000000000000e+01
1.098400000000000091e+03 9.392999999999999545e+02 2.900000000000000000e+01
4.434499999999999886e+02 5.586000000000000227e+02 2.900000000000000000e+01
3.964399999999999977e+02 1.396299999999999955e+03 2.900000000000000000e+01
3.003100000000000023e+02 7.902500000000000000e+02 2.900000000000000000e+01
1.183799999999999955e+03 6.097999999999999545e+02 2.900000000000000000e+01
3.251899999999999977e+02 1.618400000000000034e+02 2.900000000000000000e+01
4.278999999999999773e+02 5.011200000000000045e+02 2.900000000000000000e+01
3.140000000000000000e+02 6.132999999999999545e+02 2.900000000000000000e+01
3.637300000000000182e+02 4.890099999999999909e+02 2.900000000000000000e+01
1.362800000000000011e+02 1.048900000000000091e+03 2.900000000000000000e+01
1.339799999999999955e+03 3.145600000000000023e+02 2.900000000000000000e+01
1.146500000000000000e+03 1.455500000000000000e+03 2.900000000000000000e+01
3.967699999999999818e+02 9.611599999999999682e+02 2.900000000000000000e+01
3.122200000000000273e+02 1.386400000000000091e+03 3.000000000000000000e+01
6.964600000000000364e+02 1.995200000000000102e+02 2.900000000000000000e+01
7.216200000000000045e+02 5.635399999999999636e+02 2.900000000000000000e+01
3.569900000000000091e+02 7.694800000000000182e+02 2.900000000000000000e+01
1.186899999999999977e+02 4.499800000000000182e+02 2.900000000000000000e+01
7.292000000000000455e+02 4.121899999999999977e+02 2.900000000000000000e+01
8.979700000000000273e+02 4.472699999999999818e+02 2.900000000000000000e+01
1.036099999999999909e+03 4.940600000000000023e+02 2.900000000000000000e+01
1.152799999999999955e+03 7.858700000000000045e+02 2.900000000000000000e+01
8.117899999999999636e+02 6.772599999999999909e+02 2.900000000000000000e+01
3.008700000000000045e+02 9.586299999999999955e+02 2.900000000000000000e+01
3.928000000000000114e+02 6.034700000000000273e+02 2.900000000000000000e+01
9.452899999999999636e+02 1.250099999999999909e+03 2.900000000000000000e+01
1.397700000000000045e+03 6.019299999999999500e+02 2.900000000000000000e+01
1.236000000000000000e+03 3.862699999999999818e+02 2.900000000000000000e+01
4.550199999999999818e+02 2.148400000000000034e+02 2.900000000000000000e+01
4.686899999999999977e+02 3.249599999999999795e+02 2.900000000000000000e+01
6.111699999999999591e+02 6.501299999999999955e+02 2.900000000000000000e+01
6.178400000000000318e+02 7.491799999999999500e+02 2.900000000000000000e+01
1.014100000000000023e+03 1.180200000000000045e+03 2.900000000000000000e+01
3.711299999999999955e+02 1.505500000000000000e+03 2.900000000000000000e+01
1.040099999999999909e+03 3.269499999999999886e+02 2.900000000000000000e+01
7.705599999999999454e+02 2.045200000000000102e+02 3.000000000000000000e+01
8.962899999999999636e+02 7.884299999999999500e+02 2.900000000000000000e+01
6.802699999999999818e+02 1.523900000000000091e+03 2.900000000000000000e+01
2.362299999999999898e+02 2.147700000000000102e+02 2.900000000000000000e+01
9.475800000000000409e+02 7.585199999999999818e+02 2.900000000000000000e+01
1.339400000000000091e+03 8.061200000000000045e+02 2.900000000000000000e+01
3.596399999999999864e+02 6.512799999999999727e+02 2.900000000000000000e+01
5.121399999999999864e+02 8.069199999999999591e+02 2.900000000000000000e+01
4.033700000000000045e+02 1.456099999999999909e+03 2.900000000000000000e+01
1.099300000000000068e+02 3.913100000000000023e+02 2.900000000000000000e+01
9.330800000000000409e+02 1.092099999999999909e+03 2.900000000000000000e+01
1.236299999999999955e+03 1.286799999999999955e+03 2.900000000000000000e+01
6.670299999999999727e+02 2.515600000000000023e+02 2.900000000000000000e+01
4.540199999999999818e+02 8.371900000000000546e+02 2.900000000000000000e+01
1.751399999999999864e+02 2.128300000000000125e+02 3.000000000000000000e+01
8.973200000000000500e+02 5.450299999999999727e+02 2.900000000000000000e+01
1.189500000000000000e+03 1.371500000000000000e+03 2.900000000000000000e+01
1.066900000000000091e+03 8.396799999999999500e+02 2.900000000000000000e+01
5.001000000000000227e+02 5.846200000000000045e+02 2.900000000000000000e+01
1.063900000000000091e+03 3.824100000000000250e+02 2.900000000000000000e+01
1.439599999999999909e+03 4.696000000000000227e+02 2.900000000000000000e+01
1.295700000000000045e+03 8.475800000000000409e+02 2.900000000000000000e+01
3.262099999999999795e+02 5.529800000000000182e+02 2.900000000000000000e+01
6.398099999999999454e+02 3.041999999999999886e+02 2.900000000000000000e+01
1.328000000000000000e+03 5.254900000000000091e+02 2.900000000000000000e+01
2.501999999999999886e+02 7.592899999999999636e+02 2.900000000000000000e+01
1.239700000000000045e+03 9.254099999999999682e+02 2.900000000000000000e+01
1.379799999999999955e+03 6.948500000000000227e+02 2.900000000000000000e+01
1.286500000000000000e+03 9.604400000000000546e+02 2.900000000000000000e+01
1.385700000000000045e+03 5.425599999999999454e+02 2.900000000000000000e+01
1.085799999999999955e+03 2.416800000000000068e+02 2.900000000000000000e+01
1.390700000000000045e+03 2.832200000000000273e+02 2.900000000000000000e+01
6.203500000000000227e+02 3.605500000000000114e+02 2.900000000000000000e+01
2.171999999999999886e+02 1.246000000000000000e+03 2.900000000000000000e+01
1.172099999999999909e+03 1.565200000000000045e+03 3.000000000000000000e+01
1.154899999999999949e+02 1.253000000000000000e+03 2.900000000000000000e+01
1.354000000000000000e+03 6.417200000000000273e+02 2.900000000000000000e+01
6.125299999999999727e+02 5.497899999999999636e+02 2.900000000000000000e+01
1.295799999999999955e+03 1.207900000000000091e+03 2.900000000000000000e+01
1.360099999999999909e+03 7.503300000000000409e+02 2.900000000000000000e+01
4.774399999999999977e+02 1.600000000000000000e+02 2.900000000000000000e+01
1.047200000000000045e+03 5.818200000000000500e+02 2.900000000000000000e+01
3.166000000000000227e+02 1.482000000000000000e+03 2.900000000000000000e+01
1.186400000000000091e+03 1.252299999999999955e+03 2.900000000000000000e+01
1.309000000000000000e+03 4.690500000000000114e+02 2.900000000000000000e+01
3.232200000000000273e+02 2.798299999999999841e+02 2.900000000000000000e+01
1.038799999999999955e+03 9.359400000000000546e+02 2.900000000000000000e+01
1.248599999999999909e+03 1.487100000000000080e+02 2.900000000000000000e+01
1.430699999999999932e+02 1.640000000000000000e+02 2.900000000000000000e+01
5.289500000000000455e+02 5.038500000000000227e+02 2.900000000000000000e+01
2.170399999999999920e+02 4.909900000000000091e+02 2.900000000000000000e+01
5.364800000000000182e+02 1.585900000000000034e+02 2.900000000000000000e+01
5.575900000000000318e+02 6.757699999999999818e+02 2.900000000000000000e+01
3.585099999999999909e+02 7.109199999999999591e+02 2.900000000000000000e+01
3.822699999999999818e+02 9.014500000000000455e+02 2.900000000000000000e+01
6.158700000000000045e+02 1.094799999999999955e+03 2.900000000000000000e+01
5.059700000000000273e+02 3.880400000000000205e+02 2.900000000000000000e+01
7.696699999999999591e+02 6.003700000000000045e+02 2.900000000000000000e+01
6.634600000000000364e+02 1.467000000000000000e+03 2.900000000000000000e+01
5.094499999999999886e+02 4.475500000000000114e+02 2.900000000000000000e+01
1.191700000000000045e+03 1.909099999999999966e+02 2.900000000000000000e+01
4.048199999999999932e+02 8.032500000000000000e+02 2.900000000000000000e+01
1.244400000000000091e+03 1.000299999999999955e+03 2.900000000000000000e+01
1.068200000000000045e+03 6.381399999999999864e+02 2.900000000000000000e+01
1.427700000000000045e+03 1.254099999999999909e+03 2.900000000000000000e+01
1.989600000000000080e+02 7.282400000000000091e+02 2.900000000000000000e+01
2.437299999999999898e+02 9.381699999999999591e+02 2.900000000000000000e+01
8.660599999999999454e+02 2.072800000000000011e+02 2.900000000000000000e+01
2.569100000000000250e+02 3.557799999999999727e+02 2.900000000000000000e+01
1.342099999999999909e+03 5.835800000000000409e+02 2.900000000000000000e+01
4.598100000000000023e+02 7.783899999999999864e+02 2.900000000000000000e+01
2.652500000000000000e+02 1.625500000000000114e+02 2.900000000000000000e+01
1.190799999999999955e+03 3.008899999999999864e+02 2.900000000000000000e+01
1.234700000000000045e+03 4.461200000000000045e+02 2.900000000000000000e+01
9.101200000000000045e+02 2.482199999999999989e+02 2.900000000000000000e+01
3.487200000000000273e+02 4.319499999999999886e+02 2.900000000000000000e+01
1.362099999999999909e+03 1.441900000000000091e+03 2.900000000000000000e+01
9.554900000000000091e+02 4.305099999999999909e+02 2.900000000000000000e+01
1.122799999999999955e+03 4.606200000000000045e+02 2.900000000000000000e+01
1.259099999999999909e+03 6.920700000000000500e+02 2.900000000000000000e+01
1.645600000000000023e+02 3.698600000000000136e+02 2.900000000000000000e+01
1.027500000000000000e+03 2.269600000000000080e+02 2.900000000000000000e+01
1.146700000000000017e+02 2.886899999999999977e+02 2.900000000000000000e+01
1.401900000000000091e+03 1.472599999999999909e+02 2.900000000000000000e+01
2.686999999999999886e+02 5.228799999999999955e+02 2.900000000000000000e+01
3.364800000000000182e+02 2.218799999999999955e+02 2.900000000000000000e+01
1.348200000000000045e+03 1.286500000000000000e+03 2.900000000000000000e+01
6.738700000000000045e+02 1.191400000000000091e+03 2.900000000000000000e+01
1.258700000000000045e+03 6.313799999999999955e+02 2.900000000000000000e+01
1.140099999999999909e+03 1.146000000000000000e+03 2.900000000000000000e+01
1.181400000000000091e+03 8.785700000000000500e+02 2.900000000000000000e+01
3.860600000000000023e+02 5.446200000000000045e+02 2.900000000000000000e+01
4.923199999999999932e+02 9.706799999999999500e+02 2.900000000000000000e+01
1.217199999999999989e+02 5.090000000000000000e+02 2.900000000000000000e+01
1.639199999999999875e+02 9.957999999999999545e+02 2.900000000000000000e+01
6.697899999999999636e+02 5.344700000000000273e+02 2.900000000000000000e+01
1.251400000000000091e+03 2.910799999999999841e+02 2.900000000000000000e+01
2.549600000000000080e+02 4.468600000000000136e+02 2.900000000000000000e+01
1.322799999999999955e+03 1.073799999999999955e+03 2.900000000000000000e+01
7.521699999999999591e+02 1.001899999999999977e+03 2.900000000000000000e+01
4.548500000000000227e+02 6.767200000000000273e+02 2.900000000000000000e+01
2.511999999999999886e+02 7.006200000000000045e+02 2.900000000000000000e+01
1.243000000000000000e+03 1.344900000000000091e+03 2.900000000000000000e+01
2.066599999999999966e+02 1.304400000000000091e+03 2.900000000000000000e+01
4.505799999999999841e+02 6.178300000000000409e+02 2.900000000000000000e+01
5.622200000000000273e+02 4.119700000000000273e+02 2.900000000000000000e+01
4.468000000000000114e+02 9.311699999999999591e+02 2.900000000000000000e+01
1.239200000000000045e+03 8.660000000000000000e+02 2.900000000000000000e+01
1.040599999999999909e+03 1.509900000000000091e+02 2.900000000000000000e+01
1.209699999999999989e+02 6.674099999999999682e+02 2.900000000000000000e+01
1.358099999999999909e+03 1.866500000000000057e+02 2.900000000000000000e+01
6.065800000000000409e+02 2.544000000000000057e+02 2.900000000000000000e+01
5.761100000000000136e+02 1.416900000000000091e+03 2.900000000000000000e+01
6.266699999999999591e+02 4.921000000000000227e+02 2.900000000000000000e+01
1.164200000000000045e+03 4.136000000000000227e+02 2.900000000000000000e+01
1.099000000000000000e+03 1.489500000000000000e+03 2.900000000000000000e+01
5.558300000000000409e+02 8.480599999999999454e+02 2.900000000000000000e+01
1.379599999999999909e+03 1.090099999999999909e+03 2.900000000000000000e+01
9.556499999999999773e+02 6.312400000000000091e+02 2.900000000000000000e+01
1.579199999999999875e+02 6.185000000000000000e+02 2.900000000000000000e+01
8.578200000000000500e+02 6.374800000000000182e+02 2.900000000000000000e+01
7.350100000000000477e+01 1.170900000000000091e+03 2.000000000000000000e+01
1.339900000000000091e+03 1.395500000000000000e+03 2.000000000000000000e+01
3.518100000000000023e+02 1.107799999999999955e+03 2.000000000000000000e+01
5.995000000000000000e+02 1.006700000000000045e+03 2.100000000000000000e+01
9.825700000000000500e+02 4.958100000000000023e+02 2.000000000000000000e+01
1.489099999999999909e+03 6.572699999999999818e+02 2.100000000000000000e+01
1.406000000000000000e+03 1.188700000000000045e+03 2.100000000000000000e+01
6.990399999999999636e+01 1.102700000000000045e+03 2.000000000000000000e+01
1.081299999999999955e+03 1.037400000000000091e+03 2.000000000000000000e+01
1.493099999999999909e+03 1.047200000000000045e+03 2.000000000000000000e+01
8.198799999999999955e+02 1.323799999999999955e+03 2.000000000000000000e+01
7.172000000000000455e+02 1.291599999999999909e+03 2.000000000000000000e+01
5.500499999999999545e+02 1.103200000000000045e+03 2.000000000000000000e+01
1.230700000000000045e+03 1.098500000000000000e+03 2.000000000000000000e+01
2.494099999999999966e+02 1.369000000000000000e+03 2.100000000000000000e+01
2.814800000000000182e+02 2.511100000000000136e+02 2.000000000000000000e+01
7.427000000000000455e+02 7.166100000000000136e+02 2.000000000000000000e+01
1.193500000000000000e+03 1.314000000000000000e+03 2.100000000000000000e+01
1.302599999999999909e+03 6.628400000000000318e+02 2.000000000000000000e+01
1.152400000000000091e+03 8.366200000000000045e+02 2.000000000000000000e+01
1.188799999999999955e+03 7.508700000000000045e+02 2.000000000000000000e+01
7.009399999999999409e+01 9.407400000000000091e+02 2.000000000000000000e+01
8.839600000000000364e+02 1.572599999999999909e+03 2.100000000000000000e+01
6.784199999999999591e+02 4.836200000000000045e+02 2.100000000000000000e+01
4.293899999999999864e+02 8.826200000000000045e+02 2.000000000000000000e+01
9.214900000000000091e+02 3.930099999999999909e+02 2.000000000000000000e+01
9.130599999999999454e+02 2.984399999999999977e+02 2.000000000000000000e+01
8.904400000000000546e+02 1.123500000000000000e+03 2.100000000000000000e+01
7.710099999999999909e+02 1.116000000000000000e+03 2.100000000000000000e+01
1.243199999999999932e+02 1.303900000000000091e+03 2.000000000000000000e+01
4.465600000000000023e+02 4.147900000000000205e+02 2.000000000000000000e+01
6.735099999999999909e+02 3.414900000000000091e+02 2.100000000000000000e+01
7.039199999999999591e+01 8.337999999999999545e+02 2.000000000000000000e+01
2.703100000000000023e+02 1.174900000000000091e+03 2.000000000000000000e+01
1.068500000000000000e+03 1.169900000000000091e+03 2.000000000000000000e+01
5.260199999999999818e+02 2.384900000000000091e+02 2.000000000000000000e+01
7.469400000000000546e+02 7.955800000000000409e+02 2.000000000000000000e+01
8.015299999999999727e+02 1.086200000000000045e+03 2.000000000000000000e+01
7.207500000000000284e+01 1.575200000000000045e+03 2.000000000000000000e+01
1.108900000000000006e+02 3.405600000000000023e+02 2.000000000000000000e+01
9.459099999999999682e+02 9.905299999999999727e+02 2.000000000000000000e+01
1.432700000000000045e+03 5.612500000000000000e+02 2.000000000000000000e+01
7.143399999999999750e+01 3.160199999999999818e+02 2.000000000000000000e+01
1.145000000000000000e+03 7.354900000000000091e+02 2.000000000000000000e+01
1.493200000000000045e+03 1.121599999999999909e+03 2.000000000000000000e+01
1.067199999999999989e+02 1.512400000000000091e+03 2.100000000000000000e+01
3.603899999999999864e+02 3.151100000000000136e+02 2.000000000000000000e+01
7.857899999999999636e+02 7.209600000000000364e+02 2.000000000000000000e+01
1.494700000000000045e+03 1.463099999999999909e+03 2.100000000000000000e+01
1.672199999999999989e+02 1.405599999999999909e+03 2.000000000000000000e+01
2.880299999999999727e+02 2.094300000000000068e+02 2.000000000000000000e+01
6.918000000000000682e+01 1.274799999999999955e+03 2.000000000000000000e+01
9.692100000000000364e+02 5.819299999999999500e+02 2.000000000000000000e+01
9.987000000000000455e+02 4.571999999999999886e+02 2.000000000000000000e+01
1.003500000000000000e+03 8.311000000000000227e+02 2.000000000000000000e+01
5.868300000000000409e+02 3.209300000000000068e+02 2.000000000000000000e+01
8.901800000000000068e+01 1.064400000000000091e+03 2.000000000000000000e+01
8.649400000000000546e+02 6.884500000000000455e+02 2.000000000000000000e+01
8.379800000000000182e+02 1.367299999999999955e+03 2.000000000000000000e+01
1.358599999999999909e+03 1.038700000000000045e+03 2.000000000000000000e+01
7.101399999999999579e+01 6.426200000000000045e+02 2.000000000000000000e+01
2.086800000000000068e+02 1.095400000000000091e+03 2.000000000000000000e+01
8.477899999999999636e+02 1.242200000000000045e+03 2.000000000000000000e+01
1.163799999999999955e+02 1.096400000000000091e+03 2.000000000000000000e+01
7.073099999999999454e+01 7.406000000000000227e+02 2.100000000000000000e+01
7.084299999999999500e+02 3.660199999999999818e+02 2.000000000000000000e+01
6.049299999999999500e+02 5.993999999999999773e+02 2.000000000000000000e+01
8.781799999999999500e+02 5.921499999999999773e+02 2.000000000000000000e+01
1.238500000000000000e+03 5.449700000000000273e+02 2.000000000000000000e+01
6.803700000000000614e+01 1.439799999999999955e+03 2.000000000000000000e+01
1.086000000000000000e+03 1.380200000000000045e+03 2.000000000000000000e+01
1.475599999999999909e+03 5.675599999999999454e+02 2.100000000000000000e+01
7.576299999999999955e+02 1.379799999999999955e+03 2.000000000000000000e+01
1.137500000000000000e+03 3.349800000000000182e+02 2.000000000000000000e+01
7.959299999999999500e+02 1.361599999999999909e+03 2.100000000000000000e+01
9.594800000000000182e+02 2.269699999999999989e+02 2.100000000000000000e+01
7.177400000000000091e+01 6.840299999999999727e+02 2.000000000000000000e+01
7.633099999999999454e+02 7.566000000000000227e+02 2.000000000000000000e+01
1.006400000000000006e+02 1.204099999999999909e+03 2.000000000000000000e+01
2.649200000000000159e+02 1.226299999999999955e+03 2.000000000000000000e+01
9.054500000000000455e+02 1.163000000000000000e+03 2.000000000000000000e+01
1.196500000000000000e+03 1.421599999999999909e+03 2.100000000000000000e+01
6.633500000000000227e+02 7.723500000000000227e+02 2.000000000000000000e+01
7.219400000000000546e+02 3.262799999999999727e+02 2.000000000000000000e+01
7.172199999999999420e+01 4.681399999999999864e+02 2.000000000000000000e+01
6.911000000000000227e+02 2.971100000000000136e+02 2.000000000000000000e+01
1.071400000000000091e+03 8.944400000000000546e+02 2.000000000000000000e+01
1.489200000000000045e+03 6.141699999999999591e+02 2.100000000000000000e+01
1.604900000000000091e+02 1.325500000000000000e+03 2.000000000000000000e+01
3.044800000000000182e+02 1.198900000000000091e+03 2.000000000000000000e+01
1.515300000000000011e+02 7.084600000000000364e+02 2.100000000000000000e+01
7.220199999999999818e+02 4.694100000000000250e+02 2.000000000000000000e+01
7.130200000000000671e+01 4.248899999999999864e+02 2.100000000000000000e+01
7.025100000000000477e+01 1.026099999999999909e+03 2.000000000000000000e+01
3.044700000000000273e+02 1.241500000000000000e+03 2.000000000000000000e+01
9.326200000000000045e+02 1.300500000000000000e+03 2.000000000000000000e+01
1.052599999999999909e+03 1.355400000000000091e+03 2.100000000000000000e+01
6.758199999999999363e+01 1.490299999999999955e+03 2.100000000000000000e+01
1.001600000000000023e+03 6.088600000000000136e+02 2.000000000000000000e+01
1.494500000000000000e+03 1.418599999999999909e+03 2.100000000000000000e+01
3.978500000000000227e+02 2.947500000000000000e+02 2.000000000000000000e+01
9.065299999999999727e+02 8.386699999999999591e+02 2.000000000000000000e+01
1.408099999999999909e+03 1.050500000000000000e+03 2.000000000000000000e+01
2.040000000000000000e+02 7.820199999999999818e+02 2.100000000000000000e+01
9.237400000000000091e+02 1.421200000000000045e+03 2.000000000000000000e+01
9.880499999999999545e+02 1.574400000000000091e+03 2.100000000000000000e+01
9.993799999999999955e+02 3.576899999999999977e+02 2.000000000000000000e+01
5.071999999999999886e+02 2.012500000000000000e+02 2.000000000000000000e+01
5.589400000000000546e+02 4.630000000000000000e+02 2.100000000000000000e+01
1.359000000000000000e+03 9.151799999999999500e+02 2.000000000000000000e+01
1.018399999999999977e+03 7.104099999999999682e+02 2.000000000000000000e+01
7.085899999999999466e+01 9.837500000000000000e+02 2.100000000000000000e+01
4.721399999999999864e+02 8.855199999999999818e+02 2.000000000000000000e+01
2.080000000000000000e+02 1.164700000000000045e+03 2.000000000000000000e+01
1.432799999999999955e+03 7.980299999999999727e+02 2.000000000000000000e+01
1.838300000000000125e+02 1.130000000000000000e+03 2.000000000000000000e+01
8.043300000000000409e+02 5.512899999999999636e+02 2.000000000000000000e+01
4.198999999999999773e+02 1.307099999999999909e+03 2.000000000000000000e+01
8.198600000000000136e+02 8.687699999999999818e+02 2.000000000000000000e+01
4.567699999999999818e+02 3.737799999999999727e+02 2.000000000000000000e+01
7.770399999999999636e+02 8.698600000000000136e+02 2.000000000000000000e+01
1.272200000000000045e+03 1.572099999999999909e+03 2.100000000000000000e+01
1.143500000000000000e+03 5.075400000000000205e+02 2.000000000000000000e+01
6.305399999999999636e+02 7.985399999999999636e+02 2.000000000000000000e+01
7.650099999999999909e+02 5.362999999999999545e+02 2.000000000000000000e+01
1.038099999999999909e+03 2.762599999999999909e+02 2.000000000000000000e+01
7.482599999999999909e+02 1.263200000000000045e+03 2.000000000000000000e+01
1.488500000000000000e+03 2.780899999999999750e+02 2.000000000000000000e+01
4.180500000000000114e+02 1.264299999999999955e+03 2.000000000000000000e+01
8.200900000000000318e+02 6.029299999999999500e+02 2.100000000000000000e+01
1.065200000000000045e+03 5.343600000000000136e+02 2.000000000000000000e+01
9.516000000000000227e+02 1.454000000000000000e+03 2.100000000000000000e+01
3.220899999999999750e+02 1.279799999999999955e+03 2.000000000000000000e+01
6.185199999999999818e+02 1.190500000000000000e+03 2.100000000000000000e+01
4.550199999999999818e+02 1.330599999999999909e+03 2.000000000000000000e+01
1.108500000000000000e+03 1.925000000000000000e+02 2.000000000000000000e+01
2.584800000000000182e+02 1.574000000000000000e+03 2.100000000000000000e+01
4.855699999999999932e+02 1.574299999999999955e+03 2.100000000000000000e+01
1.438500000000000000e+03 1.571099999999999909e+03 2.100000000000000000e+01
9.946599999999999682e+02 7.895199999999999818e+02 2.000000000000000000e+01
3.705000000000000000e+02 2.599800000000000182e+02 2.000000000000000000e+01
6.915099999999999625e+01 1.232799999999999955e+03 2.000000000000000000e+01
8.057000000000000455e+02 3.261600000000000250e+02 2.000000000000000000e+01
1.448799999999999955e+03 6.422599999999999909e+02 2.000000000000000000e+01
8.780099999999999909e+02 4.934700000000000273e+02 2.000000000000000000e+01
1.491500000000000000e+03 1.005399999999999977e+03 2.000000000000000000e+01
1.316700000000000045e+03 9.191399999999999864e+02 2.000000000000000000e+01
1.609699999999999989e+02 1.282599999999999909e+03 2.000000000000000000e+01
9.719499999999999318e+01 1.134799999999999955e+03 2.000000000000000000e+01
7.541599999999999682e+01 8.754199999999999591e+02 2.100000000000000000e+01
1.450500000000000000e+03 1.207000000000000000e+03 2.100000000000000000e+01
9.737100000000000364e+02 8.639500000000000455e+02 1.900000000000000000e+01
4.047200000000000273e+02 1.224299999999999955e+03 2.000000000000000000e+01
7.130800000000000409e+02 1.157700000000000045e+03 2.000000000000000000e+01
1.082099999999999909e+03 7.910599999999999454e+02 2.000000000000000000e+01
4.214499999999999886e+02 1.515599999999999909e+03 2.100000000000000000e+01
5.039300000000000068e+02 8.575299999999999727e+02 2.000000000000000000e+01
1.488900000000000091e+03 3.788600000000000136e+02 2.100000000000000000e+01
1.630200000000000102e+02 1.092900000000000091e+03 2.100000000000000000e+01
9.501900000000000546e+02 5.442500000000000000e+02 2.000000000000000000e+01
1.112799999999999955e+03 6.633899999999999864e+02 1.900000000000000000e+01
1.326899999999999977e+02 2.422299999999999898e+02 2.000000000000000000e+01
9.872400000000000091e+02 1.443899999999999864e+02 2.100000000000000000e+01
1.489700000000000045e+03 6.991100000000000136e+02 2.000000000000000000e+01
3.967400000000000091e+02 8.537100000000000364e+02 2.000000000000000000e+01
9.270099999999999909e+02 5.881599999999999682e+02 2.000000000000000000e+01
1.113900000000000091e+03 8.184800000000000182e+02 1.900000000000000000e+01
7.970000000000000000e+02 1.204799999999999955e+03 2.000000000000000000e+01
6.491699999999999591e+02 7.094199999999999591e+02 2.000000000000000000e+01
5.695000000000000000e+02 3.619300000000000068e+02 2.000000000000000000e+01
4.419300000000000068e+02 1.421599999999999909e+03 2.000000000000000000e+01
1.138499999999999943e+02 8.333200000000000500e+02 2.000000000000000000e+01
1.351799999999999955e+03 1.490200000000000045e+03 2.000000000000000000e+01
2.144000000000000057e+02 6.074400000000000546e+02 2.000000000000000000e+01
1.370900000000000091e+03 2.358899999999999864e+02 2.000000000000000000e+01
1.559600000000000080e+02 3.203700000000000045e+02 2.000000000000000000e+01
1.092000000000000000e+03 1.481100000000000136e+02 2.100000000000000000e+01
8.367100000000000364e+02 3.549800000000000182e+02 2.000000000000000000e+01
1.606399999999999864e+02 4.202900000000000205e+02 2.000000000000000000e+01
1.113500000000000000e+03 3.695199999999999818e+02 2.000000000000000000e+01
7.155099999999999909e+02 5.114599999999999795e+02 2.000000000000000000e+01
1.221700000000000045e+03 5.050099999999999909e+02 2.000000000000000000e+01
1.435099999999999909e+02 1.204900000000000091e+03 2.000000000000000000e+01
1.413299999999999955e+03 1.130599999999999909e+03 2.100000000000000000e+01
9.914400000000000546e+02 1.227599999999999909e+03 2.100000000000000000e+01
1.393400000000000091e+03 1.401099999999999909e+03 2.000000000000000000e+01
7.580399999999999636e+02 1.222700000000000045e+03 2.000000000000000000e+01
7.157800000000000296e+01 5.517100000000000364e+02 2.100000000000000000e+01
1.337599999999999909e+03 9.566900000000000546e+02 2.000000000000000000e+01
8.615599999999999454e+02 1.428599999999999909e+03 2.100000000000000000e+01
9.970499999999999545e+02 7.473700000000000045e+02 2.000000000000000000e+01
1.093099999999999909e+03 3.315699999999999932e+02 2.000000000000000000e+01
1.405799999999999955e+03 6.515499999999999545e+02 2.000000000000000000e+01
5.988500000000000227e+02 4.503000000000000114e+02 2.000000000000000000e+01
1.035900000000000091e+03 7.999099999999999682e+02 2.000000000000000000e+01
1.112500000000000000e+03 9.930399999999999636e+02 1.900000000000000000e+01
1.307099999999999909e+03 6.204700000000000273e+02 2.000000000000000000e+01
1.351500000000000000e+03 9.969500000000000455e+02 2.000000000000000000e+01
5.061200000000000045e+02 7.559400000000000546e+02 2.000000000000000000e+01
1.486500000000000000e+03 4.254900000000000091e+02 2.100000000000000000e+01
1.334200000000000045e+03 1.123500000000000000e+03 2.000000000000000000e+01
8.154400000000000546e+02 1.165900000000000091e+03 2.000000000000000000e+01
9.507699999999999818e+02 2.795199999999999818e+02 2.000000000000000000e+01
1.230199999999999960e+02 8.745000000000000000e+02 2.000000000000000000e+01
1.380900000000000091e+03 1.232299999999999955e+03 2.000000000000000000e+01
7.108500000000000227e+02 1.033200000000000045e+03 2.000000000000000000e+01
4.787799999999999727e+02 4.923199999999999932e+02 2.000000000000000000e+01
1.488599999999999909e+03 4.829900000000000091e+02 2.000000000000000000e+01
1.497000000000000000e+03 1.570299999999999955e+03 2.100000000000000000e+01
8.271299999999999386e+01 1.315000000000000000e+03 2.100000000000000000e+01
4.474599999999999795e+02 1.482099999999999909e+03 2.000000000000000000e+01
7.070299999999999727e+02 9.787500000000000000e+02 2.000000000000000000e+01
1.427500000000000000e+02 9.118300000000000409e+02 2.000000000000000000e+01
1.259699999999999989e+02 7.491399999999999864e+02 2.000000000000000000e+01
6.881699999999999307e+01 1.355099999999999909e+03 2.000000000000000000e+01
1.301900000000000091e+03 2.814200000000000159e+02 2.000000000000000000e+01
1.211799999999999955e+03 1.060200000000000045e+03 2.000000000000000000e+01
1.136000000000000000e+03 1.242400000000000091e+03 2.000000000000000000e+01
8.500599999999999454e+02 5.258999999999999773e+02 2.100000000000000000e+01
1.108000000000000000e+03 4.113999999999999773e+02 2.000000000000000000e+01
5.447400000000000091e+02 1.455700000000000045e+03 2.000000000000000000e+01
4.061499999999999773e+02 6.919400000000000546e+02 2.000000000000000000e+01
1.199299999999999955e+03 5.610700000000000500e+02 2.000000000000000000e+01
2.148600000000000136e+02 1.574400000000000091e+03 2.100000000000000000e+01
1.732800000000000011e+02 5.159500000000000455e+02 2.000000000000000000e+01
1.220400000000000091e+03 7.226699999999999591e+02 2.000000000000000000e+01
5.795199999999999818e+02 5.085199999999999818e+02 2.100000000000000000e+01
2.730400000000000205e+02 3.084900000000000091e+02 2.000000000000000000e+01
1.180900000000000091e+03 7.080000000000000000e+02 2.000000000000000000e+01
1.663899999999999864e+02 1.240099999999999909e+03 2.000000000000000000e+01
4.463199999999999932e+02 1.378900000000000091e+03 2.000000000000000000e+01
6.898699999999999477e+01 1.397200000000000045e+03 2.000000000000000000e+01
9.971000000000000227e+02 3.001499999999999773e+02 2.000000000000000000e+01
7.236200000000000045e+02 1.198900000000000091e+03 2.100000000000000000e+01
2.529900000000000091e+02 1.326599999999999909e+03 2.000000000000000000e+01
6.264600000000000364e+02 1.044599999999999909e+03 2.000000000000000000e+01
1.886299999999999955e+02 1.203200000000000045e+03 2.000000000000000000e+01
1.325200000000000045e+03 2.250300000000000011e+02 2.000000000000000000e+01
1.085499999999999972e+02 1.006600000000000023e+03 2.000000000000000000e+01
1.495299999999999955e+03 1.507099999999999909e+03 2.100000000000000000e+01
9.038400000000000318e+02 9.902400000000000091e+02 2.000000000000000000e+01
1.237099999999999909e+03 1.395700000000000045e+03 2.000000000000000000e+01
6.033400000000000318e+02 7.000000000000000000e+02 2.000000000000000000e+01
2.338600000000000136e+02 1.197200000000000045e+03 2.000000000000000000e+01
1.488099999999999909e+03 2.348499999999999943e+02 2.100000000000000000e+01
1.493900000000000091e+03 1.206400000000000091e+03 2.000000000000000000e+01
1.450099999999999909e+03 1.048400000000000091e+03 2.000000000000000000e+01
7.659600000000000364e+02 9.098300000000000409e+02 2.000000000000000000e+01
1.223200000000000045e+03 1.572400000000000091e+03 2.000000000000000000e+01
1.386000000000000000e+03 3.337300000000000182e+02 2.000000000000000000e+01
1.227500000000000000e+03 1.531000000000000000e+03 2.100000000000000000e+01
1.413100000000000023e+02 8.007899999999999636e+02 2.000000000000000000e+01
1.371799999999999955e+03 8.609600000000000364e+02 2.000000000000000000e+01
1.109200000000000045e+03 7.591799999999999500e+02 2.000000000000000000e+01
1.188900000000000091e+03 9.280000000000000000e+02 2.000000000000000000e+01
4.089399999999999977e+02 3.952900000000000205e+02 2.000000000000000000e+01
1.490900000000000091e+03 8.595299999999999727e+02 2.000000000000000000e+01
4.226299999999999955e+02 2.596299999999999955e+02 2.100000000000000000e+01
7.200000000000000000e+01 2.154600000000000080e+02 2.000000000000000000e+01
1.494799999999999955e+03 1.307200000000000045e+03 2.100000000000000000e+01
8.432999999999999545e+02 5.679299999999999500e+02 2.000000000000000000e+01
1.489599999999999909e+03 1.164500000000000000e+03 2.000000000000000000e+01
1.051799999999999955e+03 6.851599999999999682e+02 1.900000000000000000e+01
1.448500000000000000e+03 8.495399999999999636e+02 2.100000000000000000e+01
9.043999999999999773e+02 1.032700000000000045e+03 2.000000000000000000e+01
1.143700000000000045e+03 9.160099999999999909e+02 2.000000000000000000e+01
2.235699999999999932e+02 1.532000000000000000e+03 2.100000000000000000e+01
1.313000000000000000e+03 1.429000000000000000e+03 2.100000000000000000e+01
1.128499999999999943e+02 2.049699999999999989e+02 2.000000000000000000e+01
3.071000000000000227e+02 1.573200000000000045e+03 2.000000000000000000e+01
6.875599999999999454e+02 1.573400000000000091e+03 2.100000000000000000e+01
1.232800000000000011e+02 1.168900000000000091e+03 2.000000000000000000e+01
9.191499999999999773e+02 1.979300000000000068e+02 1.900000000000000000e+01
1.658000000000000114e+02 1.168599999999999909e+03 2.000000000000000000e+01
6.217599999999999909e+02 1.392099999999999909e+03 2.000000000000000000e+01
1.061099999999999994e+02 6.179199999999999591e+02 2.000000000000000000e+01
1.255400000000000091e+03 8.173899999999999864e+02 2.000000000000000000e+01
1.365200000000000045e+03 1.531000000000000000e+03 2.100000000000000000e+01
1.391000000000000000e+03 1.011399999999999977e+03 2.000000000000000000e+01
9.849700000000000273e+02 1.138500000000000000e+03 2.000000000000000000e+01
8.300000000000000000e+02 1.053500000000000000e+03 2.000000000000000000e+01
4.153000000000000114e+02 1.349400000000000091e+03 2.100000000000000000e+01
7.147699999999999818e+02 1.393900000000000091e+03 2.000000000000000000e+01
1.720900000000000034e+02 1.574700000000000045e+03 2.100000000000000000e+01
9.403600000000000136e+02 1.569599999999999909e+03 2.100000000000000000e+01
1.069500000000000000e+03 1.126400000000000091e+03 1.900000000000000000e+01
1.454700000000000045e+03 1.139299999999999955e+03 2.000000000000000000e+01
6.467000000000000455e+02 1.487500000000000000e+02 2.000000000000000000e+01
1.401099999999999909e+03 9.125099999999999909e+02 2.000000000000000000e+01
7.840800000000000409e+02 1.548700000000000045e+03 2.100000000000000000e+01
1.315700000000000045e+03 1.513799999999999955e+03 2.100000000000000000e+01
1.340099999999999909e+03 1.391899999999999977e+02 2.100000000000000000e+01
8.397100000000000364e+02 1.200900000000000091e+03 2.100000000000000000e+01
2.729100000000000250e+02 8.960900000000000318e+02 2.000000000000000000e+01
1.066299999999999955e+03 1.946299999999999955e+02 2.000000000000000000e+01
1.411700000000000045e+03 1.460700000000000045e+03 2.000000000000000000e+01
1.209200000000000045e+03 9.649800000000000182e+02 2.000000000000000000e+01
9.694800000000000182e+02 1.492200000000000045e+03 2.100000000000000000e+01
7.854900000000000091e+02 1.463400000000000034e+02 2.100000000000000000e+01
1.311799999999999955e+03 1.471299999999999955e+03 2.100000000000000000e+01
1.051400000000000091e+03 1.468099999999999909e+03 2.000000000000000000e+01
1.003299999999999983e+02 9.099700000000000273e+02 2.000000000000000000e+01
1.394500000000000000e+03 1.499700000000000045e+03 2.100000000000000000e+01
1.448799999999999955e+03 6.003600000000000136e+02 2.000000000000000000e+01
1.260500000000000000e+03 4.900099999999999909e+02 2.000000000000000000e+01
1.276900000000000091e+03 5.272100000000000364e+02 1.900000000000000000e+01
1.027099999999999909e+03 1.132000000000000000e+03 2.100000000000000000e+01
1.000799999999999955e+03 1.838000000000000114e+02 2.000000000000000000e+01
1.095400000000000091e+03 5.707400000000000091e+02 1.900000000000000000e+01
1.281099999999999909e+03 8.962400000000000091e+02 2.000000000000000000e+01
8.457799999999999727e+02 7.822599999999999909e+02 2.000000000000000000e+01
4.876100000000000136e+02 5.336900000000000546e+02 2.000000000000000000e+01
4.575600000000000023e+02 4.554599999999999795e+02 2.000000000000000000e+01
5.300199999999999818e+02 8.918899999999999864e+02 2.000000000000000000e+01
1.077200000000000045e+03 2.920400000000000205e+02 2.000000000000000000e+01
1.403099999999999909e+03 4.345199999999999818e+02 2.000000000000000000e+01
7.074299999999999500e+01 3.582300000000000182e+02 2.000000000000000000e+01
1.448299999999999955e+03 8.964800000000000182e+02 2.100000000000000000e+01
7.105200000000000671e+01 5.100199999999999818e+02 2.100000000000000000e+01
1.434900000000000091e+03 9.383700000000000045e+02 2.000000000000000000e+01
1.308500000000000000e+03 1.157000000000000000e+03 2.000000000000000000e+01
1.378299999999999955e+03 1.571799999999999955e+03 2.100000000000000000e+01
3.305099999999999909e+02 1.537900000000000091e+03 2.100000000000000000e+01
7.959800000000000182e+02 1.028500000000000000e+03 2.000000000000000000e+01
1.333799999999999955e+03 8.809299999999999500e+02 2.000000000000000000e+01
1.145500000000000000e+03 1.346000000000000000e+03 2.000000000000000000e+01
9.592000000000000455e+02 1.838499999999999943e+02 2.000000000000000000e+01
6.313799999999999955e+02 1.508500000000000000e+03 2.100000000000000000e+01
7.010199999999999818e+02 1.433500000000000000e+03 2.000000000000000000e+01
7.566699999999999591e+02 4.944700000000000273e+02 2.000000000000000000e+01
1.336799999999999955e+03 1.238099999999999909e+03 2.000000000000000000e+01
6.247500000000000000e+02 1.434200000000000045e+03 2.000000000000000000e+01
1.486500000000000000e+03 5.259700000000000273e+02 2.000000000000000000e+01
1.438400000000000091e+03 2.974800000000000182e+02 2.100000000000000000e+01
3.489399999999999977e+02 9.426900000000000546e+02 2.000000000000000000e+01
5.895499999999999545e+02 1.364500000000000000e+03 2.000000000000000000e+01
1.066900000000000091e+03 1.530500000000000000e+03 2.100000000000000000e+01
8.030499999999999545e+02 7.710599999999999454e+02 2.000000000000000000e+01
5.420499999999999545e+02 1.378500000000000000e+03 2.000000000000000000e+01
6.439500000000000455e+02 4.435199999999999818e+02 2.000000000000000000e+01
1.155700000000000045e+03 6.531399999999999864e+02 2.000000000000000000e+01
1.472799999999999955e+03 1.085000000000000000e+03 2.000000000000000000e+01
1.231900000000000091e+03 5.884600000000000364e+02 2.000000000000000000e+01
9.057599999999999909e+02 6.246100000000000136e+02 2.000000000000000000e+01
4.826399999999999864e+02 1.411799999999999955e+03 2.000000000000000000e+01
1.107200000000000045e+03 5.303099999999999454e+02 2.000000000000000000e+01
1.418600000000000136e+02 1.130200000000000045e+03 2.000000000000000000e+01
9.730499999999999545e+02 1.534700000000000045e+03 2.100000000000000000e+01
1.072400000000000091e+03 1.573400000000000091e+03 2.100000000000000000e+01
1.021700000000000045e+03 1.256900000000000091e+03 2.000000000000000000e+01
1.188000000000000000e+03 1.516000000000000000e+03 2.100000000000000000e+01
8.406799999999999500e+02 1.286700000000000045e+03 2.000000000000000000e+01
6.620199999999999818e+02 1.415299999999999955e+03 2.100000000000000000e+01
1.084799999999999955e+03 4.940199999999999818e+02 2.000000000000000000e+01
1.183299999999999955e+03 5.223200000000000500e+02 2.000000000000000000e+01
9.452899999999999636e+02 1.437700000000000102e+02 2.000000000000000000e+01
1.454500000000000000e+03 1.320500000000000000e+03 2.100000000000000000e+01
5.249500000000000455e+02 1.417599999999999909e+03 2.000000000000000000e+01
6.755700000000000500e+02 1.375400000000000091e+03 2.100000000000000000e+01
4.982300000000000182e+02 9.188899999999999864e+02 2.000000000000000000e+01
1.372299999999999955e+03 1.142799999999999955e+03 2.000000000000000000e+01
6.808599999999999852e+01 1.533000000000000000e+03 2.100000000000000000e+01
5.618600000000000136e+02 1.191099999999999909e+03 2.000000000000000000e+01
1.341099999999999909e+03 2.641399999999999864e+02 2.000000000000000000e+01
1.628300000000000125e+02 4.747900000000000205e+02 2.000000000000000000e+01
1.645500000000000114e+02 7.668099999999999454e+02 2.000000000000000000e+01
1.030000000000000000e+03 1.565500000000000000e+03 2.100000000000000000e+01
7.634500000000000455e+02 9.531000000000000227e+02 2.000000000000000000e+01
1.389500000000000000e+03 7.915199999999999818e+02 2.100000000000000000e+01
1.428299999999999955e+03 3.390099999999999909e+02 2.000000000000000000e+01
7.392300000000000182e+01 2.574800000000000182e+02 2.100000000000000000e+01
1.430500000000000000e+03 1.088000000000000000e+03 2.000000000000000000e+01
1.146400000000000091e+03 1.506200000000000045e+03 2.100000000000000000e+01
4.112799999999999727e+02 6.503099999999999454e+02 2.000000000000000000e+01
1.020999999999999943e+02 1.465700000000000045e+03 2.000000000000000000e+01
8.600000000000000000e+02 2.572799999999999727e+02 2.000000000000000000e+01
1.242299999999999955e+03 1.991800000000000068e+02 2.000000000000000000e+01
1.408299999999999955e+03 1.541200000000000045e+03 2.100000000000000000e+01
9.636499999999999773e+02 3.808299999999999841e+02 1.900000000000000000e+01
5.057300000000000182e+02 1.312599999999999909e+03 1.900000000000000000e+01
4.590500000000000114e+02 7.283700000000000045e+02 2.000000000000000000e+01
1.487500000000000000e+03 1.844099999999999966e+02 2.100000000000000000e+01
1.956599999999999966e+02 4.462900000000000205e+02 2.000000000000000000e+01
6.892599999999999909e+02 4.427699999999999818e+02 2.000000000000000000e+01
1.141900000000000091e+03 6.931299999999999955e+02 2.000000000000000000e+01
4.424800000000000182e+02 9.830499999999999545e+02 2.000000000000000000e+01
1.443400000000000091e+03 4.190000000000000000e+02 2.000000000000000000e+01
1.454000000000000000e+03 1.471299999999999955e+03 2.000000000000000000e+01
1.450299999999999955e+03 2.150999999999999943e+02 2.000000000000000000e+01
6.134199999999999591e+02 4.102599999999999909e+02 2.000000000000000000e+01
1.446500000000000000e+03 3.776899999999999977e+02 2.100000000000000000e+01
1.413099999999999909e+03 8.722300000000000182e+02 2.000000000000000000e+01
9.874600000000000364e+02 2.591700000000000159e+02 2.000000000000000000e+01
1.446099999999999909e+03 1.721800000000000068e+02 2.100000000000000000e+01
1.406099999999999909e+03 8.306100000000000136e+02 2.000000000000000000e+01
1.742899999999999920e+02 8.829099999999999682e+02 2.000000000000000000e+01
1.193799999999999955e+03 1.405099999999999909e+02 2.000000000000000000e+01
1.401599999999999966e+02 1.484299999999999955e+03 2.000000000000000000e+01
1.283400000000000091e+03 1.865600000000000023e+02 2.000000000000000000e+01
1.467000000000000000e+03 1.539599999999999909e+03 2.100000000000000000e+01
7.171800000000000352e+01 5.940499999999999545e+02 1.900000000000000000e+01
8.634199999999999591e+02 1.164900000000000091e+03 2.000000000000000000e+01
1.436900000000000091e+03 1.510099999999999909e+03 2.100000000000000000e+01
1.227299999999999955e+03 3.358899999999999864e+02 1.900000000000000000e+01
9.432100000000000364e+02 1.142599999999999909e+03 2.000000000000000000e+01
1.490500000000000000e+03 9.030000000000000000e+02 2.000000000000000000e+01
1.450799999999999955e+03 2.577599999999999909e+02 2.000000000000000000e+01
1.041500000000000057e+02 7.140499999999999545e+02 2.000000000000000000e+01
1.412099999999999909e+03 1.968100000000000023e+02 2.000000000000000000e+01
1.413099999999999909e+03 2.387400000000000091e+02 2.000000000000000000e+01
1.444599999999999909e+03 5.206299999999999955e+02 2.000000000000000000e+01
1.469599999999999909e+03 1.364799999999999898e+02 2.100000000000000000e+01
1.298500000000000000e+03 1.466800000000000068e+02 2.100000000000000000e+01
