1.219899999999999949e+02 1.563500000000000000e+03 3.000000000000000000e+01
1.159900000000000091e+03 1.190000000000000000e+03 2.900000000000000000e+01
4.802599999999999909e+02 1.109900000000000091e+03 2.900000000000000000e+01
1.945300000000000011e+02 1.362500000000000000e+03 3.000000000000000000e+01
7.314900000000000091e+02 1.551500000000000000e+03 3.000000000000000000e+01
2.779800000000000182e+02 1.433500000000000000e+03 3.000000000000000000e+01
7.635199999999999818e+02 1.308000000000000000e+03 2.900000000000000000e+01
5.685299999999999727e+02 7.825299999999999727e+02 2.900000000000000000e+01
7.923099999999999454e+02 1.252000000000000000e+03 2.900000000000000000e+01
1.853199999999999932e+02 6.629900000000000091e+02 2.900000000000000000e+01
1.088599999999999909e+03 1.329000000000000000e+03 2.900000000000000000e+01
8.627000000000000455e+02 1.325400000000000091e+03 2.900000000000000000e+01
4.029900000000000091e+02 1.117000000000000000e+03 3.000000000000000000e+01
3.539499999999999886e+02 1.224500000000000000e+03 2.900000000000000000e+01
9.924600000000000364e+02 1.348099999999999909e+03 2.900000000000000000e+01
7.514900000000000091e+02 1.429099999999999909e+03 3.000000000000000000e+01
8.280000000000000000e+02 1.466500000000000000e+03 3.000000000000000000e+01
2.682799999999999727e+02 1.277099999999999909e+03 2.900000000000000000e+01
1.084000000000000000e+03 1.265500000000000000e+03 2.900000000000000000e+01
4.566899999999999977e+02 1.222000000000000000e+03 2.900000000000000000e+01
3.458000000000000114e+02 8.208999999999999773e+02 2.900000000000000000e+01
1.467799999999999955e+03 8.043999999999999773e+02 2.900000000000000000e+01
9.317899999999999636e+02 1.347900000000000091e+03 3.000000000000000000e+01
7.997899999999999636e+02 3.859800000000000182e+02 2.900000000000000000e+01
1.156700000000000045e+03 1.084200000000000045e+03 2.900000000000000000e+01
5.929299999999999500e+02 1.437400000000000091e+02 2.900000000000000000e+01
6.310299999999999727e+02 1.342500000000000000e+03 2.900000000000000000e+01
8.829700000000000273e+02 1.209500000000000000e+03 2.900000000000000000e+01
3.734900000000000091e+02 1.565500000000000000e+03 3.000000000000000000e+01
4.529700000000000273e+02 1.162500000000000000e+03 2.900000000000000000e+01
1.817400000000000091e+02 9.359800000000000182e+02 2.900000000000000000e+01
6.491399999999999864e+02 5.831100000000000136e+02 2.900000000000000000e+01
1.229000000000000000e+03 1.220799999999999955e+03 2.900000000000000000e+01
1.100400000000000091e+03 1.193000000000000000e+03 2.900000000000000000e+01
6.335199999999999818e+02 1.236500000000000000e+03 2.900000000000000000e+01
8.292400000000000091e+02 7.291499999999999773e+02 2.900000000000000000e+01
1.813300000000000125e+02 1.455000000000000000e+03 3.000000000000000000e+01
1.412000000000000000e+03 1.362099999999999909e+03 2.900000000000000000e+01
4.919399999999999977e+02 1.461700000000000045e+03 3.000000000000000000e+01
2.959599999999999795e+02 3.896700000000000159e+02 2.900000000000000000e+01
1.198799999999999955e+02 1.356900000000000091e+03 3.000000000000000000e+01
3.015400000000000205e+02 1.100099999999999909e+03 2.900000000000000000e+01
3.859499999999999886e+02 1.174299999999999955e+03 2.900000000000000000e+01
1.375500000000000000e+03 9.549800000000000182e+02 2.900000000000000000e+01
4.125099999999999909e+02 3.319499999999999886e+02 2.900000000000000000e+01
5.509700000000000273e+02 1.328500000000000000e+03 2.900000000000000000e+01
1.240299999999999955e+03 1.161900000000000091e+03 2.900000000000000000e+01
4.762300000000000182e+02 1.523799999999999955e+03 3.000000000000000000e+01
1.346000000000000000e+03 1.344099999999999909e+03 2.900000000000000000e+01
9.474500000000000455e+02 1.032500000000000000e+03 2.900000000000000000e+01
8.481599999999999682e+02 1.007200000000000045e+03 2.900000000000000000e+01
2.727099999999999795e+02 1.526000000000000000e+03 3.000000000000000000e+01
7.975900000000000318e+02 2.418400000000000034e+02 3.000000000000000000e+01
3.444499999999999886e+02 9.917999999999999545e+02 2.900000000000000000e+01
9.651499999999999773e+02 1.400799999999999955e+03 2.900000000000000000e+01
5.795700000000000500e+02 8.895700000000000500e+02 2.900000000000000000e+01
7.070900000000000318e+02 1.103400000000000091e+03 2.900000000000000000e+01
5.512200000000000273e+02 2.677200000000000273e+02 2.900000000000000000e+01
8.615499999999999545e+02 8.869800000000000182e+02 2.900000000000000000e+01
8.707099999999999795e+01 7.811799999999999500e+02 3.000000000000000000e+01
1.281500000000000000e+03 1.261000000000000000e+03 2.900000000000000000e+01
5.094800000000000182e+02 1.057400000000000091e+03 2.900000000000000000e+01
1.257500000000000000e+03 1.495000000000000000e+03 2.900000000000000000e+01
2.520000000000000000e+02 1.067500000000000000e+03 2.900000000000000000e+01
2.840400000000000205e+02 8.433099999999999454e+02 2.900000000000000000e+01
9.398700000000000045e+02 1.187299999999999955e+03 2.900000000000000000e+01
7.453300000000000409e+02 1.057400000000000091e+03 2.900000000000000000e+01
5.329800000000000182e+02 1.505400000000000091e+03 2.900000000000000000e+01
1.079200000000000045e+03 1.429799999999999955e+03 2.900000000000000000e+01
5.740099999999999909e+02 1.236599999999999909e+03 2.900000000000000000e+01
4.324499999999999886e+02 1.564900000000000091e+03 3.000000000000000000e+01
7.694700000000000273e+02 4.379900000000000091e+02 2.900000000000000000e+01
1.036099999999999909e+03 1.301000000000000000e+03 2.900000000000000000e+01
1.199500000000000000e+03 1.467500000000000000e+03 3.000000000000000000e+01
1.014899999999999977e+03 8.701699999999999591e+02 2.900000000000000000e+01
5.337599999999999909e+02 9.935800000000000409e+02 2.900000000000000000e+01
8.315700000000000500e+02 1.565500000000000000e+03 3.000000000000000000e+01
7.199400000000000546e+02 1.480799999999999955e+03 3.000000000000000000e+01
1.135500000000000000e+03 2.144199999999999875e+02 2.900000000000000000e+01
5.254800000000000182e+02 1.147200000000000045e+03 2.900000000000000000e+01
1.027200000000000045e+03 1.400400000000000091e+03 3.000000000000000000e+01
1.427799999999999955e+03 9.942999999999999545e+02 2.900000000000000000e+01
5.214800000000000182e+02 1.265500000000000000e+03 3.000000000000000000e+01
1.175000000000000000e+03 1.008100000000000023e+03 2.900000000000000000e+01
9.861799999999999500e+02 9.677200000000000273e+02 2.900000000000000000e+01
1.270000000000000000e+03 3.317500000000000000e+02 2.900000000000000000e+01
1.467299999999999955e+03 7.450199999999999818e+02 2.900000000000000000e+01
5.851399999999999864e+02 1.142299999999999955e+03 2.900000000000000000e+01
8.586599999999999682e+02 9.483799999999999955e+02 2.900000000000000000e+01
7.259900000000000091e+02 8.410299999999999727e+02 2.900000000000000000e+01
1.757899999999999920e+02 2.604399999999999977e+02 2.900000000000000000e+01
3.341000000000000227e+02 1.050700000000000045e+03 2.900000000000000000e+01
1.342000000000000000e+03 4.192599999999999909e+02 2.900000000000000000e+01
9.171000000000000227e+02 9.364400000000000546e+02 2.900000000000000000e+01
5.471599999999999682e+02 5.477899999999999636e+02 2.900000000000000000e+01
4.637900000000000205e+02 1.281200000000000045e+03 2.900000000000000000e+01
3.047900000000000205e+02 4.615299999999999727e+02 2.900000000000000000e+01
7.252400000000000091e+02 2.374699999999999989e+02 3.000000000000000000e+01
6.605700000000000500e+02 6.522599999999999909e+02 3.000000000000000000e+01
7.580599999999999454e+02 2.872900000000000205e+02 2.900000000000000000e+01
9.767000000000000455e+02 1.290299999999999955e+03 2.900000000000000000e+01
1.007100000000000023e+03 1.023700000000000045e+03 2.900000000000000000e+01
7.109299999999999500e+02 9.217500000000000000e+02 2.900000000000000000e+01
1.719199999999999875e+02 1.523599999999999909e+03 3.000000000000000000e+01
1.314500000000000000e+03 1.563000000000000000e+03 2.900000000000000000e+01
1.265700000000000045e+03 2.250300000000000011e+02 2.900000000000000000e+01
6.681200000000000045e+02 8.281399999999999864e+02 2.900000000000000000e+01
7.044800000000000182e+02 7.505199999999999818e+02 2.900000000000000000e+01
1.128700000000000045e+03 1.394900000000000091e+03 2.900000000000000000e+01
8.306100000000000136e+02 4.378999999999999773e+02 2.900000000000000000e+01
8.647000000000000455e+02 1.071000000000000000e+03 2.900000000000000000e+01
3.027300000000000182e+02 1.325299999999999955e+03 2.900000000000000000e+01
1.136000000000000000e+03 1.293700000000000045e+03 2.900000000000000000e+01
3.306399999999999864e+02 1.151700000000000045e+03 2.900000000000000000e+01
9.086299999999999955e+02 6.658500000000000227e+02 2.900000000000000000e+01
1.085400000000000091e+03 7.022300000000000182e+02 2.900000000000000000e+01
1.097799999999999955e+03 1.088400000000000091e+03 2.900000000000000000e+01
6.544800000000000182e+02 9.440099999999999909e+02 2.900000000000000000e+01
1.472299999999999955e+03 1.252700000000000045e+03 3.000000000000000000e+01
1.752299999999999898e+02 8.299600000000000364e+02 2.900000000000000000e+01
8.936799999999999500e+02 1.463900000000000091e+03 2.900000000000000000e+01
3.918600000000000136e+02 2.014000000000000057e+02 2.900000000000000000e+01
1.001899999999999977e+03 3.967599999999999909e+02 2.900000000000000000e+01
6.562699999999999818e+02 1.003100000000000023e+03 2.900000000000000000e+01
5.253899999999999864e+02 3.218500000000000227e+02 2.900000000000000000e+01
9.916100000000000136e+02 5.330700000000000500e+02 2.900000000000000000e+01
1.120200000000000045e+03 2.720600000000000023e+02 2.900000000000000000e+01
1.292200000000000045e+03 1.010299999999999955e+03 2.900000000000000000e+01
9.700399999999999636e+02 9.092300000000000182e+02 2.900000000000000000e+01
1.198299999999999983e+02 9.561299999999999955e+02 2.900000000000000000e+01
9.608300000000000409e+02 6.940000000000000000e+02 2.900000000000000000e+01
2.324499999999999886e+02 8.120900000000000318e+02 2.900000000000000000e+01
4.800000000000000000e+02 2.515099999999999909e+02 2.900000000000000000e+01
3.627200000000000273e+02 1.346200000000000045e+03 2.900000000000000000e+01
5.651399999999999864e+02 1.954600000000000080e+02 2.900000000000000000e+01
7.545199999999999818e+02 1.163500000000000000e+03 2.900000000000000000e+01
7.141100000000000136e+02 1.341700000000000045e+03 2.900000000000000000e+01
1.465500000000000000e+03 3.190199999999999818e+02 2.900000000000000000e+01
1.195400000000000091e+03 6.525099999999999909e+02 2.900000000000000000e+01
1.392500000000000000e+03 1.305500000000000000e+03 2.900000000000000000e+01
1.469099999999999909e+03 9.519099999999999682e+02 3.000000000000000000e+01
2.364699999999999989e+02 1.478400000000000091e+03 3.000000000000000000e+01
1.000299999999999955e+03 6.497200000000000273e+02 2.900000000000000000e+01
4.144900000000000091e+02 1.460300000000000011e+02 2.900000000000000000e+01
7.775299999999999727e+02 1.497000000000000000e+03 3.000000000000000000e+01
1.156200000000000045e+02 1.415799999999999955e+03 2.900000000000000000e+01
1.044700000000000045e+03 1.214000000000000000e+03 2.900000000000000000e+01
1.169599999999999909e+03 4.596100000000000136e+02 2.900000000000000000e+01
1.291000000000000000e+03 1.320299999999999955e+03 2.900000000000000000e+01
8.269400000000000546e+02 1.116099999999999909e+03 2.900000000000000000e+01
1.226900000000000091e+03 7.600099999999999909e+02 2.900000000000000000e+01
1.143900000000000091e+03 9.576799999999999500e+02 2.900000000000000000e+01
2.825699999999999932e+02 1.016700000000000045e+03 2.900000000000000000e+01
1.250299999999999955e+03 1.436000000000000000e+03 2.900000000000000000e+01
8.624900000000000091e+02 1.515500000000000000e+03 3.000000000000000000e+01
1.341400000000000091e+03 1.184099999999999909e+03 2.900000000000000000e+01
6.516100000000000136e+02 1.126799999999999955e+03 2.900000000000000000e+01
4.374900000000000091e+02 1.069000000000000000e+03 2.900000000000000000e+01
9.219800000000000182e+02 1.519000000000000000e+03 3.000000000000000000e+01
2.260099999999999909e+02 9.932500000000000000e+02 2.900000000000000000e+01
5.850299999999999727e+02 1.533299999999999955e+03 2.900000000000000000e+01
2.981200000000000045e+02 6.646599999999999682e+02 2.900000000000000000e+01
1.016600000000000023e+03 1.510500000000000000e+03 3.000000000000000000e+01
1.304299999999999955e+03 7.008600000000000136e+02 2.900000000000000000e+01
6.428999999999999773e+02 8.861200000000000045e+02 2.900000000000000000e+01
2.067500000000000000e+02 3.110400000000000205e+02 2.900000000000000000e+01
4.981499999999999773e+02 6.359099999999999682e+02 2.900000000000000000e+01
8.129099999999999682e+01 1.500000000000000000e+02 2.900000000000000000e+01
3.185000000000000000e+02 8.924600000000000364e+02 2.900000000000000000e+01
9.204400000000000546e+02 8.767400000000000091e+02 2.900000000000000000e+01
1.831200000000000045e+02 5.567799999999999727e+02 2.900000000000000000e+01
1.279900000000000091e+03 1.377900000000000091e+03 2.900000000000000000e+01
6.627500000000000000e+02 1.064000000000000000e+03 3.000000000000000000e+01
6.604400000000000546e+02 1.289500000000000000e+03 2.900000000000000000e+01
2.359399999999999977e+02 2.596999999999999886e+02 2.900000000000000000e+01
5.377400000000000091e+02 9.316900000000000546e+02 2.900000000000000000e+01
4.035000000000000000e+02 1.014000000000000000e+03 2.900000000000000000e+01
1.266400000000000091e+03 1.108599999999999909e+03 2.900000000000000000e+01
5.986399999999999864e+02 1.292299999999999955e+03 2.900000000000000000e+01
1.959600000000000080e+02 1.044599999999999909e+03 2.900000000000000000e+01
1.426200000000000045e+03 6.848899999999999864e+02 2.900000000000000000e+01
3.136200000000000045e+02 3.264700000000000273e+02 2.900000000000000000e+01
1.110299999999999955e+03 8.636299999999999955e+02 2.900000000000000000e+01
2.139000000000000057e+02 3.873500000000000227e+02 2.900000000000000000e+01
5.134800000000000182e+02 1.206000000000000000e+03 2.900000000000000000e+01
7.554199999999999591e+02 3.474399999999999977e+02 2.900000000000000000e+01
1.271000000000000000e+03 5.642699999999999818e+02 2.900000000000000000e+01
4.925199999999999818e+02 1.362500000000000000e+03 2.900000000000000000e+01
1.277400000000000091e+03 4.039599999999999795e+02 2.900000000000000000e+01
8.007799999999999727e+02 4.886499999999999773e+02 2.900000000000000000e+01
7.088799999999999955e+02 6.164800000000000182e+02 2.900000000000000000e+01
3.712300000000000182e+02 1.286000000000000000e+03 2.900000000000000000e+01
6.942999999999999545e+02 1.242000000000000000e+03 2.900000000000000000e+01
2.971000000000000227e+02 7.257300000000000182e+02 2.900000000000000000e+01
1.249900000000000091e+03 1.052000000000000000e+03 2.900000000000000000e+01
2.025900000000000034e+02 1.485300000000000011e+02 2.900000000000000000e+01
1.171400000000000091e+03 3.478999999999999773e+02 2.900000000000000000e+01
9.825800000000000409e+02 1.082400000000000091e+03 2.900000000000000000e+01
8.900599999999999454e+02 3.345299999999999727e+02 2.900000000000000000e+01
7.309500000000000455e+02 1.425000000000000000e+02 2.900000000000000000e+01
1.050700000000000045e+03 9.840099999999999909e+02 2.900000000000000000e+01
2.200000000000000000e+02 8.714800000000000182e+02 2.900000000000000000e+01
2.479600000000000080e+02 6.352400000000000091e+02 2.900000000000000000e+01
8.297300000000000182e+02 1.424900000000000091e+02 2.900000000000000000e+01
3.607799999999999727e+02 3.618100000000000023e+02 2.900000000000000000e+01
1.430500000000000000e+03 1.418500000000000000e+03 2.900000000000000000e+01
9.964900000000000091e+02 1.451500000000000000e+03 2.900000000000000000e+01
1.193299999999999955e+03 8.085499999999999545e+02 2.900000000000000000e+01
3.485899999999999750e+02 1.432299999999999955e+03 2.900000000000000000e+01
1.320200000000000045e+03 3.642099999999999795e+02 2.900000000000000000e+01
7.866900000000000546e+02 8.175499999999999545e+02 2.900000000000000000e+01
5.509800000000000182e+02 7.267200000000000273e+02 2.900000000000000000e+01
2.464699999999999989e+02 1.126400000000000091e+03 2.900000000000000000e+01
4.044700000000000273e+02 4.344700000000000273e+02 2.900000000000000000e+01
8.471000000000000227e+02 8.290700000000000500e+02 2.900000000000000000e+01
4.664100000000000250e+02 1.016700000000000045e+03 2.900000000000000000e+01
1.138700000000000045e+03 5.501900000000000546e+02 2.900000000000000000e+01
8.893099999999999454e+02 1.400200000000000102e+02 2.900000000000000000e+01
8.590099999999999909e+02 3.859900000000000091e+02 2.900000000000000000e+01
7.987699999999999818e+02 9.761799999999999500e+02 2.900000000000000000e+01
1.186500000000000000e+03 1.134500000000000000e+03 2.900000000000000000e+01
8.088700000000000045e+02 9.163899999999999864e+02 2.900000000000000000e+01
1.042500000000000000e+03 7.415900000000000318e+02 2.900000000000000000e+01
8.834099999999999682e+02 1.382000000000000000e+03 2.900000000000000000e+01
5.496200000000000045e+02 6.064800000000000182e+02 2.900000000000000000e+01
6.618200000000000500e+02 3.871299999999999955e+02 2.900000000000000000e+01
1.407500000000000000e+03 7.411499999999999773e+02 2.900000000000000000e+01
4.032500000000000000e+02 7.334700000000000273e+02 2.900000000000000000e+01
1.364900000000000091e+03 4.737300000000000182e+02 2.900000000000000000e+01
8.885299999999999727e+02 7.222100000000000364e+02 2.900000000000000000e+01
5.913099999999999454e+02 1.474000000000000000e+03 2.900000000000000000e+01
6.329199999999999591e+02 1.886899999999999977e+02 2.900000000000000000e+01
1.473400000000000091e+03 1.365400000000000091e+03 2.900000000000000000e+01
1.040099999999999909e+03 1.071900000000000091e+03 2.900000000000000000e+01
2.580099999999999909e+02 5.755299999999999727e+02 2.900000000000000000e+01
9.451599999999999682e+02 8.093099999999999454e+02 2.900000000000000000e+01
1.121000000000000000e+03 1.033500000000000000e+03 2.900000000000000000e+01
1.137099999999999909e+03 1.372599999999999909e+02 2.900000000000000000e+01
1.379000000000000000e+03 3.734800000000000182e+02 2.900000000000000000e+01
6.087300000000000182e+02 8.374800000000000182e+02 2.900000000000000000e+01
5.948600000000000136e+02 9.468300000000000409e+02 2.900000000000000000e+01
8.080099999999999909e+02 1.411000000000000000e+03 2.900000000000000000e+01
1.200000000000000000e+03 2.339099999999999966e+02 2.900000000000000000e+01
5.002300000000000182e+02 6.961000000000000227e+02 2.900000000000000000e+01
9.509299999999999500e+02 3.190400000000000205e+02 2.900000000000000000e+01
8.473999999999999773e+02 2.929800000000000182e+02 2.900000000000000000e+01
7.479700000000000273e+02 6.614900000000000091e+02 2.900000000000000000e+01
5.353300000000000409e+02 1.565000000000000000e+03 3.000000000000000000e+01
1.112599999999999909e+03 1.546299999999999955e+03 3.000000000000000000e+01
1.113099999999999909e+03 6.048500000000000227e+02 2.900000000000000000e+01
5.681599999999999682e+02 1.043799999999999955e+03 2.900000000000000000e+01
6.357699999999999818e+02 1.564900000000000091e+03 2.900000000000000000e+01
8.809500000000000455e+02 1.269500000000000000e+03 2.900000000000000000e+01
1.052700000000000045e+03 4.306700000000000159e+02 2.900000000000000000e+01
9.213200000000000500e+02 4.863299999999999841e+02 2.900000000000000000e+01
1.194000000000000057e+02 5.594900000000000091e+02 2.900000000000000000e+01
1.285700000000000045e+03 7.570499999999999545e+02 2.900000000000000000e+01
1.090000000000000000e+03 9.294800000000000182e+02 2.900000000000000000e+01
4.379900000000000091e+02 5.484600000000000364e+02 2.900000000000000000e+01
3.959300000000000068e+02 1.397099999999999909e+03 3.000000000000000000e+01
2.950899999999999750e+02 7.845000000000000000e+02 2.900000000000000000e+01
1.175000000000000000e+03 5.985599999999999454e+02 2.900000000000000000e+01
3.212200000000000273e+02 1.475500000000000114e+02 3.000000000000000000e+01
4.225199999999999818e+02 4.914499999999999886e+02 2.900000000000000000e+01
3.248899999999999864e+02 5.900000000000000000e+02 2.900000000000000000e+01
3.627200000000000273e+02 4.763700000000000045e+02 2.900000000000000000e+01
1.370000000000000000e+02 1.047799999999999955e+03 2.900000000000000000e+01
1.327200000000000045e+03 3.038299999999999841e+02 2.900000000000000000e+01
1.139099999999999909e+03 1.452900000000000091e+03 3.000000000000000000e+01
3.907200000000000273e+02 9.532400000000000091e+02 2.900000000000000000e+01
3.141899999999999977e+02 1.383599999999999909e+03 3.000000000000000000e+01
6.921000000000000227e+02 1.875600000000000023e+02 2.900000000000000000e+01
7.129700000000000273e+02 5.560299999999999727e+02 2.900000000000000000e+01
3.506899999999999977e+02 7.613200000000000500e+02 2.900000000000000000e+01
1.185999999999999943e+02 4.405000000000000000e+02 2.900000000000000000e+01
7.219099999999999682e+02 4.014700000000000273e+02 2.900000000000000000e+01
8.900599999999999454e+02 4.371999999999999886e+02 2.900000000000000000e+01
1.024400000000000091e+03 4.840299999999999727e+02 2.900000000000000000e+01
1.144099999999999909e+03 7.765399999999999636e+02 2.900000000000000000e+01
8.069400000000000546e+02 6.741299999999999955e+02 2.900000000000000000e+01
2.957699999999999818e+02 9.577999999999999545e+02 2.900000000000000000e+01
3.863000000000000114e+02 5.930900000000000318e+02 2.900000000000000000e+01
9.362899999999999636e+02 1.245900000000000091e+03 2.900000000000000000e+01
1.386599999999999909e+03 5.919199999999999591e+02 2.900000000000000000e+01
1.225900000000000091e+03 3.741899999999999977e+02 2.900000000000000000e+01
4.517400000000000091e+02 2.001299999999999955e+02 2.900000000000000000e+01
4.672400000000000091e+02 3.112099999999999795e+02 2.900000000000000000e+01
6.032699999999999818e+02 6.393700000000000045e+02 2.900000000000000000e+01
6.094900000000000091e+02 7.381799999999999500e+02 2.900000000000000000e+01
9.988099999999999454e+02 1.176500000000000000e+03 2.900000000000000000e+01
3.699800000000000182e+02 1.506000000000000000e+03 3.000000000000000000e+01
1.033700000000000045e+03 3.152699999999999818e+02 2.900000000000000000e+01
7.641299999999999955e+02 1.913799999999999955e+02 2.900000000000000000e+01
8.898300000000000409e+02 7.814900000000000091e+02 2.900000000000000000e+01
6.790099999999999909e+02 1.523299999999999955e+03 2.900000000000000000e+01
2.327299999999999898e+02 2.003100000000000023e+02 2.900000000000000000e+01
9.402699999999999818e+02 7.499199999999999591e+02 2.900000000000000000e+01
1.329299999999999955e+03 7.974299999999999500e+02 2.900000000000000000e+01
3.531100000000000136e+02 6.420399999999999636e+02 2.900000000000000000e+01
5.067200000000000273e+02 7.961299999999999955e+02 2.900000000000000000e+01
4.028799999999999955e+02 1.455900000000000091e+03 2.900000000000000000e+01
1.086099999999999994e+02 3.824100000000000250e+02 2.900000000000000000e+01
9.223999999999999773e+02 1.086400000000000091e+03 2.900000000000000000e+01
1.225099999999999909e+03 1.281000000000000000e+03 2.900000000000000000e+01
6.635399999999999636e+02 2.403799999999999955e+02 2.900000000000000000e+01
4.479900000000000091e+02 8.277799999999999727e+02 2.900000000000000000e+01
1.725800000000000125e+02 2.004000000000000057e+02 2.900000000000000000e+01
8.888200000000000500e+02 5.368600000000000136e+02 2.900000000000000000e+01
1.182000000000000000e+03 1.368400000000000091e+03 2.900000000000000000e+01
1.059299999999999955e+03 8.317799999999999727e+02 2.900000000000000000e+01
4.931200000000000045e+02 5.740399999999999636e+02 2.900000000000000000e+01
1.054799999999999955e+03 3.721200000000000045e+02 2.900000000000000000e+01
1.429799999999999955e+03 4.596299999999999955e+02 2.900000000000000000e+01
1.285799999999999955e+03 8.384299999999999500e+02 2.900000000000000000e+01
3.211200000000000045e+02 5.301399999999999864e+02 2.900000000000000000e+01
6.341599999999999682e+02 2.919200000000000159e+02 2.900000000000000000e+01
1.318500000000000000e+03 5.155000000000000000e+02 2.900000000000000000e+01
2.439099999999999966e+02 7.546499999999999773e+02 2.900000000000000000e+01
1.227500000000000000e+03 9.153400000000000318e+02 2.900000000000000000e+01
1.366000000000000000e+03 6.855800000000000409e+02 2.900000000000000000e+01
1.275200000000000045e+03 9.528400000000000318e+02 2.900000000000000000e+01
1.375000000000000000e+03 5.319600000000000364e+02 2.900000000000000000e+01
1.078299999999999955e+03 2.289799999999999898e+02 2.900000000000000000e+01
1.378099999999999909e+03 2.717599999999999909e+02 2.900000000000000000e+01
6.169700000000000273e+02 3.493399999999999750e+02 2.900000000000000000e+01
2.173899999999999864e+02 1.244599999999999909e+03 2.900000000000000000e+01
1.168799999999999955e+03 1.564000000000000000e+03 3.000000000000000000e+01
1.150300000000000011e+02 1.252500000000000000e+03 2.900000000000000000e+01
1.342500000000000000e+03 6.305399999999999636e+02 2.900000000000000000e+01
6.045399999999999636e+02 5.380399999999999636e+02 2.900000000000000000e+01
1.285500000000000000e+03 1.202000000000000000e+03 2.900000000000000000e+01
1.347000000000000000e+03 7.406499999999999773e+02 2.900000000000000000e+01
4.744700000000000273e+02 1.453600000000000136e+02 2.900000000000000000e+01
1.036500000000000000e+03 5.714900000000000091e+02 2.900000000000000000e+01
3.143299999999999841e+02 1.482400000000000091e+03 2.900000000000000000e+01
1.175900000000000091e+03 1.247599999999999909e+03 2.900000000000000000e+01
1.297799999999999955e+03 4.601899999999999977e+02 2.900000000000000000e+01
3.219700000000000273e+02 2.666999999999999886e+02 2.900000000000000000e+01
1.030500000000000000e+03 9.285800000000000409e+02 2.900000000000000000e+01
1.242000000000000000e+03 1.360000000000000000e+02 3.000000000000000000e+01
1.412500000000000000e+02 1.495200000000000102e+02 2.900000000000000000e+01
5.232899999999999636e+02 4.926600000000000250e+02 2.900000000000000000e+01
2.144399999999999977e+02 4.774599999999999795e+02 2.900000000000000000e+01
5.342400000000000091e+02 1.450399999999999920e+02 2.900000000000000000e+01
5.511699999999999591e+02 6.662999999999999545e+02 2.900000000000000000e+01
3.518500000000000227e+02 7.021699999999999591e+02 2.900000000000000000e+01
3.774700000000000273e+02 8.940700000000000500e+02 2.900000000000000000e+01
6.080399999999999636e+02 1.087799999999999955e+03 2.900000000000000000e+01
5.037599999999999909e+02 3.769499999999999886e+02 2.900000000000000000e+01
7.635299999999999727e+02 5.896100000000000136e+02 2.900000000000000000e+01
6.616100000000000136e+02 1.466599999999999909e+03 2.900000000000000000e+01
5.061000000000000227e+02 4.356399999999999864e+02 2.900000000000000000e+01
1.181799999999999955e+03 1.778899999999999864e+02 2.900000000000000000e+01
3.994800000000000182e+02 7.924900000000000091e+02 2.900000000000000000e+01
1.232599999999999909e+03 9.945900000000000318e+02 2.900000000000000000e+01
1.059099999999999909e+03 6.262799999999999727e+02 2.900000000000000000e+01
1.413900000000000091e+03 1.249799999999999955e+03 2.900000000000000000e+01
1.930399999999999920e+02 7.223799999999999955e+02 2.900000000000000000e+01
2.405300000000000011e+02 9.350199999999999818e+02 2.900000000000000000e+01
8.612999999999999545e+02 1.930000000000000000e+02 2.900000000000000000e+01
2.553199999999999932e+02 3.439599999999999795e+02 2.900000000000000000e+01
1.330900000000000091e+03 5.720700000000000500e+02 2.900000000000000000e+01
4.541999999999999886e+02 7.694199999999999591e+02 2.900000000000000000e+01
2.622099999999999795e+02 1.485900000000000034e+02 2.900000000000000000e+01
1.179900000000000091e+03 2.882799999999999727e+02 2.900000000000000000e+01
1.222299999999999955e+03 4.344800000000000182e+02 2.900000000000000000e+01
9.037400000000000091e+02 2.358700000000000045e+02 2.900000000000000000e+01
3.471999999999999886e+02 4.190899999999999750e+02 2.900000000000000000e+01
1.349000000000000000e+03 1.441099999999999909e+03 2.900000000000000000e+01
9.473200000000000500e+02 4.193999999999999773e+02 2.900000000000000000e+01
1.111799999999999955e+03 4.485099999999999909e+02 2.900000000000000000e+01
1.249299999999999955e+03 6.793200000000000500e+02 2.900000000000000000e+01
1.625699999999999932e+02 3.569900000000000091e+02 2.900000000000000000e+01
1.020000000000000000e+03 2.156899999999999977e+02 2.900000000000000000e+01
1.136400000000000006e+02 2.771499999999999773e+02 2.900000000000000000e+01
1.390700000000000045e+03 1.350999999999999943e+02 3.000000000000000000e+01
2.666299999999999955e+02 5.063700000000000045e+02 2.900000000000000000e+01
3.325699999999999932e+02 2.085699999999999932e+02 2.900000000000000000e+01
1.337799999999999955e+03 1.282000000000000000e+03 2.900000000000000000e+01
6.628600000000000136e+02 1.186000000000000000e+03 2.900000000000000000e+01
1.245299999999999955e+03 6.203300000000000409e+02 2.900000000000000000e+01
1.127400000000000091e+03 1.140900000000000091e+03 2.900000000000000000e+01
1.169900000000000091e+03 8.699299999999999500e+02 2.900000000000000000e+01
3.815099999999999909e+02 5.344299999999999500e+02 2.900000000000000000e+01
4.844399999999999977e+02 9.609800000000000182e+02 2.900000000000000000e+01
1.214699999999999989e+02 4.995600000000000023e+02 3.000000000000000000e+01
1.653100000000000023e+02 9.930900000000000318e+02 2.900000000000000000e+01
6.634800000000000182e+02 5.257100000000000364e+02 2.900000000000000000e+01
1.240000000000000000e+03 2.785000000000000000e+02 2.900000000000000000e+01
2.546699999999999875e+02 4.317799999999999727e+02 2.900000000000000000e+01
1.308000000000000000e+03 1.067099999999999909e+03 2.900000000000000000e+01
7.406000000000000227e+02 9.964700000000000273e+02 2.900000000000000000e+01
4.470000000000000000e+02 6.674700000000000273e+02 2.900000000000000000e+01
2.469499999999999886e+02 6.942899999999999636e+02 2.900000000000000000e+01
1.234700000000000045e+03 1.337400000000000091e+03 2.900000000000000000e+01
2.066999999999999886e+02 1.303299999999999955e+03 2.900000000000000000e+01
4.449399999999999977e+02 6.075199999999999818e+02 2.900000000000000000e+01
5.581900000000000546e+02 4.018799999999999955e+02 2.900000000000000000e+01
4.405600000000000023e+02 9.202000000000000455e+02 2.900000000000000000e+01
1.228700000000000045e+03 8.561599999999999682e+02 2.900000000000000000e+01
1.032900000000000091e+03 1.374699999999999989e+02 2.900000000000000000e+01
1.213400000000000034e+02 6.573600000000000136e+02 2.900000000000000000e+01
1.346799999999999955e+03 1.756800000000000068e+02 2.900000000000000000e+01
6.034299999999999500e+02 2.406800000000000068e+02 2.900000000000000000e+01
5.751000000000000227e+02 1.416000000000000000e+03 2.900000000000000000e+01
6.232100000000000364e+02 4.799200000000000159e+02 2.900000000000000000e+01
1.151700000000000045e+03 4.030500000000000114e+02 2.900000000000000000e+01
1.091200000000000045e+03 1.488599999999999909e+03 2.900000000000000000e+01
5.502400000000000091e+02 8.381599999999999682e+02 2.900000000000000000e+01
1.365099999999999909e+03 1.084500000000000000e+03 2.900000000000000000e+01
9.467000000000000455e+02 6.217599999999999909e+02 2.900000000000000000e+01
1.580200000000000102e+02 6.107899999999999636e+02 2.900000000000000000e+01
8.492899999999999636e+02 6.329500000000000455e+02 2.900000000000000000e+01
7.406999999999999318e+01 1.169500000000000000e+03 2.000000000000000000e+01
1.330700000000000045e+03 1.392799999999999955e+03 2.100000000000000000e+01
3.528700000000000045e+02 1.105799999999999955e+03 2.000000000000000000e+01
5.897400000000000091e+02 9.979600000000000364e+02 2.000000000000000000e+01
9.730800000000000409e+02 4.857500000000000000e+02 2.000000000000000000e+01
1.475400000000000091e+03 6.527100000000000364e+02 2.100000000000000000e+01
1.391299999999999955e+03 1.166200000000000045e+03 2.100000000000000000e+01
6.996099999999999852e+01 1.101299999999999955e+03 2.000000000000000000e+01
1.070099999999999909e+03 1.031000000000000000e+03 2.100000000000000000e+01
1.478700000000000045e+03 1.044299999999999955e+03 2.000000000000000000e+01
8.123999999999999773e+02 1.324000000000000000e+03 2.000000000000000000e+01
7.113700000000000045e+02 1.290599999999999909e+03 2.000000000000000000e+01
5.420099999999999909e+02 1.097500000000000000e+03 2.000000000000000000e+01
1.217099999999999909e+03 1.094200000000000045e+03 2.000000000000000000e+01
2.520099999999999909e+02 1.369700000000000045e+03 2.100000000000000000e+01
2.819700000000000273e+02 2.367899999999999920e+02 2.000000000000000000e+01
7.362699999999999818e+02 7.109600000000000364e+02 2.000000000000000000e+01
1.184500000000000000e+03 1.312000000000000000e+03 2.100000000000000000e+01
1.291700000000000045e+03 6.508999999999999773e+02 2.000000000000000000e+01
1.145000000000000000e+03 8.265199999999999818e+02 2.000000000000000000e+01
1.179299999999999955e+03 7.396499999999999773e+02 2.000000000000000000e+01
7.072100000000000364e+01 9.403200000000000500e+02 2.000000000000000000e+01
8.823400000000000318e+02 1.572200000000000045e+03 2.100000000000000000e+01
6.739800000000000182e+02 4.752799999999999727e+02 2.000000000000000000e+01
4.238999999999999773e+02 8.725000000000000000e+02 2.000000000000000000e+01
9.144600000000000364e+02 3.795400000000000205e+02 2.000000000000000000e+01
9.034099999999999682e+02 2.861600000000000250e+02 2.000000000000000000e+01
8.822699999999999818e+02 1.119000000000000000e+03 2.100000000000000000e+01
7.585099999999999909e+02 1.111500000000000000e+03 2.100000000000000000e+01
1.244899999999999949e+02 1.303099999999999909e+03 2.000000000000000000e+01
4.457799999999999727e+02 4.008700000000000045e+02 2.000000000000000000e+01
6.679800000000000182e+02 3.302900000000000205e+02 2.100000000000000000e+01
7.055400000000000205e+01 8.294700000000000273e+02 2.000000000000000000e+01
2.700699999999999932e+02 1.172400000000000091e+03 2.000000000000000000e+01
1.050000000000000000e+03 1.162299999999999955e+03 2.100000000000000000e+01
5.235199999999999818e+02 2.252700000000000102e+02 2.000000000000000000e+01
7.420000000000000000e+02 7.920099999999999909e+02 2.100000000000000000e+01
7.912699999999999818e+02 1.080200000000000045e+03 2.100000000000000000e+01
7.169199999999999307e+01 1.574700000000000045e+03 2.100000000000000000e+01
1.103799999999999955e+02 3.290899999999999750e+02 2.100000000000000000e+01
9.369900000000000091e+02 9.832400000000000091e+02 2.000000000000000000e+01
1.422099999999999909e+03 5.525299999999999727e+02 2.000000000000000000e+01
7.151800000000000068e+01 3.055000000000000000e+02 2.100000000000000000e+01
1.135000000000000000e+03 7.257100000000000364e+02 2.000000000000000000e+01
1.479500000000000000e+03 1.117500000000000000e+03 2.100000000000000000e+01
1.071500000000000057e+02 1.512599999999999909e+03 2.100000000000000000e+01
3.618799999999999955e+02 3.108399999999999750e+02 2.000000000000000000e+01
7.795000000000000000e+02 7.170499999999999545e+02 2.000000000000000000e+01
1.480400000000000091e+03 1.464400000000000091e+03 2.100000000000000000e+01
1.661800000000000068e+02 1.404599999999999909e+03 2.100000000000000000e+01
2.840600000000000023e+02 1.951699999999999875e+02 2.000000000000000000e+01
6.856300000000000239e+01 1.273500000000000000e+03 2.000000000000000000e+01
9.590800000000000409e+02 5.721399999999999864e+02 2.000000000000000000e+01
9.903200000000000500e+02 4.464700000000000273e+02 2.000000000000000000e+01
9.973099999999999454e+02 8.228700000000000045e+02 2.000000000000000000e+01
5.833600000000000136e+02 3.074900000000000091e+02 2.000000000000000000e+01
8.893000000000000682e+01 1.063599999999999909e+03 2.000000000000000000e+01
8.572899999999999636e+02 6.816100000000000136e+02 2.000000000000000000e+01
8.320599999999999454e+02 1.366099999999999909e+03 2.000000000000000000e+01
1.344900000000000091e+03 1.031500000000000000e+03 2.000000000000000000e+01
7.131199999999999761e+01 6.321599999999999682e+02 2.100000000000000000e+01
2.083499999999999943e+02 1.094400000000000091e+03 2.000000000000000000e+01
8.408200000000000500e+02 1.237900000000000091e+03 2.000000000000000000e+01
1.164699999999999989e+02 1.095599999999999909e+03 2.000000000000000000e+01
7.099599999999999511e+01 7.330700000000000500e+02 2.100000000000000000e+01
7.018600000000000136e+02 3.557900000000000205e+02 2.000000000000000000e+01
5.971200000000000045e+02 5.877599999999999909e+02 2.000000000000000000e+01
8.684800000000000182e+02 5.840800000000000409e+02 2.000000000000000000e+01
1.229200000000000045e+03 5.317300000000000182e+02 2.100000000000000000e+01
6.800600000000000023e+01 1.439400000000000091e+03 2.000000000000000000e+01
1.077000000000000000e+03 1.378599999999999909e+03 2.000000000000000000e+01
1.472799999999999955e+03 5.681499999999999773e+02 2.100000000000000000e+01
7.502200000000000273e+02 1.377500000000000000e+03 2.100000000000000000e+01
1.128400000000000091e+03 3.219599999999999795e+02 2.000000000000000000e+01
7.895700000000000500e+02 1.362500000000000000e+03 2.100000000000000000e+01
9.504199999999999591e+02 2.140600000000000023e+02 2.100000000000000000e+01
7.134199999999999875e+01 6.742799999999999727e+02 2.000000000000000000e+01
7.562100000000000364e+02 7.517100000000000364e+02 2.000000000000000000e+01
1.011099999999999994e+02 1.202799999999999955e+03 2.000000000000000000e+01
2.645000000000000000e+02 1.225500000000000000e+03 2.100000000000000000e+01
8.954800000000000182e+02 1.159400000000000091e+03 2.100000000000000000e+01
1.184400000000000091e+03 1.419099999999999909e+03 2.100000000000000000e+01
6.547799999999999727e+02 7.615900000000000318e+02 2.100000000000000000e+01
7.151299999999999955e+02 3.155500000000000114e+02 2.000000000000000000e+01
7.186899999999999977e+01 4.598100000000000023e+02 2.000000000000000000e+01
6.854900000000000091e+02 2.859200000000000159e+02 2.000000000000000000e+01
1.064200000000000045e+03 8.849199999999999591e+02 2.000000000000000000e+01
1.475900000000000091e+03 6.103200000000000500e+02 2.000000000000000000e+01
1.606800000000000068e+02 1.324099999999999909e+03 2.000000000000000000e+01
3.048199999999999932e+02 1.196099999999999909e+03 2.100000000000000000e+01
1.464699999999999989e+02 7.025099999999999909e+02 2.100000000000000000e+01
7.150099999999999909e+02 4.604800000000000182e+02 2.000000000000000000e+01
7.076900000000000546e+01 4.168199999999999932e+02 2.100000000000000000e+01
7.050799999999999557e+01 1.025500000000000000e+03 2.100000000000000000e+01
3.054399999999999977e+02 1.239099999999999909e+03 2.000000000000000000e+01
9.245900000000000318e+02 1.297200000000000045e+03 2.100000000000000000e+01
1.043200000000000045e+03 1.352000000000000000e+03 2.000000000000000000e+01
6.800199999999999534e+01 1.490500000000000000e+03 2.100000000000000000e+01
9.926599999999999682e+02 5.982100000000000364e+02 2.000000000000000000e+01
1.481000000000000000e+03 1.416900000000000091e+03 2.100000000000000000e+01
3.919300000000000068e+02 2.811299999999999955e+02 2.000000000000000000e+01
8.985900000000000318e+02 8.317500000000000000e+02 2.000000000000000000e+01
1.394500000000000000e+03 1.043000000000000000e+03 2.000000000000000000e+01
1.978799999999999955e+02 7.757699999999999818e+02 2.100000000000000000e+01
9.181000000000000227e+02 1.418799999999999955e+03 2.000000000000000000e+01
9.862599999999999909e+02 1.573599999999999909e+03 2.100000000000000000e+01
9.935900000000000318e+02 3.466600000000000250e+02 2.000000000000000000e+01
5.049599999999999795e+02 1.868700000000000045e+02 2.100000000000000000e+01
5.551699999999999591e+02 4.529399999999999977e+02 2.000000000000000000e+01
1.346500000000000000e+03 9.084800000000000182e+02 2.000000000000000000e+01
1.010399999999999977e+03 7.022400000000000091e+02 2.000000000000000000e+01
7.098000000000000398e+01 9.823999999999999773e+02 2.000000000000000000e+01
4.665899999999999750e+02 8.759800000000000182e+02 2.000000000000000000e+01
2.081899999999999977e+02 1.163299999999999955e+03 2.000000000000000000e+01
1.418500000000000000e+03 7.917100000000000364e+02 2.100000000000000000e+01
1.842100000000000080e+02 1.128500000000000000e+03 2.000000000000000000e+01
7.962400000000000091e+02 5.400199999999999818e+02 2.000000000000000000e+01
4.188299999999999841e+02 1.305599999999999909e+03 2.000000000000000000e+01
8.132699999999999818e+02 8.659600000000000364e+02 2.000000000000000000e+01
4.554499999999999886e+02 3.598799999999999955e+02 2.000000000000000000e+01
7.707100000000000364e+02 8.659199999999999591e+02 2.000000000000000000e+01
1.262700000000000045e+03 1.572000000000000000e+03 2.100000000000000000e+01
1.130500000000000000e+03 4.958500000000000227e+02 2.000000000000000000e+01
6.220099999999999909e+02 7.882300000000000182e+02 2.000000000000000000e+01
7.558799999999999955e+02 5.276200000000000045e+02 2.000000000000000000e+01
1.029000000000000000e+03 2.643199999999999932e+02 2.000000000000000000e+01
7.413400000000000318e+02 1.260799999999999955e+03 2.000000000000000000e+01
1.474299999999999955e+03 2.689900000000000091e+02 2.100000000000000000e+01
4.164300000000000068e+02 1.261900000000000091e+03 2.000000000000000000e+01
8.139700000000000273e+02 5.942599999999999909e+02 2.000000000000000000e+01
1.055099999999999909e+03 5.249400000000000546e+02 2.000000000000000000e+01
9.441599999999999682e+02 1.453099999999999909e+03 2.100000000000000000e+01
3.210199999999999818e+02 1.277299999999999955e+03 2.000000000000000000e+01
6.110800000000000409e+02 1.187099999999999909e+03 2.100000000000000000e+01
4.531600000000000250e+02 1.330700000000000045e+03 2.000000000000000000e+01
1.100900000000000091e+03 1.747400000000000091e+02 2.100000000000000000e+01
2.574499999999999886e+02 1.574599999999999909e+03 2.100000000000000000e+01
4.852900000000000205e+02 1.574099999999999909e+03 2.100000000000000000e+01
1.424400000000000091e+03 1.571299999999999955e+03 2.100000000000000000e+01
9.873700000000000045e+02 7.814500000000000455e+02 2.000000000000000000e+01
3.685199999999999818e+02 2.464900000000000091e+02 2.000000000000000000e+01
6.852100000000000080e+01 1.231400000000000091e+03 2.000000000000000000e+01
8.000000000000000000e+02 3.142799999999999727e+02 2.000000000000000000e+01
1.435700000000000045e+03 6.342799999999999727e+02 2.000000000000000000e+01
8.707300000000000182e+02 4.839800000000000182e+02 2.000000000000000000e+01
1.478599999999999909e+03 1.001799999999999955e+03 2.000000000000000000e+01
1.304000000000000000e+03 9.117100000000000364e+02 2.000000000000000000e+01
1.607299999999999898e+02 1.281700000000000045e+03 2.000000000000000000e+01
9.705299999999999727e+01 1.133599999999999909e+03 2.000000000000000000e+01
7.348099999999999454e+01 8.709800000000000182e+02 2.100000000000000000e+01
1.419700000000000045e+03 1.198500000000000000e+03 2.100000000000000000e+01
9.667300000000000182e+02 8.560099999999999909e+02 1.900000000000000000e+01
4.058600000000000136e+02 1.221500000000000000e+03 2.000000000000000000e+01
7.038300000000000409e+02 1.153799999999999955e+03 2.000000000000000000e+01
1.073500000000000000e+03 7.831299999999999955e+02 2.000000000000000000e+01
4.199100000000000250e+02 1.515700000000000045e+03 2.100000000000000000e+01
4.978700000000000045e+02 8.474700000000000273e+02 2.000000000000000000e+01
1.475500000000000000e+03 3.701600000000000250e+02 2.100000000000000000e+01
1.628899999999999864e+02 1.091200000000000045e+03 2.100000000000000000e+01
9.405700000000000500e+02 5.354800000000000182e+02 2.000000000000000000e+01
1.103000000000000000e+03 6.545399999999999636e+02 2.000000000000000000e+01
1.318400000000000034e+02 2.310399999999999920e+02 2.000000000000000000e+01
9.821200000000000045e+02 1.306599999999999966e+02 2.000000000000000000e+01
1.475799999999999955e+03 6.948799999999999955e+02 2.000000000000000000e+01
3.900099999999999909e+02 8.445199999999999818e+02 2.000000000000000000e+01
9.175800000000000409e+02 5.798200000000000500e+02 2.000000000000000000e+01
1.105599999999999909e+03 8.090000000000000000e+02 1.900000000000000000e+01
7.882999999999999545e+02 1.201900000000000091e+03 2.000000000000000000e+01
6.391000000000000227e+02 6.975000000000000000e+02 2.000000000000000000e+01
5.668300000000000409e+02 3.521600000000000250e+02 2.100000000000000000e+01
4.405600000000000023e+02 1.421599999999999909e+03 2.100000000000000000e+01
1.131299999999999955e+02 8.296200000000000045e+02 2.000000000000000000e+01
1.341000000000000000e+03 1.490700000000000045e+03 2.000000000000000000e+01
2.121800000000000068e+02 5.990399999999999636e+02 2.000000000000000000e+01
1.359700000000000045e+03 2.242800000000000011e+02 2.000000000000000000e+01
1.567500000000000000e+02 3.073399999999999750e+02 2.000000000000000000e+01
1.084900000000000091e+03 1.328400000000000034e+02 2.100000000000000000e+01
8.315900000000000318e+02 3.436399999999999864e+02 2.000000000000000000e+01
1.572500000000000000e+02 4.073899999999999864e+02 2.100000000000000000e+01
1.104299999999999955e+03 3.567400000000000091e+02 2.000000000000000000e+01
7.094400000000000546e+02 5.028799999999999955e+02 2.000000000000000000e+01
1.209599999999999909e+03 4.940400000000000205e+02 2.000000000000000000e+01
1.443100000000000023e+02 1.204200000000000045e+03 2.000000000000000000e+01
1.398900000000000091e+03 1.123400000000000091e+03 2.000000000000000000e+01
9.832699999999999818e+02 1.225099999999999909e+03 2.100000000000000000e+01
1.381400000000000091e+03 1.401599999999999909e+03 2.100000000000000000e+01
7.489600000000000364e+02 1.219599999999999909e+03 2.000000000000000000e+01
7.124599999999999511e+01 5.434600000000000364e+02 2.100000000000000000e+01
1.324799999999999955e+03 9.491299999999999955e+02 2.000000000000000000e+01
8.594600000000000364e+02 1.426000000000000000e+03 2.100000000000000000e+01
9.905599999999999454e+02 7.393200000000000500e+02 2.000000000000000000e+01
1.085099999999999909e+03 3.187599999999999909e+02 2.000000000000000000e+01
1.393200000000000045e+03 6.428899999999999864e+02 2.000000000000000000e+01
5.953200000000000500e+02 4.389900000000000091e+02 2.000000000000000000e+01
1.028299999999999955e+03 7.920700000000000500e+02 2.000000000000000000e+01
1.100900000000000091e+03 9.864500000000000455e+02 2.000000000000000000e+01
1.295000000000000000e+03 6.086299999999999955e+02 2.000000000000000000e+01
1.338000000000000000e+03 9.891699999999999591e+02 2.000000000000000000e+01
5.008500000000000227e+02 7.462799999999999727e+02 2.000000000000000000e+01
1.474200000000000045e+03 4.332300000000000182e+02 2.100000000000000000e+01
1.319299999999999955e+03 1.116599999999999909e+03 2.000000000000000000e+01
8.055800000000000409e+02 1.162500000000000000e+03 2.000000000000000000e+01
9.433400000000000318e+02 2.684200000000000159e+02 2.000000000000000000e+01
1.196400000000000006e+02 8.716499999999999773e+02 2.000000000000000000e+01
1.368200000000000045e+03 1.227099999999999909e+03 2.100000000000000000e+01
7.020399999999999636e+02 1.030200000000000045e+03 2.000000000000000000e+01
4.734599999999999795e+02 4.804399999999999977e+02 2.000000000000000000e+01
1.474599999999999909e+03 4.843399999999999750e+02 2.100000000000000000e+01
1.483400000000000091e+03 1.570400000000000091e+03 2.100000000000000000e+01
8.298900000000000432e+01 1.314299999999999955e+03 2.100000000000000000e+01
4.459900000000000091e+02 1.482299999999999955e+03 2.000000000000000000e+01
6.979299999999999500e+02 9.725399999999999636e+02 2.000000000000000000e+01
1.395300000000000011e+02 9.090399999999999636e+02 2.000000000000000000e+01
1.216400000000000006e+02 7.417999999999999545e+02 2.000000000000000000e+01
6.881100000000000705e+01 1.353900000000000091e+03 2.000000000000000000e+01
1.289799999999999955e+03 2.697200000000000273e+02 2.000000000000000000e+01
1.198099999999999909e+03 1.053299999999999955e+03 2.000000000000000000e+01
1.125200000000000045e+03 1.236599999999999909e+03 2.000000000000000000e+01
8.434700000000000273e+02 5.161799999999999500e+02 2.000000000000000000e+01
1.099700000000000045e+03 3.991399999999999864e+02 2.000000000000000000e+01
5.438200000000000500e+02 1.455299999999999955e+03 2.000000000000000000e+01
3.988600000000000136e+02 6.818700000000000045e+02 2.000000000000000000e+01
1.188200000000000045e+03 5.479099999999999682e+02 2.000000000000000000e+01
2.144499999999999886e+02 1.573900000000000091e+03 2.100000000000000000e+01
1.730099999999999909e+02 5.069200000000000159e+02 2.000000000000000000e+01
1.211099999999999909e+03 7.120599999999999454e+02 2.000000000000000000e+01
5.739900000000000091e+02 4.971000000000000227e+02 2.100000000000000000e+01
2.722099999999999795e+02 2.956899999999999977e+02 2.000000000000000000e+01
1.172000000000000000e+03 6.980199999999999818e+02 1.900000000000000000e+01
1.666999999999999886e+02 1.239599999999999909e+03 2.100000000000000000e+01
4.445500000000000114e+02 1.378700000000000045e+03 2.100000000000000000e+01
6.900700000000000500e+01 1.396299999999999955e+03 2.100000000000000000e+01
9.906799999999999500e+02 2.875000000000000000e+02 2.000000000000000000e+01
7.142699999999999818e+02 1.194700000000000045e+03 2.000000000000000000e+01
2.524000000000000057e+02 1.326000000000000000e+03 2.100000000000000000e+01
6.181299999999999955e+02 1.037099999999999909e+03 2.100000000000000000e+01
1.895600000000000023e+02 1.202099999999999909e+03 2.000000000000000000e+01
1.314000000000000000e+03 2.138000000000000114e+02 2.000000000000000000e+01
1.083299999999999983e+02 1.005500000000000000e+03 2.100000000000000000e+01
1.481400000000000091e+03 1.507400000000000091e+03 2.100000000000000000e+01
8.956900000000000546e+02 9.865900000000000318e+02 2.000000000000000000e+01
1.229500000000000000e+03 1.389900000000000091e+03 2.000000000000000000e+01
5.957100000000000364e+02 6.891399999999999864e+02 2.000000000000000000e+01
2.344399999999999977e+02 1.195799999999999955e+03 2.000000000000000000e+01
1.474500000000000000e+03 2.245300000000000011e+02 2.100000000000000000e+01
1.479799999999999955e+03 1.201599999999999909e+03 2.000000000000000000e+01
1.436400000000000091e+03 1.044000000000000000e+03 2.000000000000000000e+01
7.590099999999999909e+02 9.059900000000000091e+02 2.100000000000000000e+01
1.219200000000000045e+03 1.572400000000000091e+03 2.000000000000000000e+01
1.374099999999999909e+03 3.221999999999999886e+02 2.000000000000000000e+01
1.221000000000000000e+03 1.530299999999999955e+03 2.100000000000000000e+01
1.376899999999999977e+02 7.953500000000000227e+02 2.000000000000000000e+01
1.354000000000000000e+03 8.454299999999999500e+02 2.000000000000000000e+01
1.100500000000000000e+03 7.506799999999999500e+02 2.000000000000000000e+01
1.177400000000000091e+03 9.207699999999999818e+02 2.000000000000000000e+01
4.072699999999999818e+02 3.839100000000000250e+02 2.000000000000000000e+01
1.476200000000000045e+03 8.561399999999999864e+02 2.000000000000000000e+01
4.298000000000000114e+02 2.609900000000000091e+02 2.100000000000000000e+01
7.189199999999999591e+01 2.009600000000000080e+02 2.100000000000000000e+01
1.481099999999999909e+03 1.302500000000000000e+03 2.000000000000000000e+01
8.355399999999999636e+02 5.579800000000000182e+02 2.000000000000000000e+01
1.473099999999999909e+03 1.160000000000000000e+03 2.000000000000000000e+01
1.043299999999999955e+03 6.753700000000000045e+02 2.000000000000000000e+01
1.433500000000000000e+03 8.425099999999999909e+02 2.100000000000000000e+01
8.959600000000000364e+02 1.030200000000000045e+03 2.000000000000000000e+01
1.136200000000000045e+03 9.076900000000000546e+02 2.000000000000000000e+01
2.233499999999999943e+02 1.532400000000000091e+03 2.100000000000000000e+01
1.300900000000000091e+03 1.425099999999999909e+03 2.000000000000000000e+01
1.144099999999999966e+02 1.925099999999999909e+02 2.000000000000000000e+01
3.060500000000000114e+02 1.573500000000000000e+03 2.000000000000000000e+01
6.865599999999999454e+02 1.574000000000000000e+03 2.000000000000000000e+01
1.229599999999999937e+02 1.167400000000000091e+03 2.000000000000000000e+01
9.127300000000000182e+02 1.850900000000000034e+02 1.900000000000000000e+01
1.654799999999999898e+02 1.167599999999999909e+03 2.000000000000000000e+01
6.210099999999999909e+02 1.392099999999999909e+03 2.000000000000000000e+01
1.077099999999999937e+02 6.090099999999999909e+02 2.000000000000000000e+01
1.245599999999999909e+03 8.058300000000000409e+02 2.000000000000000000e+01
1.354000000000000000e+03 1.530700000000000045e+03 2.100000000000000000e+01
1.376500000000000000e+03 1.004899999999999977e+03 2.000000000000000000e+01
9.724299999999999500e+02 1.131700000000000045e+03 2.100000000000000000e+01
8.200199999999999818e+02 1.048500000000000000e+03 2.000000000000000000e+01
4.136399999999999864e+02 1.348000000000000000e+03 2.100000000000000000e+01
7.110000000000000000e+02 1.392599999999999909e+03 2.000000000000000000e+01
1.721299999999999955e+02 1.574799999999999955e+03 2.100000000000000000e+01
9.399800000000000182e+02 1.568000000000000000e+03 2.100000000000000000e+01
1.058400000000000091e+03 1.120799999999999955e+03 2.000000000000000000e+01
1.439599999999999909e+03 1.132000000000000000e+03 2.000000000000000000e+01
6.450700000000000500e+02 1.351800000000000068e+02 2.000000000000000000e+01
1.389900000000000091e+03 9.055199999999999818e+02 2.000000000000000000e+01
7.834600000000000364e+02 1.548400000000000091e+03 2.100000000000000000e+01
1.305200000000000045e+03 1.513000000000000000e+03 2.100000000000000000e+01
1.334400000000000091e+03 1.257800000000000011e+02 2.100000000000000000e+01
8.305099999999999909e+02 1.197099999999999909e+03 2.000000000000000000e+01
2.678399999999999750e+02 8.908300000000000409e+02 2.000000000000000000e+01
1.058299999999999955e+03 1.819099999999999966e+02 2.000000000000000000e+01
1.396799999999999955e+03 1.457099999999999909e+03 2.100000000000000000e+01
1.198599999999999909e+03 9.570599999999999454e+02 2.000000000000000000e+01
9.660000000000000000e+02 1.492000000000000000e+03 2.100000000000000000e+01
7.802799999999999727e+02 1.324699999999999989e+02 2.100000000000000000e+01
1.305000000000000000e+03 1.467700000000000045e+03 2.100000000000000000e+01
1.044900000000000091e+03 1.468299999999999955e+03 2.000000000000000000e+01
9.719799999999999329e+01 9.072000000000000455e+02 2.000000000000000000e+01
1.383400000000000091e+03 1.497500000000000000e+03 2.100000000000000000e+01
1.437200000000000045e+03 5.924600000000000364e+02 2.000000000000000000e+01
1.248700000000000045e+03 4.779700000000000273e+02 2.000000000000000000e+01
1.268099999999999909e+03 5.139600000000000364e+02 1.900000000000000000e+01
1.015899999999999977e+03 1.128099999999999909e+03 2.100000000000000000e+01
9.944900000000000091e+02 1.716999999999999886e+02 2.000000000000000000e+01
1.086299999999999955e+03 5.609900000000000091e+02 1.900000000000000000e+01
1.269900000000000091e+03 8.872599999999999909e+02 2.000000000000000000e+01
8.389900000000000091e+02 7.780299999999999727e+02 2.100000000000000000e+01
4.815899999999999750e+02 5.219800000000000182e+02 2.000000000000000000e+01
4.552200000000000273e+02 4.418199999999999932e+02 2.000000000000000000e+01
5.238999999999999773e+02 8.827100000000000364e+02 2.000000000000000000e+01
1.069299999999999955e+03 2.790199999999999818e+02 2.000000000000000000e+01
1.397299999999999955e+03 4.206100000000000136e+02 2.100000000000000000e+01
7.135099999999999909e+01 3.484900000000000091e+02 2.100000000000000000e+01
1.431500000000000000e+03 8.894500000000000455e+02 2.100000000000000000e+01
7.086599999999999966e+01 5.018000000000000114e+02 2.000000000000000000e+01
1.423000000000000000e+03 9.315399999999999636e+02 2.000000000000000000e+01
1.295299999999999955e+03 1.151500000000000000e+03 2.000000000000000000e+01
1.367200000000000045e+03 1.571599999999999909e+03 2.100000000000000000e+01
3.290500000000000114e+02 1.537900000000000091e+03 2.100000000000000000e+01
7.853099999999999454e+02 1.024700000000000045e+03 2.000000000000000000e+01
1.322700000000000045e+03 8.732200000000000273e+02 2.000000000000000000e+01
1.137099999999999909e+03 1.344000000000000000e+03 2.000000000000000000e+01
9.520199999999999818e+02 1.713899999999999864e+02 2.000000000000000000e+01
6.305900000000000318e+02 1.508200000000000045e+03 2.100000000000000000e+01
7.002200000000000273e+02 1.433000000000000000e+03 2.000000000000000000e+01
7.492100000000000364e+02 4.858000000000000114e+02 2.000000000000000000e+01
1.325200000000000045e+03 1.233000000000000000e+03 2.000000000000000000e+01
6.231200000000000045e+02 1.433900000000000091e+03 2.000000000000000000e+01
1.467599999999999909e+03 5.261200000000000045e+02 2.100000000000000000e+01
1.426299999999999955e+03 2.872200000000000273e+02 2.100000000000000000e+01
3.427699999999999818e+02 9.370499999999999545e+02 2.000000000000000000e+01
5.861399999999999864e+02 1.366799999999999955e+03 2.000000000000000000e+01
1.063599999999999909e+03 1.530099999999999909e+03 2.100000000000000000e+01
7.960499999999999545e+02 7.668899999999999864e+02 2.000000000000000000e+01
5.409800000000000182e+02 1.379299999999999955e+03 2.000000000000000000e+01
6.388799999999999955e+02 4.326000000000000227e+02 2.000000000000000000e+01
1.146000000000000000e+03 6.434199999999999591e+02 2.000000000000000000e+01
1.458500000000000000e+03 1.081000000000000000e+03 2.000000000000000000e+01
1.221799999999999955e+03 5.752000000000000455e+02 2.000000000000000000e+01
8.965399999999999636e+02 6.163500000000000227e+02 2.000000000000000000e+01
4.816800000000000068e+02 1.411700000000000045e+03 2.000000000000000000e+01
1.096799999999999955e+03 5.206799999999999500e+02 2.000000000000000000e+01
1.417700000000000102e+02 1.129099999999999909e+03 2.000000000000000000e+01
9.706900000000000546e+02 1.534099999999999909e+03 2.100000000000000000e+01
1.068900000000000091e+03 1.573700000000000045e+03 2.100000000000000000e+01
1.013500000000000000e+03 1.254599999999999909e+03 2.100000000000000000e+01
1.181099999999999909e+03 1.514299999999999955e+03 2.100000000000000000e+01
8.327300000000000182e+02 1.284000000000000000e+03 2.100000000000000000e+01
6.610599999999999454e+02 1.414099999999999909e+03 2.100000000000000000e+01
1.075400000000000091e+03 4.838100000000000023e+02 2.000000000000000000e+01
1.170799999999999955e+03 5.100400000000000205e+02 2.000000000000000000e+01
9.397999999999999545e+02 1.308899999999999864e+02 2.100000000000000000e+01
1.441700000000000045e+03 1.319400000000000091e+03 2.000000000000000000e+01
5.235800000000000409e+02 1.418000000000000000e+03 2.000000000000000000e+01
6.719299999999999500e+02 1.373400000000000091e+03 2.100000000000000000e+01
4.913000000000000114e+02 9.100099999999999909e+02 2.000000000000000000e+01
1.357500000000000000e+03 1.135000000000000000e+03 2.000000000000000000e+01
6.924200000000000443e+01 1.533000000000000000e+03 2.100000000000000000e+01
5.614400000000000546e+02 1.187599999999999909e+03 2.000000000000000000e+01
1.328799999999999955e+03 2.538700000000000045e+02 2.000000000000000000e+01
1.634900000000000091e+02 4.645699999999999932e+02 2.100000000000000000e+01
1.589699999999999989e+02 7.598099999999999454e+02 2.000000000000000000e+01
1.027500000000000000e+03 1.564000000000000000e+03 2.100000000000000000e+01
7.545399999999999636e+02 9.480499999999999545e+02 2.000000000000000000e+01
1.376400000000000091e+03 7.818899999999999864e+02 2.000000000000000000e+01
1.415299999999999955e+03 3.295699999999999932e+02 2.100000000000000000e+01
7.489900000000000091e+01 2.432500000000000000e+02 2.100000000000000000e+01
1.416000000000000000e+03 1.082500000000000000e+03 2.100000000000000000e+01
1.140799999999999955e+03 1.503799999999999955e+03 2.100000000000000000e+01
4.049599999999999795e+02 6.400299999999999727e+02 2.000000000000000000e+01
1.022600000000000051e+02 1.465099999999999909e+03 2.000000000000000000e+01
8.538700000000000045e+02 2.430399999999999920e+02 2.100000000000000000e+01
1.232500000000000000e+03 1.865900000000000034e+02 2.000000000000000000e+01
1.395599999999999909e+03 1.539799999999999955e+03 2.100000000000000000e+01
9.577799999999999727e+02 3.691499999999999773e+02 1.900000000000000000e+01
5.040899999999999750e+02 1.312799999999999955e+03 1.900000000000000000e+01
4.529700000000000273e+02 7.180499999999999545e+02 2.000000000000000000e+01
1.473400000000000091e+03 1.756399999999999864e+02 2.100000000000000000e+01
1.915500000000000114e+02 4.324800000000000182e+02 2.000000000000000000e+01
6.822699999999999818e+02 4.336000000000000227e+02 2.000000000000000000e+01
1.132599999999999909e+03 6.834600000000000364e+02 2.000000000000000000e+01
4.364599999999999795e+02 9.749900000000000091e+02 2.000000000000000000e+01
1.438700000000000045e+03 4.093299999999999841e+02 2.100000000000000000e+01
1.438500000000000000e+03 1.468900000000000091e+03 2.000000000000000000e+01
1.437299999999999955e+03 2.034900000000000091e+02 2.100000000000000000e+01
6.094299999999999500e+02 3.987099999999999795e+02 2.000000000000000000e+01
1.432700000000000045e+03 3.676800000000000068e+02 2.100000000000000000e+01
1.396700000000000045e+03 8.638700000000000045e+02 2.000000000000000000e+01
9.804400000000000546e+02 2.463899999999999864e+02 2.100000000000000000e+01
1.433200000000000045e+03 1.615500000000000114e+02 2.100000000000000000e+01
1.389400000000000091e+03 8.219299999999999500e+02 2.000000000000000000e+01
1.709199999999999875e+02 8.803400000000000318e+02 2.000000000000000000e+01
1.190000000000000000e+03 1.277000000000000028e+02 2.000000000000000000e+01
1.402500000000000000e+02 1.484400000000000091e+03 2.000000000000000000e+01
1.276000000000000000e+03 1.750999999999999943e+02 2.100000000000000000e+01
1.453599999999999909e+03 1.540000000000000000e+03 2.100000000000000000e+01
7.112399999999999523e+01 5.858300000000000409e+02 2.000000000000000000e+01
8.529199999999999591e+02 1.161000000000000000e+03 2.100000000000000000e+01
1.425500000000000000e+03 1.509000000000000000e+03 2.100000000000000000e+01
1.215799999999999955e+03 3.235299999999999727e+02 1.900000000000000000e+01
9.306599999999999682e+02 1.137000000000000000e+03 2.000000000000000000e+01
1.473599999999999909e+03 8.980599999999999454e+02 2.100000000000000000e+01
1.438400000000000091e+03 2.476999999999999886e+02 2.100000000000000000e+01
1.019500000000000028e+02 7.037500000000000000e+02 2.000000000000000000e+01
1.396700000000000045e+03 1.848300000000000125e+02 2.100000000000000000e+01
1.401400000000000091e+03 2.263199999999999932e+02 2.100000000000000000e+01
1.427500000000000000e+03 5.109599999999999795e+02 1.900000000000000000e+01
1.455500000000000000e+03 1.259300000000000068e+02 2.100000000000000000e+01
1.292500000000000000e+03 1.360900000000000034e+02 2.100000000000000000e+01
