2.900000000000000000e+01 2.000000000000000000e+00 0.000000000000000000e+00 -1.038399999999999913e-02 3.228400000000000020e-02
2.900000000000000000e+01 1.900000000000000000e+01 0.000000000000000000e+00 1.038399999999999913e-02 3.228400000000000020e-02
4.200000000000000000e+01 1.200000000000000000e+01 0.000000000000000000e+00 -4.583799999999999718e-05 6.704100000000000337e-02
4.200000000000000000e+01 1.300000000000000000e+01 0.000000000000000000e+00 6.859500000000000308e-05 1.152500000000000052e-02
4.600000000000000000e+01 3.200000000000000000e+01 0.000000000000000000e+00 -8.537100000000000645e-05 3.008999999999999869e-02
5.400000000000000000e+01 1.400000000000000000e+01 0.000000000000000000e+00 3.563500000000000153e-04 7.636500000000000232e-02
6.300000000000000000e+01 4.100000000000000000e+01 0.000000000000000000e+00 2.206500000000000128e-02 3.283400000000000207e-02
6.600000000000000000e+01 5.600000000000000000e+01 0.000000000000000000e+00 -2.086199999999999914e-04 1.053199999999999970e-01
6.700000000000000000e+01 3.800000000000000000e+01 0.000000000000000000e+00 -7.059500000000000020e-04 5.009799999999999670e-02
6.700000000000000000e+01 4.700000000000000000e+01 0.000000000000000000e+00 -2.160099999999999867e-04 3.397599999999999926e-02
6.900000000000000000e+01 3.400000000000000000e+01 0.000000000000000000e+00 -2.409000000000000009e-04 2.744500000000000065e-02
7.100000000000000000e+01 2.300000000000000000e+01 1.000000000000000000e+00 -2.332400000000000098e-02 2.056499999999999995e-02
7.200000000000000000e+01 1.000000000000000000e+01 0.000000000000000000e+00 -4.587299999999999939e-05 4.084000000000000130e-02
7.200000000000000000e+01 1.800000000000000000e+01 0.000000000000000000e+00 -2.240099999999999915e-04 5.866899999999999893e-02
8.200000000000000000e+01 6.900000000000000000e+01 0.000000000000000000e+00 1.972499999999999948e-02 5.803900000000000031e-02
8.800000000000000000e+01 5.000000000000000000e+01 0.000000000000000000e+00 -3.027500000000000067e-05 3.902100000000000013e-02
9.100000000000000000e+01 4.100000000000000000e+01 0.000000000000000000e+00 -5.657999999999999835e-03 2.611000000000000126e-02
9.100000000000000000e+01 5.300000000000000000e+01 0.000000000000000000e+00 5.657999999999999835e-03 2.611000000000000126e-02
9.300000000000000000e+01 8.800000000000000000e+01 0.000000000000000000e+00 1.952800000000000006e-05 3.430699999999999722e-02
9.500000000000000000e+01 1.900000000000000000e+01 0.000000000000000000e+00 -3.291899999999999839e-04 1.069600000000000065e-02
9.900000000000000000e+01 9.700000000000000000e+01 0.000000000000000000e+00 6.828299999999999821e-03 3.404299999999999687e-02
1.000000000000000000e+02 1.400000000000000000e+01 0.000000000000000000e+00 -8.668199999999999441e-05 7.180899999999999783e-02
1.000000000000000000e+02 7.200000000000000000e+01 0.000000000000000000e+00 -5.559899999999999910e-06 6.317599999999999605e-02
1.010000000000000000e+02 4.900000000000000000e+01 0.000000000000000000e+00 4.912300000000000520e-04 7.994900000000000617e-02
1.060000000000000000e+02 8.900000000000000000e+01 0.000000000000000000e+00 1.192700000000000010e-02 6.659900000000000542e-02
1.120000000000000000e+02 1.800000000000000000e+01 0.000000000000000000e+00 1.936200000000000063e-04 2.352900000000000130e-02
1.130000000000000000e+02 4.100000000000000000e+01 0.000000000000000000e+00 -1.026299999999999982e-04 1.525800000000000073e-02
1.130000000000000000e+02 4.200000000000000000e+01 0.000000000000000000e+00 1.176400000000000053e-04 4.420199999999999824e-02
1.170000000000000000e+02 1.020000000000000000e+02 0.000000000000000000e+00 -1.230600000000000042e-05 2.632599999999999871e-02
1.230000000000000000e+02 1.170000000000000000e+02 0.000000000000000000e+00 -6.246700000000000213e-04 2.777100000000000055e-02
1.260000000000000000e+02 7.800000000000000000e+01 0.000000000000000000e+00 -5.120100000000000259e-04 7.217700000000000504e-02
1.280000000000000000e+02 7.400000000000000000e+01 0.000000000000000000e+00 -4.738000000000000024e-03 3.694599999999999967e-02
1.280000000000000000e+02 9.300000000000000000e+01 0.000000000000000000e+00 4.738000000000000024e-03 3.694599999999999967e-02
1.340000000000000000e+02 2.500000000000000000e+01 0.000000000000000000e+00 -1.230300000000000062e-05 5.395300000000000096e-02
1.390000000000000000e+02 3.700000000000000000e+01 0.000000000000000000e+00 3.312500000000000015e-04 7.914499999999999313e-02
1.420000000000000000e+02 1.300000000000000000e+02 0.000000000000000000e+00 1.223699999999999990e-05 2.060199999999999879e-02
1.440000000000000000e+02 1.600000000000000000e+01 0.000000000000000000e+00 -8.470300000000000268e-04 6.834300000000000097e-02
1.440000000000000000e+02 7.700000000000000000e+01 0.000000000000000000e+00 7.663299999999999626e-04 6.992400000000000004e-02
1.450000000000000000e+02 4.000000000000000000e+01 0.000000000000000000e+00 5.594000000000000014e-03 5.363699999999999718e-02
1.480000000000000000e+02 6.000000000000000000e+01 0.000000000000000000e+00 3.910600000000000187e-03 2.722700000000000120e-02
1.490000000000000000e+02 1.100000000000000000e+02 0.000000000000000000e+00 5.805300000000000217e-03 4.670900000000000052e-02
1.530000000000000000e+02 6.200000000000000000e+01 0.000000000000000000e+00 -1.057600000000000005e-05 1.916599999999999901e-02
1.530000000000000000e+02 7.300000000000000000e+01 0.000000000000000000e+00 -1.420299999999999937e-05 3.167999999999999983e-02
1.540000000000000000e+02 1.600000000000000000e+01 0.000000000000000000e+00 4.951800000000000261e-05 4.359500000000000181e-02
1.540000000000000000e+02 7.600000000000000000e+01 0.000000000000000000e+00 -9.203200000000000248e-05 6.151700000000000224e-02
1.540000000000000000e+02 1.200000000000000000e+02 0.000000000000000000e+00 -6.985700000000000557e-05 3.181300000000000100e-02
1.560000000000000000e+02 5.600000000000000000e+01 0.000000000000000000e+00 -1.664799999999999917e-03 9.002599999999999492e-02
1.570000000000000000e+02 2.000000000000000000e+00 0.000000000000000000e+00 3.051600000000000141e-06 2.952199999999999963e-02
1.570000000000000000e+02 1.200000000000000000e+01 0.000000000000000000e+00 -1.562299999999999865e-04 1.197700000000000015e-01
1.580000000000000000e+02 1.540000000000000000e+02 0.000000000000000000e+00 6.335300000000000306e-03 5.791299999999999920e-02
1.600000000000000000e+02 6.700000000000000000e+01 0.000000000000000000e+00 1.218499999999999965e-03 7.579600000000000226e-02
1.640000000000000000e+02 1.170000000000000000e+02 0.000000000000000000e+00 1.128400000000000063e-02 5.008399999999999658e-02
1.690000000000000000e+02 9.300000000000000000e+01 0.000000000000000000e+00 3.840700000000000006e-05 6.855300000000000282e-02
1.710000000000000000e+02 1.480000000000000000e+02 0.000000000000000000e+00 1.047999999999999973e-02 3.407199999999999812e-02
1.730000000000000000e+02 2.600000000000000000e+01 0.000000000000000000e+00 5.512499999999999822e-05 7.985100000000000531e-02
1.730000000000000000e+02 3.400000000000000000e+01 0.000000000000000000e+00 -1.407199999999999944e-04 3.644800000000000123e-02
1.740000000000000000e+02 1.650000000000000000e+02 0.000000000000000000e+00 -6.852100000000000345e-05 3.550400000000000084e-02
1.750000000000000000e+02 5.500000000000000000e+01 0.000000000000000000e+00 6.283500000000000023e-03 4.365499999999999936e-02
1.770000000000000000e+02 4.600000000000000000e+01 0.000000000000000000e+00 -1.369700000000000117e-04 4.890300000000000202e-02
1.790000000000000000e+02 1.590000000000000000e+02 0.000000000000000000e+00 6.894800000000000462e-05 7.715099999999999736e-02
1.840000000000000000e+02 1.900000000000000000e+01 0.000000000000000000e+00 1.930800000000000094e-03 2.901700000000000113e-02
1.900000000000000000e+02 9.800000000000000000e+01 0.000000000000000000e+00 1.826600000000000096e-05 4.289099999999999857e-02
1.920000000000000000e+02 1.730000000000000000e+02 0.000000000000000000e+00 -1.675600000000000017e-04 4.298400000000000137e-02
1.930000000000000000e+02 1.610000000000000000e+02 0.000000000000000000e+00 -5.110999999999999685e-05 1.911600000000000105e-02
1.940000000000000000e+02 1.270000000000000000e+02 0.000000000000000000e+00 1.827000000000000041e-06 2.227700000000000166e-02
1.940000000000000000e+02 1.770000000000000000e+02 0.000000000000000000e+00 -1.907599999999999964e-04 6.580600000000000338e-02
2.000000000000000000e+02 1.010000000000000000e+02 0.000000000000000000e+00 -5.213200000000000299e-04 6.470199999999999563e-02
2.020000000000000000e+02 1.610000000000000000e+02 0.000000000000000000e+00 5.655600000000000210e-03 5.199700000000000155e-02
2.040000000000000000e+02 4.400000000000000000e+01 0.000000000000000000e+00 -4.561599999999999965e-04 5.045800000000000285e-02
2.040000000000000000e+02 1.810000000000000000e+02 0.000000000000000000e+00 2.695700000000000093e-04 8.905799999999999828e-02
2.060000000000000000e+02 5.400000000000000000e+01 0.000000000000000000e+00 -4.799499999999999703e-05 5.215700000000000197e-02
2.090000000000000000e+02 9.200000000000000000e+01 0.000000000000000000e+00 4.141599999999999785e-05 1.646600000000000147e-02
2.090000000000000000e+02 1.880000000000000000e+02 0.000000000000000000e+00 3.829000000000000101e-05 1.865699999999999997e-02
2.150000000000000000e+02 1.570000000000000000e+02 0.000000000000000000e+00 1.245699999999999932e-02 1.027399999999999980e-01
2.170000000000000000e+02 2.030000000000000000e+02 0.000000000000000000e+00 1.018699999999999987e-04 4.042799999999999866e-02
2.180000000000000000e+02 2.300000000000000000e+01 0.000000000000000000e+00 2.038499999999999947e-04 2.213599999999999943e-02
2.180000000000000000e+02 1.980000000000000000e+02 0.000000000000000000e+00 4.863300000000000007e-05 3.834800000000000014e-02
2.210000000000000000e+02 8.800000000000000000e+01 0.000000000000000000e+00 1.355400000000000008e-02 2.310600000000000154e-02
2.230000000000000000e+02 1.100000000000000000e+01 0.000000000000000000e+00 -4.793600000000000318e-05 5.709700000000000192e-02
2.240000000000000000e+02 9.400000000000000000e+01 0.000000000000000000e+00 -8.172500000000000511e-04 2.503899999999999876e-02
2.260000000000000000e+02 1.800000000000000000e+02 0.000000000000000000e+00 5.894800000000000387e-03 1.907899999999999874e-02
2.290000000000000000e+02 1.140000000000000000e+02 0.000000000000000000e+00 6.391299999999999933e-03 3.561000000000000276e-02
2.300000000000000000e+02 1.600000000000000000e+02 0.000000000000000000e+00 9.994299999999999365e-03 3.365900000000000142e-02
2.310000000000000000e+02 2.500000000000000000e+01 0.000000000000000000e+00 1.805100000000000020e-03 7.726600000000000135e-02
2.320000000000000000e+02 3.700000000000000000e+01 0.000000000000000000e+00 1.625099999999999982e-03 8.645899999999999419e-02
2.330000000000000000e+02 1.010000000000000000e+02 0.000000000000000000e+00 -6.875000000000000035e-03 1.891999999999999932e-02
2.330000000000000000e+02 1.160000000000000000e+02 0.000000000000000000e+00 6.875000000000000035e-03 1.891999999999999932e-02
2.360000000000000000e+02 1.160000000000000000e+02 0.000000000000000000e+00 1.668599999999999944e-02 3.912100000000000299e-02
2.390000000000000000e+02 5.500000000000000000e+01 0.000000000000000000e+00 -1.622700000000000032e-04 3.764300000000000285e-02
2.390000000000000000e+02 1.060000000000000000e+02 0.000000000000000000e+00 -2.990600000000000268e-04 5.322400000000000048e-02
2.390000000000000000e+02 1.640000000000000000e+02 0.000000000000000000e+00 -2.098799999999999895e-04 4.334199999999999858e-02
2.400000000000000000e+02 5.500000000000000000e+01 0.000000000000000000e+00 2.925299999999999927e-05 1.959400000000000031e-02
2.400000000000000000e+02 1.170000000000000000e+02 0.000000000000000000e+00 1.263399999999999965e-05 3.306699999999999917e-02
2.460000000000000000e+02 1.900000000000000000e+02 0.000000000000000000e+00 9.153800000000000131e-03 2.714899999999999952e-02
2.470000000000000000e+02 6.700000000000000000e+01 0.000000000000000000e+00 6.122299999999999574e-04 2.995499999999999899e-02
2.490000000000000000e+02 2.160000000000000000e+02 0.000000000000000000e+00 -1.877100000000000036e-04 3.909499999999999781e-02
2.500000000000000000e+02 7.500000000000000000e+01 0.000000000000000000e+00 -3.352999999999999915e-05 4.954299999999999676e-02
2.510000000000000000e+02 1.600000000000000000e+02 0.000000000000000000e+00 -1.007199999999999979e-03 1.200500000000000039e-01
2.520000000000000000e+02 1.100000000000000000e+01 0.000000000000000000e+00 1.698700000000000036e-03 6.857900000000000107e-02
2.600000000000000000e+02 6.400000000000000000e+01 0.000000000000000000e+00 -2.243799999999999788e-03 8.861900000000000333e-02
2.600000000000000000e+02 1.930000000000000000e+02 0.000000000000000000e+00 -4.733099999999999797e-05 3.744900000000000312e-02
2.650000000000000000e+02 9.600000000000000000e+01 0.000000000000000000e+00 -1.716800000000000097e-04 3.513600000000000056e-02
2.660000000000000000e+02 1.790000000000000000e+02 0.000000000000000000e+00 5.719499999999999758e-03 3.767800000000000316e-02
2.670000000000000000e+02 2.090000000000000000e+02 0.000000000000000000e+00 1.445899999999999963e-03 3.062300000000000091e-02
2.680000000000000000e+02 1.080000000000000000e+02 0.000000000000000000e+00 3.296799999999999904e-03 3.296000000000000318e-02
2.690000000000000000e+02 5.300000000000000000e+01 0.000000000000000000e+00 6.847399999999999526e-05 3.226400000000000101e-02
2.700000000000000000e+02 1.110000000000000000e+02 0.000000000000000000e+00 -2.419599999999999876e-02 9.734399999999999997e-02
2.700000000000000000e+02 2.080000000000000000e+02 0.000000000000000000e+00 2.419599999999999876e-02 9.734399999999999997e-02
2.710000000000000000e+02 9.700000000000000000e+01 0.000000000000000000e+00 8.280699999999999508e-05 2.264599999999999946e-02
2.710000000000000000e+02 1.990000000000000000e+02 0.000000000000000000e+00 -3.499199999999999887e-06 7.001599999999999491e-02
2.710000000000000000e+02 2.310000000000000000e+02 0.000000000000000000e+00 3.922899999999999998e-05 4.591900000000000148e-02
2.720000000000000000e+02 1.900000000000000000e+02 0.000000000000000000e+00 -7.058799999999999569e-05 3.943599999999999883e-02
2.730000000000000000e+02 2.600000000000000000e+02 0.000000000000000000e+00 1.396699999999999960e-04 7.417200000000000182e-02
2.750000000000000000e+02 7.100000000000000000e+01 0.000000000000000000e+00 4.042999999999999746e-05 4.374600000000000016e-02
2.760000000000000000e+02 2.180000000000000000e+02 0.000000000000000000e+00 -3.654199999999999674e-05 4.587200000000000305e-02
2.770000000000000000e+02 1.250000000000000000e+02 0.000000000000000000e+00 -5.441699999999999619e-04 6.212999999999999773e-02
2.790000000000000000e+02 3.500000000000000000e+01 0.000000000000000000e+00 -1.578999999999999891e-04 3.133899999999999880e-02
2.790000000000000000e+02 2.460000000000000000e+02 0.000000000000000000e+00 -1.764500000000000064e-04 2.293500000000000053e-02
2.820000000000000000e+02 6.500000000000000000e+01 0.000000000000000000e+00 5.478100000000000287e-05 7.284999999999999809e-02
2.820000000000000000e+02 1.000000000000000000e+02 0.000000000000000000e+00 3.174000000000000172e-04 8.814800000000000413e-02
2.820000000000000000e+02 2.520000000000000000e+02 0.000000000000000000e+00 -7.658000000000000202e-05 7.797800000000000564e-02
2.840000000000000000e+02 1.880000000000000000e+02 0.000000000000000000e+00 -1.525199999999999993e-03 6.834600000000000397e-02
2.840000000000000000e+02 1.960000000000000000e+02 0.000000000000000000e+00 1.558700000000000103e-03 3.255199999999999760e-02
2.850000000000000000e+02 1.210000000000000000e+02 0.000000000000000000e+00 7.627800000000000389e-05 3.905100000000000238e-02
2.850000000000000000e+02 1.320000000000000000e+02 0.000000000000000000e+00 9.692299999999999343e-05 2.580000000000000002e-02
2.860000000000000000e+02 4.400000000000000000e+01 0.000000000000000000e+00 2.074099999999999945e-04 3.791200000000000125e-02
2.860000000000000000e+02 1.320000000000000000e+02 0.000000000000000000e+00 -2.778400000000000097e-04 5.926499999999999824e-02
2.870000000000000000e+02 9.800000000000000000e+01 0.000000000000000000e+00 6.858599999999999690e-05 1.426700000000000017e-02
2.900000000000000000e+02 2.800000000000000000e+01 0.000000000000000000e+00 1.178099999999999986e-04 5.178399999999999670e-02
2.930000000000000000e+02 2.290000000000000000e+02 0.000000000000000000e+00 4.886999999999999851e-03 4.953599999999999670e-02
2.940000000000000000e+02 7.700000000000000000e+01 0.000000000000000000e+00 2.074599999999999795e-03 8.811700000000000088e-02
2.950000000000000000e+02 1.740000000000000000e+02 0.000000000000000000e+00 1.098999999999999981e-05 4.216799999999999715e-02
2.950000000000000000e+02 1.950000000000000000e+02 0.000000000000000000e+00 4.567600000000000111e-05 3.514199999999999963e-02
2.980000000000000000e+02 1.610000000000000000e+02 0.000000000000000000e+00 1.040799999999999928e-03 8.149900000000000200e-02
2.980000000000000000e+02 2.810000000000000000e+02 0.000000000000000000e+00 -1.378099999999999941e-03 8.999200000000000255e-02
3.000000000000000000e+02 2.080000000000000000e+02 0.000000000000000000e+00 3.832099999999999851e-04 7.649499999999999356e-02
3.010000000000000000e+02 2.740000000000000000e+02 0.000000000000000000e+00 -5.329700000000000149e-05 2.791700000000000084e-02
3.020000000000000000e+02 4.900000000000000000e+01 0.000000000000000000e+00 -4.132599999999999837e-04 8.643299999999999594e-02
3.020000000000000000e+02 1.100000000000000000e+02 0.000000000000000000e+00 4.687499999999999827e-04 6.821699999999999986e-02
3.030000000000000000e+02 3.200000000000000000e+01 0.000000000000000000e+00 1.803900000000000127e-05 5.386400000000000216e-02
3.030000000000000000e+02 6.000000000000000000e+01 0.000000000000000000e+00 2.304999999999999920e-04 3.030899999999999914e-02
3.040000000000000000e+02 2.710000000000000000e+02 0.000000000000000000e+00 2.331599999999999835e-05 4.761699999999999960e-02
3.060000000000000000e+02 9.000000000000000000e+01 0.000000000000000000e+00 -3.820599999999999843e-04 4.936399999999999816e-02
3.060000000000000000e+02 1.950000000000000000e+02 0.000000000000000000e+00 1.873199999999999887e-04 5.391599999999999865e-02
3.090000000000000000e+02 7.400000000000000000e+01 0.000000000000000000e+00 1.775699999999999848e-02 6.184599999999999820e-02
3.130000000000000000e+02 2.970000000000000000e+02 0.000000000000000000e+00 -3.179200000000000325e-05 5.110100000000000059e-02
3.150000000000000000e+02 3.040000000000000000e+02 0.000000000000000000e+00 -1.706599999999999957e-04 5.004100000000000215e-02
3.170000000000000000e+02 2.600000000000000000e+02 0.000000000000000000e+00 1.097799999999999959e-04 3.930399999999999866e-02
3.190000000000000000e+02 1.800000000000000000e+02 0.000000000000000000e+00 -2.588500000000000035e-05 3.268800000000000178e-02
3.200000000000000000e+02 1.270000000000000000e+02 0.000000000000000000e+00 5.042099999999999718e-05 4.899300000000000183e-02
3.200000000000000000e+02 3.180000000000000000e+02 0.000000000000000000e+00 -3.532799999999999786e-05 5.805400000000000144e-02
3.240000000000000000e+02 2.250000000000000000e+02 0.000000000000000000e+00 -8.172499999999999426e-05 3.853000000000000175e-02
3.240000000000000000e+02 3.150000000000000000e+02 0.000000000000000000e+00 -4.658699999999999967e-05 9.736599999999999422e-02
3.260000000000000000e+02 2.480000000000000000e+02 0.000000000000000000e+00 -4.685599999999999997e-05 2.815799999999999900e-02
3.280000000000000000e+02 3.190000000000000000e+02 0.000000000000000000e+00 5.827800000000000168e-03 4.969099999999999906e-02
3.290000000000000000e+02 9.400000000000000000e+01 0.000000000000000000e+00 -3.534699999999999886e-04 7.277999999999999747e-02
3.300000000000000000e+02 3.200000000000000000e+01 0.000000000000000000e+00 9.458500000000000327e-05 5.437100000000000266e-02
3.300000000000000000e+02 4.600000000000000000e+01 0.000000000000000000e+00 1.947499999999999989e-06 3.302800000000000180e-02
3.300000000000000000e+02 6.000000000000000000e+01 0.000000000000000000e+00 8.519700000000000439e-05 4.991799999999999710e-02
3.300000000000000000e+02 1.550000000000000000e+02 0.000000000000000000e+00 -5.679200000000000106e-05 4.692400000000000043e-02
3.310000000000000000e+02 1.630000000000000000e+02 0.000000000000000000e+00 4.071600000000000116e-05 2.723000000000000073e-02
3.310000000000000000e+02 2.970000000000000000e+02 0.000000000000000000e+00 -5.322400000000000134e-04 5.553999999999999909e-02
3.310000000000000000e+02 3.190000000000000000e+02 0.000000000000000000e+00 1.456999999999999908e-04 4.746500000000000025e-02
3.320000000000000000e+02 2.850000000000000000e+02 0.000000000000000000e+00 -5.312700000000000143e-05 3.371600000000000291e-02
3.340000000000000000e+02 5.100000000000000000e+01 0.000000000000000000e+00 -7.881700000000000381e-04 8.557599999999999929e-02
3.340000000000000000e+02 2.080000000000000000e+02 0.000000000000000000e+00 3.714500000000000028e-04 9.663299999999999668e-02
3.340000000000000000e+02 2.900000000000000000e+02 0.000000000000000000e+00 -6.373699999999999505e-04 4.117599999999999733e-02
3.350000000000000000e+02 1.000000000000000000e+00 0.000000000000000000e+00 9.522899999999999508e-04 3.042600000000000166e-02
3.350000000000000000e+02 3.200000000000000000e+01 0.000000000000000000e+00 -1.365000000000000111e-04 1.010199999999999987e-01
3.350000000000000000e+02 1.120000000000000000e+02 0.000000000000000000e+00 9.696799999999999994e-04 5.068000000000000282e-02
3.360000000000000000e+02 1.880000000000000000e+02 0.000000000000000000e+00 -1.534100000000000047e-03 6.292599999999999583e-02
3.360000000000000000e+02 3.160000000000000000e+02 0.000000000000000000e+00 1.534100000000000047e-03 6.292599999999999583e-02
3.370000000000000000e+02 1.810000000000000000e+02 0.000000000000000000e+00 -9.479500000000000296e-05 5.619099999999999789e-02
3.410000000000000000e+02 9.400000000000000000e+01 0.000000000000000000e+00 1.620299999999999920e-04 6.359499999999999875e-02
3.440000000000000000e+02 2.240000000000000000e+02 0.000000000000000000e+00 -1.331100000000000046e-04 1.523000000000000048e-02
3.440000000000000000e+02 2.430000000000000000e+02 0.000000000000000000e+00 -1.599799999999999963e-04 4.237300000000000094e-02
3.450000000000000000e+02 2.730000000000000000e+02 0.000000000000000000e+00 -5.453799999999999859e-05 5.313299999999999967e-02
3.450000000000000000e+02 2.980000000000000000e+02 0.000000000000000000e+00 -2.289700000000000117e-05 2.716599999999999918e-02
3.460000000000000000e+02 1.680000000000000000e+02 0.000000000000000000e+00 1.026499999999999982e-02 4.608799999999999703e-02
3.470000000000000000e+02 8.700000000000000000e+01 0.000000000000000000e+00 8.798300000000000109e-05 7.268700000000000161e-02
3.470000000000000000e+02 1.560000000000000000e+02 0.000000000000000000e+00 4.027699999999999943e-04 8.489800000000000124e-02
3.470000000000000000e+02 2.500000000000000000e+02 0.000000000000000000e+00 4.307700000000000109e-05 5.283899999999999708e-02
3.500000000000000000e+02 2.940000000000000000e+02 0.000000000000000000e+00 2.922800000000000051e-02 1.022499999999999937e-01
3.510000000000000000e+02 3.410000000000000000e+02 0.000000000000000000e+00 -2.991600000000000075e-03 2.377699999999999952e-02
3.510000000000000000e+02 3.480000000000000000e+02 0.000000000000000000e+00 2.991600000000000075e-03 2.377699999999999952e-02
3.520000000000000000e+02 7.800000000000000000e+01 0.000000000000000000e+00 -5.819300000000000340e-03 6.204899999999999999e-02
3.520000000000000000e+02 2.420000000000000000e+02 0.000000000000000000e+00 -1.093200000000000074e-02 1.487900000000000056e-01
3.530000000000000000e+02 2.730000000000000000e+02 0.000000000000000000e+00 -1.527600000000000079e-05 5.426299999999999873e-02
3.530000000000000000e+02 3.050000000000000000e+02 0.000000000000000000e+00 1.527600000000000079e-05 5.426299999999999873e-02
3.540000000000000000e+02 1.940000000000000000e+02 0.000000000000000000e+00 -3.289899999999999791e-05 6.225499999999999784e-02
3.540000000000000000e+02 3.200000000000000000e+02 0.000000000000000000e+00 2.286199999999999897e-05 2.611399999999999832e-02
3.560000000000000000e+02 1.180000000000000000e+02 0.000000000000000000e+00 1.359499999999999977e-04 8.499099999999999711e-02
3.560000000000000000e+02 1.390000000000000000e+02 0.000000000000000000e+00 -8.699199999999999652e-05 3.993100000000000122e-02
3.570000000000000000e+02 9.000000000000000000e+00 0.000000000000000000e+00 4.152000000000000227e-05 2.224100000000000035e-02
3.580000000000000000e+02 3.000000000000000000e+01 0.000000000000000000e+00 2.023899999999999918e-04 3.657300000000000134e-02
3.580000000000000000e+02 1.590000000000000000e+02 0.000000000000000000e+00 -4.791600000000000134e-04 8.163499999999999923e-02
3.580000000000000000e+02 2.800000000000000000e+02 0.000000000000000000e+00 6.859299999999999870e-05 1.885399999999999923e-02
3.590000000000000000e+02 2.030000000000000000e+02 0.000000000000000000e+00 7.707900000000000168e-03 2.282100000000000101e-02
3.600000000000000000e+02 3.900000000000000000e+01 0.000000000000000000e+00 1.097499999999999951e-03 4.690099999999999825e-02
3.600000000000000000e+02 1.650000000000000000e+02 0.000000000000000000e+00 -2.118699999999999891e-04 6.654300000000000492e-02
3.600000000000000000e+02 1.810000000000000000e+02 0.000000000000000000e+00 1.242700000000000011e-03 8.015500000000000402e-02
3.600000000000000000e+02 1.830000000000000000e+02 0.000000000000000000e+00 3.552900000000000220e-04 7.585200000000000276e-02
3.610000000000000000e+02 2.830000000000000000e+02 0.000000000000000000e+00 -7.499700000000000040e-05 3.805399999999999755e-02
3.610000000000000000e+02 3.160000000000000000e+02 0.000000000000000000e+00 -1.832399999999999871e-04 5.552499999999999797e-02
3.610000000000000000e+02 3.280000000000000000e+02 0.000000000000000000e+00 3.638099999999999947e-06 5.609499999999999903e-02
3.620000000000000000e+02 2.990000000000000000e+02 0.000000000000000000e+00 7.280600000000000224e-07 1.728800000000000128e-02
3.620000000000000000e+02 3.050000000000000000e+02 0.000000000000000000e+00 -6.009600000000000196e-05 2.810299999999999951e-02
3.630000000000000000e+02 2.950000000000000000e+02 0.000000000000000000e+00 2.116399999999999930e-05 1.782399999999999957e-02
3.640000000000000000e+02 1.960000000000000000e+02 0.000000000000000000e+00 -1.377200000000000082e-03 8.203599999999999781e-02
3.640000000000000000e+02 2.420000000000000000e+02 0.000000000000000000e+00 4.028499999999999800e-05 8.142499999999999738e-02
3.650000000000000000e+02 1.470000000000000000e+02 0.000000000000000000e+00 1.265900000000000026e-05 2.986499999999999919e-02
3.650000000000000000e+02 2.840000000000000000e+02 0.000000000000000000e+00 -4.944700000000000278e-05 4.184999999999999831e-02
3.670000000000000000e+02 3.900000000000000000e+01 0.000000000000000000e+00 9.379900000000000097e-05 3.831600000000000283e-02
3.670000000000000000e+02 2.040000000000000000e+02 0.000000000000000000e+00 2.277899999999999993e-05 4.879499999999999810e-02
3.670000000000000000e+02 2.650000000000000000e+02 0.000000000000000000e+00 1.418699999999999952e-04 7.604099999999999748e-02
3.690000000000000000e+02 2.760000000000000000e+02 0.000000000000000000e+00 1.660500000000000170e-02 3.781600000000000239e-02
3.710000000000000000e+02 1.630000000000000000e+02 0.000000000000000000e+00 4.829899999999999954e-05 3.078499999999999986e-02
3.720000000000000000e+02 1.830000000000000000e+02 0.000000000000000000e+00 8.499399999999999837e-04 4.566400000000000320e-02
3.720000000000000000e+02 3.010000000000000000e+02 0.000000000000000000e+00 7.800500000000000142e-04 5.184300000000000019e-02
3.780000000000000000e+02 6.000000000000000000e+01 0.000000000000000000e+00 3.135599999999999997e-04 5.403700000000000170e-02
3.780000000000000000e+02 1.390000000000000000e+02 0.000000000000000000e+00 -3.135599999999999997e-04 5.403700000000000170e-02
3.790000000000000000e+02 3.400000000000000000e+01 0.000000000000000000e+00 1.771599999999999911e-04 4.962099999999999844e-02
3.790000000000000000e+02 1.560000000000000000e+02 0.000000000000000000e+00 -2.431900000000000077e-04 4.705199999999999660e-02
3.800000000000000000e+02 3.710000000000000000e+02 0.000000000000000000e+00 -1.466999999999999880e-04 5.287499999999999839e-02
3.810000000000000000e+02 1.000000000000000000e+00 0.000000000000000000e+00 4.790500000000000297e-05 4.272900000000000309e-02
3.810000000000000000e+02 3.300000000000000000e+01 0.000000000000000000e+00 1.159700000000000027e-04 2.976300000000000126e-02
3.810000000000000000e+02 1.160000000000000000e+02 0.000000000000000000e+00 1.160799999999999965e-05 9.763499999999999956e-02
3.810000000000000000e+02 2.200000000000000000e+02 0.000000000000000000e+00 7.553099999999999732e-06 3.142500000000000154e-02
3.830000000000000000e+02 2.580000000000000000e+02 0.000000000000000000e+00 3.359600000000000021e-04 4.917400000000000243e-02
3.830000000000000000e+02 2.650000000000000000e+02 0.000000000000000000e+00 6.723000000000000243e-04 9.835599999999999898e-02
3.830000000000000000e+02 2.810000000000000000e+02 0.000000000000000000e+00 -6.354800000000000075e-04 1.005100000000000021e-01
3.840000000000000000e+02 7.500000000000000000e+01 0.000000000000000000e+00 -9.629400000000000199e-04 6.221800000000000247e-02
3.840000000000000000e+02 1.750000000000000000e+02 0.000000000000000000e+00 -1.259399999999999929e-03 4.149300000000000210e-02
3.840000000000000000e+02 2.150000000000000000e+02 0.000000000000000000e+00 -2.170599999999999960e-03 1.157099999999999934e-01
3.850000000000000000e+02 2.550000000000000000e+02 0.000000000000000000e+00 -2.174599999999999949e-04 5.647599999999999842e-02
3.850000000000000000e+02 2.740000000000000000e+02 0.000000000000000000e+00 2.891300000000000185e-04 3.024500000000000105e-02
3.860000000000000000e+02 1.290000000000000000e+02 0.000000000000000000e+00 -5.778300000000000103e-03 3.581299999999999761e-02
3.860000000000000000e+02 1.790000000000000000e+02 0.000000000000000000e+00 5.778300000000000103e-03 3.581299999999999761e-02
3.870000000000000000e+02 2.720000000000000000e+02 0.000000000000000000e+00 2.718199999999999826e-04 7.277100000000000235e-02
3.870000000000000000e+02 3.290000000000000000e+02 0.000000000000000000e+00 -4.728700000000000177e-04 7.013700000000000490e-02
3.880000000000000000e+02 1.050000000000000000e+02 0.000000000000000000e+00 9.893499999999999381e-06 3.194700000000000317e-02
3.880000000000000000e+02 2.420000000000000000e+02 0.000000000000000000e+00 2.698599999999999879e-05 8.637499999999999345e-03
3.890000000000000000e+02 9.600000000000000000e+01 0.000000000000000000e+00 6.169899999999999864e-03 3.735200000000000325e-02
3.890000000000000000e+02 1.830000000000000000e+02 0.000000000000000000e+00 -6.169899999999999864e-03 3.735200000000000325e-02
3.900000000000000000e+02 1.270000000000000000e+02 0.000000000000000000e+00 -4.110900000000000231e-05 2.911199999999999899e-02
3.900000000000000000e+02 1.770000000000000000e+02 0.000000000000000000e+00 -4.649100000000000093e-06 2.407199999999999965e-02
3.910000000000000000e+02 6.600000000000000000e+01 0.000000000000000000e+00 7.426499999999999942e-03 4.538199999999999873e-02
3.920000000000000000e+02 2.430000000000000000e+02 0.000000000000000000e+00 2.408900000000000060e-04 4.781200000000000033e-02
3.930000000000000000e+02 1.610000000000000000e+02 0.000000000000000000e+00 8.124900000000000763e-06 5.488900000000000029e-02
3.930000000000000000e+02 3.170000000000000000e+02 0.000000000000000000e+00 -1.792600000000000083e-05 1.333799999999999916e-02
3.930000000000000000e+02 3.570000000000000000e+02 0.000000000000000000e+00 -4.395800000000000163e-05 3.652699999999999697e-02
3.940000000000000000e+02 3.030000000000000000e+02 0.000000000000000000e+00 9.212700000000000167e-08 6.189299999999999663e-02
3.940000000000000000e+02 3.080000000000000000e+02 0.000000000000000000e+00 1.336999999999999972e-04 3.466999999999999943e-02
3.950000000000000000e+02 3.250000000000000000e+02 0.000000000000000000e+00 -4.551499999999999990e-03 4.992599999999999816e-02
3.960000000000000000e+02 2.580000000000000000e+02 0.000000000000000000e+00 -1.105699999999999934e-04 6.211200000000000054e-02
3.960000000000000000e+02 2.810000000000000000e+02 0.000000000000000000e+00 1.780700000000000078e-04 3.377499999999999947e-02
3.960000000000000000e+02 3.920000000000000000e+02 0.000000000000000000e+00 1.616699999999999886e-04 4.220299999999999746e-02
3.980000000000000000e+02 2.690000000000000000e+02 0.000000000000000000e+00 6.639400000000000163e-03 4.505300000000000277e-02
4.020000000000000000e+02 3.750000000000000000e+02 0.000000000000000000e+00 1.778100000000000167e-02 2.968900000000000011e-02
4.030000000000000000e+02 1.340000000000000000e+02 0.000000000000000000e+00 3.560999999999999956e-05 2.272800000000000167e-02
4.030000000000000000e+02 2.310000000000000000e+02 0.000000000000000000e+00 1.798399999999999925e-05 3.441600000000000215e-02
4.030000000000000000e+02 3.150000000000000000e+02 0.000000000000000000e+00 -5.065100000000000006e-05 6.847599999999999520e-02
4.050000000000000000e+02 3.290000000000000000e+02 0.000000000000000000e+00 1.408000000000000050e-02 2.987700000000000078e-02
4.060000000000000000e+02 1.470000000000000000e+02 0.000000000000000000e+00 -8.869900000000000440e-04 5.334799999999999959e-02
4.060000000000000000e+02 1.960000000000000000e+02 0.000000000000000000e+00 9.563999999999999910e-05 1.282500000000000029e-01
4.060000000000000000e+02 3.700000000000000000e+02 0.000000000000000000e+00 -8.275999999999999503e-04 6.688399999999999901e-02
4.080000000000000000e+02 2.390000000000000000e+02 0.000000000000000000e+00 3.217699999999999770e-04 9.015199999999999603e-02
4.080000000000000000e+02 2.990000000000000000e+02 0.000000000000000000e+00 -2.864499999999999967e-04 4.782600000000000046e-02
4.100000000000000000e+02 1.140000000000000000e+02 0.000000000000000000e+00 3.491699999999999925e-04 3.607099999999999890e-02
4.100000000000000000e+02 1.420000000000000000e+02 0.000000000000000000e+00 -3.282499999999999828e-04 7.320899999999999630e-02
4.110000000000000000e+02 9.000000000000000000e+00 0.000000000000000000e+00 5.782500000000000286e-05 2.269900000000000043e-02
4.110000000000000000e+02 1.700000000000000000e+02 0.000000000000000000e+00 -4.166999999999999914e-04 5.187599999999999850e-02
4.120000000000000000e+02 2.790000000000000000e+02 0.000000000000000000e+00 1.529000000000000031e-04 7.560000000000000053e-02
4.150000000000000000e+02 1.200000000000000000e+01 1.000000000000000000e+00 -2.001800000000000107e-02 2.465900000000000036e-02
4.150000000000000000e+02 1.130000000000000000e+02 1.000000000000000000e+00 2.001800000000000107e-02 2.465900000000000036e-02
4.160000000000000000e+02 2.400000000000000000e+02 0.000000000000000000e+00 4.643699999999999738e-03 2.388499999999999998e-02
4.160000000000000000e+02 2.500000000000000000e+02 0.000000000000000000e+00 -4.643699999999999738e-03 2.388499999999999998e-02
4.240000000000000000e+02 1.360000000000000000e+02 0.000000000000000000e+00 -2.422600000000000149e-05 5.238899999999999807e-02
4.240000000000000000e+02 1.920000000000000000e+02 0.000000000000000000e+00 -1.356300000000000042e-05 2.104200000000000167e-02
4.280000000000000000e+02 3.370000000000000000e+02 0.000000000000000000e+00 1.166099999999999949e-02 1.969600000000000170e-02
4.320000000000000000e+02 2.780000000000000000e+02 0.000000000000000000e+00 1.527799999999999991e-02 5.370199999999999974e-02
4.320000000000000000e+02 3.820000000000000000e+02 0.000000000000000000e+00 -1.527799999999999991e-02 5.370199999999999974e-02
4.330000000000000000e+02 2.780000000000000000e+02 0.000000000000000000e+00 1.020599999999999979e-03 3.098800000000000165e-02
4.340000000000000000e+02 1.290000000000000000e+02 0.000000000000000000e+00 6.671500000000000347e-04 2.430900000000000075e-02
4.360000000000000000e+02 3.870000000000000000e+02 0.000000000000000000e+00 1.696199999999999921e-03 3.714300000000000240e-02
4.370000000000000000e+02 3.050000000000000000e+02 0.000000000000000000e+00 9.334900000000000142e-03 2.715899999999999911e-02
4.370000000000000000e+02 3.460000000000000000e+02 0.000000000000000000e+00 -9.334900000000000142e-03 2.715899999999999911e-02
4.390000000000000000e+02 1.980000000000000000e+02 0.000000000000000000e+00 6.359700000000000249e-03 3.760100000000000248e-02
4.390000000000000000e+02 3.660000000000000000e+02 0.000000000000000000e+00 -6.359700000000000249e-03 3.760100000000000248e-02
4.450000000000000000e+02 5.900000000000000000e+01 0.000000000000000000e+00 -9.240399999999999959e-04 7.312100000000000544e-02
4.480000000000000000e+02 5.700000000000000000e+01 0.000000000000000000e+00 7.768500000000000245e-06 2.901499999999999913e-02
4.480000000000000000e+02 1.320000000000000000e+02 0.000000000000000000e+00 1.881699999999999916e-06 5.202799999999999786e-02
4.480000000000000000e+02 1.340000000000000000e+02 0.000000000000000000e+00 2.622299999999999948e-05 5.293699999999999795e-02
4.490000000000000000e+02 8.900000000000000000e+01 0.000000000000000000e+00 1.915000000000000036e-03 3.270900000000000196e-02
4.500000000000000000e+02 6.600000000000000000e+01 1.000000000000000000e+00 1.820400000000000143e-02 2.262700000000000128e-02
4.530000000000000000e+02 4.900000000000000000e+01 0.000000000000000000e+00 1.374799999999999915e-04 5.290500000000000064e-02
4.530000000000000000e+02 9.300000000000000000e+01 0.000000000000000000e+00 3.402399999999999815e-05 6.628699999999999870e-02
4.550000000000000000e+02 3.740000000000000000e+02 0.000000000000000000e+00 2.209200000000000053e-02 7.535400000000000431e-02
4.560000000000000000e+02 2.780000000000000000e+02 0.000000000000000000e+00 1.539699999999999966e-03 2.679600000000000037e-02
4.600000000000000000e+02 2.790000000000000000e+02 0.000000000000000000e+00 3.800799999999999795e-04 3.066100000000000075e-02
4.630000000000000000e+02 3.630000000000000000e+02 0.000000000000000000e+00 5.251099999999999580e-06 2.501700000000000104e-02
4.630000000000000000e+02 3.770000000000000000e+02 0.000000000000000000e+00 6.537000000000000262e-06 1.540500000000000029e-02
4.630000000000000000e+02 4.280000000000000000e+02 0.000000000000000000e+00 4.666699999999999721e-06 2.137500000000000164e-02
4.650000000000000000e+02 1.250000000000000000e+02 0.000000000000000000e+00 1.647500000000000006e-02 7.141899999999999638e-02
4.650000000000000000e+02 4.100000000000000000e+02 0.000000000000000000e+00 -1.647500000000000006e-02 7.141899999999999638e-02
4.660000000000000000e+02 1.220000000000000000e+02 0.000000000000000000e+00 3.567699999999999740e-05 4.216899999999999815e-02
4.660000000000000000e+02 2.770000000000000000e+02 0.000000000000000000e+00 -7.990100000000000631e-05 4.605599999999999972e-02
4.660000000000000000e+02 3.690000000000000000e+02 0.000000000000000000e+00 2.200200000000000043e-05 3.585399999999999698e-02
4.660000000000000000e+02 4.170000000000000000e+02 0.000000000000000000e+00 -2.633399999999999893e-05 2.250299999999999870e-02
4.690000000000000000e+02 2.660000000000000000e+02 0.000000000000000000e+00 1.105500000000000003e-05 3.318999999999999728e-02
4.690000000000000000e+02 4.200000000000000000e+02 0.000000000000000000e+00 -7.030000000000000116e-05 4.660999999999999865e-02
4.740000000000000000e+02 6.300000000000000000e+01 0.000000000000000000e+00 -2.514000000000000175e-03 1.979799999999999963e-02
4.740000000000000000e+02 1.790000000000000000e+02 0.000000000000000000e+00 -2.540199999999999837e-03 8.729299999999999560e-02
4.750000000000000000e+02 8.000000000000000000e+00 0.000000000000000000e+00 -6.058599999999999489e-04 3.078799999999999940e-02
4.750000000000000000e+02 2.520000000000000000e+02 0.000000000000000000e+00 -1.496600000000000057e-03 8.214200000000000668e-02
4.760000000000000000e+02 4.690000000000000000e+02 0.000000000000000000e+00 -1.894499999999999917e-03 3.807499999999999774e-02
4.780000000000000000e+02 2.750000000000000000e+02 0.000000000000000000e+00 7.066099999999999638e-03 1.742199999999999999e-02
4.790000000000000000e+02 2.870000000000000000e+02 0.000000000000000000e+00 7.871799999999999978e-03 5.650299999999999767e-02
4.790000000000000000e+02 3.290000000000000000e+02 0.000000000000000000e+00 -7.871799999999999978e-03 5.650299999999999767e-02
4.860000000000000000e+02 1.260000000000000000e+02 0.000000000000000000e+00 1.623799999999999896e-02 3.598099999999999909e-02
4.860000000000000000e+02 1.960000000000000000e+02 0.000000000000000000e+00 -1.623799999999999896e-02 3.598099999999999909e-02
4.900000000000000000e+02 4.490000000000000000e+02 0.000000000000000000e+00 1.645500000000000044e-03 2.483199999999999991e-02
4.900000000000000000e+02 4.600000000000000000e+02 0.000000000000000000e+00 -1.645500000000000044e-03 2.483199999999999991e-02
4.920000000000000000e+02 3.250000000000000000e+02 0.000000000000000000e+00 -3.139200000000000031e-05 3.792700000000000238e-02
4.940000000000000000e+02 7.300000000000000000e+01 0.000000000000000000e+00 4.673000000000000070e-03 4.741100000000000175e-02
4.940000000000000000e+02 3.080000000000000000e+02 0.000000000000000000e+00 -4.673000000000000070e-03 4.741100000000000175e-02
4.950000000000000000e+02 1.070000000000000000e+02 0.000000000000000000e+00 7.022200000000000143e-03 3.812999999999999723e-02
4.960000000000000000e+02 4.780000000000000000e+02 0.000000000000000000e+00 -9.385900000000000840e-03 1.531000000000000069e-02
4.970000000000000000e+02 2.740000000000000000e+02 0.000000000000000000e+00 7.568400000000000301e-03 4.273400000000000115e-02
4.980000000000000000e+02 3.040000000000000000e+02 0.000000000000000000e+00 4.705899999999999840e-03 3.135600000000000193e-02
4.980000000000000000e+02 4.960000000000000000e+02 0.000000000000000000e+00 -4.705899999999999840e-03 3.135600000000000193e-02
5.010000000000000000e+02 4.000000000000000000e+01 0.000000000000000000e+00 -4.059000000000000271e-05 9.556499999999999717e-02
5.010000000000000000e+02 3.950000000000000000e+02 0.000000000000000000e+00 -6.751200000000000007e-05 1.284899999999999931e-01
5.010000000000000000e+02 4.420000000000000000e+02 0.000000000000000000e+00 4.191600000000000187e-04 4.274700000000000027e-02
5.020000000000000000e+02 1.130000000000000000e+02 0.000000000000000000e+00 -1.905199999999999987e-05 2.681400000000000103e-02
5.020000000000000000e+02 4.460000000000000000e+02 0.000000000000000000e+00 -9.197900000000000485e-06 1.597900000000000015e-02
5.050000000000000000e+02 3.010000000000000000e+02 0.000000000000000000e+00 1.801600000000000076e-02 4.813699999999999923e-02
5.060000000000000000e+02 4.690000000000000000e+02 0.000000000000000000e+00 8.897199999999999857e-04 5.906299999999999745e-02
5.070000000000000000e+02 1.300000000000000000e+01 0.000000000000000000e+00 -8.884699999999999824e-05 4.570899999999999963e-02
5.070000000000000000e+02 4.920000000000000000e+02 0.000000000000000000e+00 -1.061300000000000020e-04 8.964900000000000646e-02
5.070000000000000000e+02 5.020000000000000000e+02 0.000000000000000000e+00 -1.697699999999999958e-04 3.259100000000000191e-02
5.090000000000000000e+02 1.000000000000000000e+01 0.000000000000000000e+00 5.783899999999999805e-03 2.161199999999999927e-02
5.090000000000000000e+02 1.400000000000000000e+01 0.000000000000000000e+00 -5.783899999999999805e-03 2.161199999999999927e-02
5.140000000000000000e+02 1.690000000000000000e+02 0.000000000000000000e+00 1.538599999999999939e-04 5.486599999999999810e-02
5.140000000000000000e+02 2.140000000000000000e+02 0.000000000000000000e+00 3.293200000000000250e-05 2.136800000000000158e-02
5.140000000000000000e+02 2.930000000000000000e+02 0.000000000000000000e+00 -1.377999999999999885e-04 5.757600000000000218e-02
5.150000000000000000e+02 4.090000000000000000e+02 0.000000000000000000e+00 -8.349499999999999934e-05 3.436399999999999871e-02
5.160000000000000000e+02 3.170000000000000000e+02 0.000000000000000000e+00 1.773900000000000129e-02 4.037400000000000017e-02
5.170000000000000000e+02 5.400000000000000000e+01 0.000000000000000000e+00 -1.654600000000000049e-04 4.414900000000000074e-02
5.170000000000000000e+02 1.200000000000000000e+02 0.000000000000000000e+00 -8.872199999999999520e-05 2.644799999999999929e-02
5.170000000000000000e+02 2.230000000000000000e+02 0.000000000000000000e+00 1.634499999999999885e-04 4.148199999999999804e-02
5.190000000000000000e+02 1.220000000000000000e+02 0.000000000000000000e+00 -4.139300000000000162e-04 4.966099999999999681e-02
5.190000000000000000e+02 2.440000000000000000e+02 0.000000000000000000e+00 1.744000000000000107e-04 2.766800000000000162e-02
5.190000000000000000e+02 2.910000000000000000e+02 0.000000000000000000e+00 2.419800000000000108e-04 6.582899999999999863e-02
5.200000000000000000e+02 3.320000000000000000e+02 0.000000000000000000e+00 2.505499999999999915e-03 2.666900000000000173e-02
5.200000000000000000e+02 4.480000000000000000e+02 0.000000000000000000e+00 -2.505499999999999915e-03 2.666900000000000173e-02
5.210000000000000000e+02 3.410000000000000000e+02 0.000000000000000000e+00 -9.162400000000000232e-05 5.194900000000000212e-02
5.210000000000000000e+02 3.970000000000000000e+02 0.000000000000000000e+00 5.840099999999999870e-05 1.367299999999999939e-02
5.240000000000000000e+02 4.340000000000000000e+02 0.000000000000000000e+00 -1.349299999999999892e-03 4.592000000000000248e-02
5.240000000000000000e+02 5.060000000000000000e+02 0.000000000000000000e+00 1.349299999999999892e-03 4.592000000000000248e-02
5.250000000000000000e+02 3.050000000000000000e+02 0.000000000000000000e+00 -6.381499999999999803e-05 3.694000000000000061e-02
5.270000000000000000e+02 2.100000000000000000e+01 0.000000000000000000e+00 1.040900000000000012e-04 4.401800000000000157e-02
5.270000000000000000e+02 2.260000000000000000e+02 0.000000000000000000e+00 -1.395300000000000007e-05 8.070400000000000143e-03
5.280000000000000000e+02 4.740000000000000000e+02 0.000000000000000000e+00 8.714499999999999590e-04 8.901000000000000578e-02
5.280000000000000000e+02 5.260000000000000000e+02 0.000000000000000000e+00 -1.174300000000000056e-04 6.829699999999999660e-02
5.300000000000000000e+02 1.910000000000000000e+02 0.000000000000000000e+00 6.431899999999999944e-03 5.873099999999999848e-02
5.310000000000000000e+02 2.140000000000000000e+02 0.000000000000000000e+00 -2.291399999999999915e-04 4.844099999999999795e-02
5.310000000000000000e+02 2.210000000000000000e+02 0.000000000000000000e+00 2.838399999999999929e-04 1.341400000000000058e-02
5.320000000000000000e+02 2.860000000000000000e+02 0.000000000000000000e+00 1.620500000000000087e-04 3.687800000000000106e-02
5.320000000000000000e+02 4.430000000000000000e+02 0.000000000000000000e+00 -1.620500000000000087e-04 3.687800000000000106e-02
5.330000000000000000e+02 8.900000000000000000e+01 0.000000000000000000e+00 5.803000000000000175e-06 4.512300000000000338e-02
5.330000000000000000e+02 2.100000000000000000e+02 0.000000000000000000e+00 -1.279399999999999982e-05 2.770900000000000099e-02
5.330000000000000000e+02 5.310000000000000000e+02 0.000000000000000000e+00 -6.306599999999999554e-05 4.531199999999999811e-02
5.360000000000000000e+02 2.390000000000000000e+02 0.000000000000000000e+00 9.013600000000000301e-04 8.307000000000000495e-02
5.360000000000000000e+02 2.880000000000000000e+02 0.000000000000000000e+00 -1.521000000000000000e-03 8.523899999999999533e-02
5.360000000000000000e+02 4.950000000000000000e+02 0.000000000000000000e+00 -1.083399999999999988e-03 4.189400000000000068e-02
5.370000000000000000e+02 2.720000000000000000e+02 0.000000000000000000e+00 1.394600000000000006e-02 2.816199999999999953e-02
5.370000000000000000e+02 5.290000000000000000e+02 0.000000000000000000e+00 -1.394600000000000006e-02 2.816199999999999953e-02
5.380000000000000000e+02 2.910000000000000000e+02 0.000000000000000000e+00 2.276999999999999944e-03 2.853500000000000134e-02
5.380000000000000000e+02 3.730000000000000000e+02 0.000000000000000000e+00 -2.276999999999999944e-03 2.853500000000000134e-02
5.390000000000000000e+02 8.000000000000000000e+00 0.000000000000000000e+00 8.395899999999999544e-03 2.640100000000000086e-02
5.390000000000000000e+02 4.240000000000000000e+02 0.000000000000000000e+00 -8.395899999999999544e-03 2.640100000000000086e-02
5.410000000000000000e+02 9.500000000000000000e+01 0.000000000000000000e+00 -8.021499999999999551e-04 5.358299999999999869e-02
5.410000000000000000e+02 1.910000000000000000e+02 0.000000000000000000e+00 5.802999999999999565e-04 4.788499999999999701e-02
5.420000000000000000e+02 3.490000000000000000e+02 0.000000000000000000e+00 -5.818699999999999567e-04 3.707699999999999885e-02
5.420000000000000000e+02 4.120000000000000000e+02 0.000000000000000000e+00 -2.150700000000000127e-04 6.151899999999999730e-02
5.440000000000000000e+02 5.170000000000000000e+02 0.000000000000000000e+00 2.873199999999999799e-03 2.460599999999999940e-02
5.450000000000000000e+02 1.110000000000000000e+02 0.000000000000000000e+00 -4.770099999999999883e-04 9.830200000000000049e-02
5.450000000000000000e+02 1.910000000000000000e+02 0.000000000000000000e+00 1.366200000000000065e-05 8.474099999999999688e-02
5.450000000000000000e+02 5.070000000000000000e+02 0.000000000000000000e+00 1.686000000000000053e-04 8.087400000000000144e-02
5.470000000000000000e+02 9.500000000000000000e+01 0.000000000000000000e+00 9.999400000000000519e-05 1.459500000000000033e-02
5.470000000000000000e+02 1.870000000000000000e+02 0.000000000000000000e+00 -7.527399999999999792e-05 6.895400000000000140e-02
5.470000000000000000e+02 5.300000000000000000e+02 0.000000000000000000e+00 1.723200000000000036e-04 4.170000000000000095e-02
5.490000000000000000e+02 5.100000000000000000e+01 0.000000000000000000e+00 7.363200000000000300e-03 4.542800000000000310e-02
5.500000000000000000e+02 4.700000000000000000e+01 0.000000000000000000e+00 5.859500000000000125e-03 6.806700000000000250e-02
5.530000000000000000e+02 1.210000000000000000e+02 0.000000000000000000e+00 1.327799999999999987e-02 3.815700000000000341e-02
5.530000000000000000e+02 3.370000000000000000e+02 0.000000000000000000e+00 -1.327799999999999987e-02 3.815700000000000341e-02
5.540000000000000000e+02 4.640000000000000000e+02 0.000000000000000000e+00 -4.820399999999999859e-04 4.447700000000000264e-02
5.540000000000000000e+02 4.910000000000000000e+02 0.000000000000000000e+00 2.913000000000000062e-05 8.773300000000000542e-02
5.550000000000000000e+02 9.900000000000000000e+01 0.000000000000000000e+00 3.384700000000000035e-03 3.546699999999999853e-02
5.570000000000000000e+02 2.760000000000000000e+02 0.000000000000000000e+00 8.437999999999999320e-03 5.822999999999999704e-02
5.580000000000000000e+02 1.400000000000000000e+02 0.000000000000000000e+00 -2.384800000000000071e-04 2.844899999999999859e-02
5.580000000000000000e+02 4.220000000000000000e+02 0.000000000000000000e+00 -6.377800000000000092e-04 5.664799999999999697e-02
5.590000000000000000e+02 3.200000000000000000e+02 0.000000000000000000e+00 -3.468200000000000099e-06 2.116600000000000079e-02
5.590000000000000000e+02 5.220000000000000000e+02 0.000000000000000000e+00 7.901899999999999679e-06 3.518199999999999800e-02
5.610000000000000000e+02 4.200000000000000000e+02 0.000000000000000000e+00 1.601400000000000002e-03 5.560299999999999965e-02
5.620000000000000000e+02 4.450000000000000000e+02 0.000000000000000000e+00 9.209200000000000719e-03 3.553200000000000108e-02
5.640000000000000000e+02 7.400000000000000000e+01 0.000000000000000000e+00 9.269200000000000009e-03 2.407899999999999971e-02
5.640000000000000000e+02 1.690000000000000000e+02 0.000000000000000000e+00 -9.269200000000000009e-03 2.407899999999999971e-02
5.650000000000000000e+02 1.300000000000000000e+01 0.000000000000000000e+00 1.264799999999999986e-05 2.061899999999999844e-02
5.650000000000000000e+02 1.900000000000000000e+01 0.000000000000000000e+00 4.572099999999999813e-05 2.812800000000000022e-02
5.650000000000000000e+02 4.200000000000000000e+01 0.000000000000000000e+00 -3.305099999999999916e-05 3.921100000000000280e-02
5.650000000000000000e+02 5.410000000000000000e+02 0.000000000000000000e+00 7.004399999999999548e-05 4.522700000000000331e-02
5.660000000000000000e+02 5.600000000000000000e+01 0.000000000000000000e+00 -3.034500000000000169e-05 5.935800000000000104e-02
5.660000000000000000e+02 1.350000000000000000e+02 0.000000000000000000e+00 -2.344000000000000055e-04 2.170300000000000007e-02
5.670000000000000000e+02 3.090000000000000000e+02 0.000000000000000000e+00 1.069299999999999938e-02 5.066799999999999776e-02
5.680000000000000000e+02 2.900000000000000000e+02 0.000000000000000000e+00 1.508299999999999919e-02 2.463399999999999965e-02
5.690000000000000000e+02 2.990000000000000000e+02 0.000000000000000000e+00 8.167400000000000007e-03 2.533200000000000035e-02
5.690000000000000000e+02 5.250000000000000000e+02 0.000000000000000000e+00 -8.167400000000000007e-03 2.533200000000000035e-02
5.730000000000000000e+02 1.150000000000000000e+02 0.000000000000000000e+00 -2.264699999999999916e-04 4.866600000000000092e-02
5.730000000000000000e+02 2.490000000000000000e+02 0.000000000000000000e+00 2.782999999999999884e-04 5.412800000000000250e-02
5.740000000000000000e+02 3.060000000000000000e+02 0.000000000000000000e+00 -1.910000000000000077e-04 3.847899999999999932e-02
5.740000000000000000e+02 3.740000000000000000e+02 0.000000000000000000e+00 2.353300000000000118e-04 5.128900000000000126e-02
5.760000000000000000e+02 1.800000000000000000e+02 0.000000000000000000e+00 2.108699999999999811e-03 2.874799999999999925e-02
5.810000000000000000e+02 9.800000000000000000e+01 0.000000000000000000e+00 2.772800000000000178e-03 1.950899999999999856e-02
5.810000000000000000e+02 2.880000000000000000e+02 0.000000000000000000e+00 -2.772800000000000178e-03 1.950899999999999856e-02
5.830000000000000000e+02 3.000000000000000000e+02 0.000000000000000000e+00 4.610600000000000288e-03 1.827399999999999858e-02
5.850000000000000000e+02 3.680000000000000000e+02 0.000000000000000000e+00 -7.252000000000000193e-06 5.087300000000000155e-02
5.860000000000000000e+02 1.700000000000000000e+02 0.000000000000000000e+00 6.543700000000000384e-03 5.740100000000000063e-02
5.860000000000000000e+02 2.020000000000000000e+02 0.000000000000000000e+00 -6.543700000000000384e-03 5.740100000000000063e-02
5.880000000000000000e+02 9.000000000000000000e+01 0.000000000000000000e+00 7.630799999999999649e-04 5.826400000000000329e-02
5.880000000000000000e+02 1.650000000000000000e+02 0.000000000000000000e+00 6.032000000000000252e-04 4.647699999999999748e-02
5.880000000000000000e+02 3.720000000000000000e+02 0.000000000000000000e+00 -1.304599999999999944e-03 8.035399999999999487e-02
5.880000000000000000e+02 3.740000000000000000e+02 0.000000000000000000e+00 7.164699999999999758e-04 6.092600000000000099e-02
5.900000000000000000e+02 2.180000000000000000e+02 0.000000000000000000e+00 1.839799999999999942e-03 2.190399999999999986e-02
5.900000000000000000e+02 5.550000000000000000e+02 0.000000000000000000e+00 -1.839799999999999942e-03 2.190399999999999986e-02
5.910000000000000000e+02 2.740000000000000000e+02 0.000000000000000000e+00 7.269599999999999652e-05 3.488800000000000234e-02
5.910000000000000000e+02 3.720000000000000000e+02 0.000000000000000000e+00 -1.110600000000000005e-05 4.267399999999999666e-02
5.980000000000000000e+02 3.700000000000000000e+01 0.000000000000000000e+00 9.372500000000000405e-04 7.840099999999999847e-02
5.980000000000000000e+02 3.680000000000000000e+02 0.000000000000000000e+00 -9.372500000000000405e-04 7.840099999999999847e-02
6.010000000000000000e+02 4.300000000000000000e+01 0.000000000000000000e+00 2.792900000000000070e-03 3.182900000000000312e-02
6.010000000000000000e+02 3.200000000000000000e+02 0.000000000000000000e+00 -2.792900000000000070e-03 3.182900000000000312e-02
6.020000000000000000e+02 1.600000000000000000e+01 0.000000000000000000e+00 -3.087599999999999806e-03 4.236999999999999794e-02
6.020000000000000000e+02 2.230000000000000000e+02 0.000000000000000000e+00 3.087599999999999806e-03 4.236999999999999794e-02
6.060000000000000000e+02 4.050000000000000000e+02 0.000000000000000000e+00 -8.295099999999999913e-05 3.840799999999999770e-02
6.060000000000000000e+02 5.210000000000000000e+02 0.000000000000000000e+00 8.961299999999999735e-05 1.628500000000000086e-02
6.080000000000000000e+02 1.510000000000000000e+02 0.000000000000000000e+00 -2.721299999999999848e-04 7.109600000000000641e-02
6.080000000000000000e+02 2.000000000000000000e+02 0.000000000000000000e+00 9.074399999999999719e-05 6.428499999999999492e-02
6.080000000000000000e+02 2.360000000000000000e+02 0.000000000000000000e+00 -5.918300000000000036e-04 4.469800000000000162e-02
6.090000000000000000e+02 3.610000000000000000e+02 0.000000000000000000e+00 1.189199999999999979e-02 3.819299999999999778e-02
6.090000000000000000e+02 3.800000000000000000e+02 0.000000000000000000e+00 -1.189199999999999979e-02 3.819299999999999778e-02
6.110000000000000000e+02 2.430000000000000000e+02 0.000000000000000000e+00 -2.954000000000000029e-03 4.427299999999999985e-02
6.110000000000000000e+02 2.990000000000000000e+02 0.000000000000000000e+00 2.954000000000000029e-03 4.427299999999999985e-02
6.130000000000000000e+02 3.900000000000000000e+02 0.000000000000000000e+00 1.170000000000000033e-02 2.593399999999999872e-02
6.140000000000000000e+02 1.350000000000000000e+02 0.000000000000000000e+00 5.981899999999999631e-04 4.622799999999999826e-02
6.140000000000000000e+02 1.490000000000000000e+02 0.000000000000000000e+00 2.719099999999999902e-04 6.108100000000000335e-02
6.150000000000000000e+02 2.440000000000000000e+02 0.000000000000000000e+00 -6.534599999999999784e-03 1.537200000000000025e-02
6.150000000000000000e+02 3.660000000000000000e+02 0.000000000000000000e+00 6.534599999999999784e-03 1.537200000000000025e-02
6.160000000000000000e+02 5.840000000000000000e+02 0.000000000000000000e+00 1.549500000000000009e-02 4.014000000000000207e-02
6.170000000000000000e+02 1.550000000000000000e+02 0.000000000000000000e+00 -1.601100000000000093e-02 5.729599999999999971e-02
6.170000000000000000e+02 3.560000000000000000e+02 0.000000000000000000e+00 1.601100000000000093e-02 5.729599999999999971e-02
6.200000000000000000e+02 3.120000000000000000e+02 0.000000000000000000e+00 4.846800000000000067e-03 3.102999999999999856e-02
6.220000000000000000e+02 4.420000000000000000e+02 0.000000000000000000e+00 1.722300000000000095e-05 5.607000000000000178e-02
6.220000000000000000e+02 4.640000000000000000e+02 0.000000000000000000e+00 3.360600000000000045e-04 4.860799999999999843e-02
6.230000000000000000e+02 3.800000000000000000e+01 0.000000000000000000e+00 -1.292499999999999975e-04 6.197300000000000031e-02
6.230000000000000000e+02 4.700000000000000000e+01 0.000000000000000000e+00 6.513900000000000094e-05 7.106400000000000217e-02
6.230000000000000000e+02 3.000000000000000000e+02 0.000000000000000000e+00 -4.476700000000000015e-04 7.852399999999999658e-02
6.230000000000000000e+02 5.680000000000000000e+02 0.000000000000000000e+00 -3.152900000000000255e-04 2.955199999999999841e-02
6.250000000000000000e+02 3.000000000000000000e+01 0.000000000000000000e+00 -9.652100000000000642e-05 2.404399999999999940e-02
6.260000000000000000e+02 5.900000000000000000e+01 0.000000000000000000e+00 1.117099999999999994e-03 7.399899999999999534e-02
6.270000000000000000e+02 4.000000000000000000e+01 0.000000000000000000e+00 -2.259799999999999946e-05 4.286600000000000132e-02
6.270000000000000000e+02 6.220000000000000000e+02 0.000000000000000000e+00 -4.167599999999999875e-05 3.716400000000000259e-02
6.300000000000000000e+02 1.800000000000000000e+01 0.000000000000000000e+00 1.161200000000000063e-04 2.366899999999999907e-02
6.300000000000000000e+02 3.300000000000000000e+01 0.000000000000000000e+00 2.325299999999999912e-05 2.926600000000000035e-02
6.300000000000000000e+02 3.350000000000000000e+02 0.000000000000000000e+00 -3.259899999999999739e-05 4.116600000000000120e-02
6.310000000000000000e+02 1.890000000000000000e+02 0.000000000000000000e+00 3.419399999999999821e-05 2.583600000000000133e-02
6.310000000000000000e+02 5.570000000000000000e+02 0.000000000000000000e+00 3.296500000000000032e-05 5.067300000000000276e-02
6.330000000000000000e+02 3.800000000000000000e+01 0.000000000000000000e+00 1.332299999999999977e-02 3.178700000000000275e-02
6.330000000000000000e+02 4.040000000000000000e+02 0.000000000000000000e+00 -1.332299999999999977e-02 3.178700000000000275e-02
6.370000000000000000e+02 1.700000000000000000e+02 0.000000000000000000e+00 5.413100000000000062e-05 6.229300000000000115e-02
6.370000000000000000e+02 3.420000000000000000e+02 0.000000000000000000e+00 1.986900000000000103e-04 2.214299999999999949e-02
6.370000000000000000e+02 3.850000000000000000e+02 0.000000000000000000e+00 2.994599999999999823e-04 2.386900000000000133e-02
6.380000000000000000e+02 1.500000000000000000e+02 0.000000000000000000e+00 -3.546099999999999811e-05 4.012600000000000194e-02
6.380000000000000000e+02 3.710000000000000000e+02 0.000000000000000000e+00 1.512300000000000005e-04 6.587400000000000200e-02
6.380000000000000000e+02 4.330000000000000000e+02 0.000000000000000000e+00 4.371299999999999974e-05 1.984700000000000006e-02
6.410000000000000000e+02 1.380000000000000000e+02 0.000000000000000000e+00 1.032299999999999925e-05 1.749900000000000067e-02
6.410000000000000000e+02 6.380000000000000000e+02 0.000000000000000000e+00 -8.621299999999999941e-06 4.385900000000000215e-02
6.460000000000000000e+02 1.350000000000000000e+02 0.000000000000000000e+00 -7.656699999999999791e-04 2.332499999999999851e-02
6.460000000000000000e+02 1.920000000000000000e+02 0.000000000000000000e+00 4.196599999999999766e-04 7.223799999999999666e-02
6.460000000000000000e+02 3.790000000000000000e+02 0.000000000000000000e+00 -6.366800000000000367e-04 1.924899999999999875e-02
6.460000000000000000e+02 5.660000000000000000e+02 0.000000000000000000e+00 -1.049599999999999925e-03 6.291299999999999670e-02
6.470000000000000000e+02 1.110000000000000000e+02 0.000000000000000000e+00 1.656099999999999933e-02 7.389999999999999347e-02
6.470000000000000000e+02 3.950000000000000000e+02 0.000000000000000000e+00 -1.656099999999999933e-02 7.389999999999999347e-02
6.530000000000000000e+02 5.000000000000000000e+01 0.000000000000000000e+00 7.215599999999999965e-03 3.664099999999999996e-02
6.530000000000000000e+02 4.530000000000000000e+02 0.000000000000000000e+00 -7.215599999999999965e-03 3.664099999999999996e-02
6.540000000000000000e+02 1.530000000000000000e+02 0.000000000000000000e+00 9.760100000000000720e-03 3.276199999999999946e-02
6.540000000000000000e+02 3.940000000000000000e+02 0.000000000000000000e+00 -9.760100000000000720e-03 3.276199999999999946e-02
6.550000000000000000e+02 2.870000000000000000e+02 0.000000000000000000e+00 5.458900000000000200e-05 4.495299999999999990e-02
6.550000000000000000e+02 2.880000000000000000e+02 0.000000000000000000e+00 -1.110199999999999975e-05 6.996600000000000041e-02
6.550000000000000000e+02 3.440000000000000000e+02 0.000000000000000000e+00 8.005199999999999859e-05 2.403200000000000128e-02
6.560000000000000000e+02 4.460000000000000000e+02 0.000000000000000000e+00 4.133399999999999748e-03 1.288700000000000123e-01
6.560000000000000000e+02 4.920000000000000000e+02 0.000000000000000000e+00 -3.571799999999999975e-03 1.202399999999999997e-01
6.560000000000000000e+02 5.260000000000000000e+02 0.000000000000000000e+00 2.807200000000000147e-03 1.237999999999999934e-01
6.580000000000000000e+02 1.180000000000000000e+02 0.000000000000000000e+00 -4.264999999999999823e-06 1.775799999999999948e-02
6.590000000000000000e+02 4.220000000000000000e+02 0.000000000000000000e+00 1.768100000000000097e-04 4.850899999999999657e-02
6.590000000000000000e+02 5.150000000000000000e+02 0.000000000000000000e+00 1.203800000000000062e-05 5.022999999999999687e-02
6.600000000000000000e+02 5.330000000000000000e+02 0.000000000000000000e+00 -4.892999999999999780e-03 4.678100000000000314e-02
6.620000000000000000e+02 2.380000000000000000e+02 0.000000000000000000e+00 1.972100000000000068e-03 2.074200000000000002e-02
6.620000000000000000e+02 3.230000000000000000e+02 0.000000000000000000e+00 -1.972100000000000068e-03 2.074200000000000002e-02
6.630000000000000000e+02 6.200000000000000000e+01 0.000000000000000000e+00 -3.481199999999999806e-05 4.332400000000000140e-02
6.630000000000000000e+02 6.610000000000000000e+02 0.000000000000000000e+00 3.179599999999999847e-05 2.170800000000000160e-02
6.640000000000000000e+02 5.900000000000000000e+01 0.000000000000000000e+00 1.687899999999999882e-04 3.657200000000000034e-02
6.640000000000000000e+02 5.840000000000000000e+02 0.000000000000000000e+00 -2.600699999999999952e-04 5.486200000000000104e-02
6.660000000000000000e+02 1.150000000000000000e+02 0.000000000000000000e+00 1.458900000000000008e-04 8.387899999999999523e-02
6.660000000000000000e+02 2.780000000000000000e+02 0.000000000000000000e+00 -5.081499999999999646e-04 5.507200000000000290e-02
6.660000000000000000e+02 5.670000000000000000e+02 0.000000000000000000e+00 1.008200000000000003e-04 4.237699999999999800e-02
6.670000000000000000e+02 1.510000000000000000e+02 0.000000000000000000e+00 -4.651799999999999880e-04 5.673600000000000171e-02
6.670000000000000000e+02 3.180000000000000000e+02 0.000000000000000000e+00 3.629400000000000182e-05 5.104299999999999810e-02
6.670000000000000000e+02 3.820000000000000000e+02 0.000000000000000000e+00 5.341599999999999951e-04 5.166199999999999959e-02
6.680000000000000000e+02 2.040000000000000000e+02 0.000000000000000000e+00 3.088699999999999887e-04 2.926199999999999982e-02
6.680000000000000000e+02 4.430000000000000000e+02 0.000000000000000000e+00 -3.088699999999999887e-04 2.926199999999999982e-02
6.730000000000000000e+02 4.800000000000000000e+02 0.000000000000000000e+00 -1.341899999999999875e-04 2.369599999999999831e-02
6.730000000000000000e+02 5.420000000000000000e+02 0.000000000000000000e+00 -1.161300000000000011e-04 3.372900000000000204e-02
6.730000000000000000e+02 6.310000000000000000e+02 0.000000000000000000e+00 1.953900000000000046e-05 6.056299999999999878e-02
6.750000000000000000e+02 1.150000000000000000e+02 0.000000000000000000e+00 -6.415299999999999378e-05 6.394299999999999984e-02
6.750000000000000000e+02 1.420000000000000000e+02 0.000000000000000000e+00 -7.013400000000000309e-05 6.250400000000000400e-02
6.750000000000000000e+02 3.550000000000000000e+02 0.000000000000000000e+00 -1.471400000000000041e-04 9.475199999999999595e-03
6.790000000000000000e+02 5.100000000000000000e+01 0.000000000000000000e+00 1.393499999999999990e-04 7.020200000000000051e-02
6.790000000000000000e+02 1.030000000000000000e+02 0.000000000000000000e+00 -1.802700000000000071e-04 4.669999999999999846e-02
6.790000000000000000e+02 6.360000000000000000e+02 0.000000000000000000e+00 -2.835000000000000131e-05 2.425499999999999878e-02
6.800000000000000000e+02 1.530000000000000000e+02 0.000000000000000000e+00 -4.045400000000000265e-05 3.347300000000000275e-02
6.800000000000000000e+02 1.710000000000000000e+02 0.000000000000000000e+00 -4.970000000000000188e-05 1.984100000000000100e-02
6.800000000000000000e+02 3.680000000000000000e+02 0.000000000000000000e+00 7.642800000000000754e-06 4.718399999999999678e-02
6.810000000000000000e+02 3.400000000000000000e+02 0.000000000000000000e+00 3.262799999999999999e-05 2.906200000000000103e-02
6.810000000000000000e+02 5.740000000000000000e+02 0.000000000000000000e+00 9.001299999999999690e-06 1.925100000000000075e-02
6.810000000000000000e+02 6.710000000000000000e+02 0.000000000000000000e+00 -2.483499999999999854e-05 2.204599999999999962e-02
6.830000000000000000e+02 4.000000000000000000e+00 0.000000000000000000e+00 -5.030200000000000296e-03 2.136599999999999958e-02
6.830000000000000000e+02 2.510000000000000000e+02 0.000000000000000000e+00 -4.521400000000000072e-03 1.046399999999999969e-01
6.830000000000000000e+02 2.940000000000000000e+02 0.000000000000000000e+00 -5.024700000000000000e-03 1.525299999999999989e-01
6.840000000000000000e+02 4.910000000000000000e+02 0.000000000000000000e+00 -5.607400000000000015e-04 9.089999999999999469e-02
6.840000000000000000e+02 5.610000000000000000e+02 0.000000000000000000e+00 4.416899999999999673e-05 4.276100000000000040e-02
6.850000000000000000e+02 2.170000000000000000e+02 0.000000000000000000e+00 2.091700000000000156e-02 5.783200000000000146e-02
6.850000000000000000e+02 3.660000000000000000e+02 0.000000000000000000e+00 -2.091700000000000156e-02 5.783200000000000146e-02
6.860000000000000000e+02 5.260000000000000000e+02 0.000000000000000000e+00 -2.008500000000000031e-04 4.112299999999999983e-02
6.860000000000000000e+02 5.280000000000000000e+02 0.000000000000000000e+00 -2.206300000000000069e-04 2.950699999999999851e-02
6.860000000000000000e+02 6.840000000000000000e+02 0.000000000000000000e+00 2.998600000000000056e-05 8.904099999999999515e-02
6.870000000000000000e+02 2.600000000000000000e+01 0.000000000000000000e+00 -1.785899999999999960e-05 8.197799999999999532e-02
6.870000000000000000e+02 4.040000000000000000e+02 0.000000000000000000e+00 5.635400000000000289e-06 3.141900000000000248e-02
6.880000000000000000e+02 2.550000000000000000e+02 0.000000000000000000e+00 5.023599999999999810e-04 3.718199999999999977e-02
6.880000000000000000e+02 4.010000000000000000e+02 0.000000000000000000e+00 -1.820000000000000057e-04 7.246400000000000063e-02
6.880000000000000000e+02 4.110000000000000000e+02 0.000000000000000000e+00 4.881299999999999767e-04 3.348500000000000087e-02
6.890000000000000000e+02 1.500000000000000000e+02 0.000000000000000000e+00 -1.192600000000000084e-02 4.184299999999999825e-02
6.890000000000000000e+02 3.130000000000000000e+02 0.000000000000000000e+00 1.192600000000000084e-02 4.184299999999999825e-02
6.900000000000000000e+02 5.850000000000000000e+02 0.000000000000000000e+00 -1.639699999999999903e-04 4.951300000000000145e-02
6.910000000000000000e+02 4.300000000000000000e+01 0.000000000000000000e+00 7.262000000000000226e-03 3.490000000000000047e-02
6.910000000000000000e+02 5.150000000000000000e+02 0.000000000000000000e+00 -7.262000000000000226e-03 3.490000000000000047e-02
6.930000000000000000e+02 5.000000000000000000e+01 0.000000000000000000e+00 -7.299500000000000161e-05 5.718999999999999778e-02
6.930000000000000000e+02 1.100000000000000000e+02 0.000000000000000000e+00 -1.725300000000000032e-04 5.559800000000000159e-02
6.930000000000000000e+02 4.500000000000000000e+02 0.000000000000000000e+00 -1.476799999999999955e-04 3.655699999999999922e-02
6.950000000000000000e+02 1.360000000000000000e+02 0.000000000000000000e+00 4.730899999999999689e-03 5.449099999999999777e-02
7.010000000000000000e+02 4.300000000000000000e+01 0.000000000000000000e+00 -1.016699999999999939e-04 5.681900000000000145e-02
7.010000000000000000e+02 5.220000000000000000e+02 0.000000000000000000e+00 -6.675300000000000276e-05 4.137699999999999712e-02
7.020000000000000000e+02 4.000000000000000000e+00 0.000000000000000000e+00 4.921699999999999990e-04 4.369699999999999973e-02
7.020000000000000000e+02 7.600000000000000000e+01 0.000000000000000000e+00 -2.741399999999999740e-04 7.623800000000000021e-02
7.020000000000000000e+02 1.440000000000000000e+02 0.000000000000000000e+00 4.025899999999999791e-04 3.518000000000000294e-02
7.030000000000000000e+02 6.200000000000000000e+01 0.000000000000000000e+00 -3.815200000000000335e-05 4.350099999999999800e-02
7.030000000000000000e+02 1.040000000000000000e+02 0.000000000000000000e+00 1.967399999999999832e-05 3.629299999999999887e-02
7.030000000000000000e+02 5.850000000000000000e+02 0.000000000000000000e+00 1.373700000000000078e-05 3.478200000000000042e-02
7.050000000000000000e+02 4.750000000000000000e+02 0.000000000000000000e+00 1.146600000000000050e-02 5.217100000000000209e-02
7.050000000000000000e+02 6.140000000000000000e+02 0.000000000000000000e+00 -1.146600000000000050e-02 5.217100000000000209e-02
7.060000000000000000e+02 6.400000000000000000e+01 0.000000000000000000e+00 1.249699999999999910e-04 7.971200000000000507e-02
7.060000000000000000e+02 1.680000000000000000e+02 0.000000000000000000e+00 8.611800000000000455e-05 4.929800000000000154e-02
7.060000000000000000e+02 2.010000000000000000e+02 0.000000000000000000e+00 9.686999999999999918e-05 2.019200000000000161e-02
7.060000000000000000e+02 3.580000000000000000e+02 0.000000000000000000e+00 1.258800000000000043e-05 1.049999999999999961e-01
7.090000000000000000e+02 3.540000000000000000e+02 0.000000000000000000e+00 4.208100000000000208e-03 3.719399999999999790e-02
7.090000000000000000e+02 6.670000000000000000e+02 0.000000000000000000e+00 -4.208100000000000208e-03 3.719399999999999790e-02
7.100000000000000000e+02 2.060000000000000000e+02 0.000000000000000000e+00 9.754800000000000320e-04 4.933200000000000085e-02
7.100000000000000000e+02 5.440000000000000000e+02 0.000000000000000000e+00 3.721999999999999940e-04 4.262900000000000023e-02
7.110000000000000000e+02 1.990000000000000000e+02 0.000000000000000000e+00 6.061099999999999884e-10 3.634799999999999837e-02
7.110000000000000000e+02 2.030000000000000000e+02 0.000000000000000000e+00 1.449700000000000071e-08 5.094400000000000317e-02
7.130000000000000000e+02 2.060000000000000000e+02 0.000000000000000000e+00 2.727400000000000050e-03 4.883699999999999847e-02
7.130000000000000000e+02 4.070000000000000000e+02 0.000000000000000000e+00 -2.727400000000000050e-03 4.883699999999999847e-02
7.140000000000000000e+02 1.290000000000000000e+02 0.000000000000000000e+00 -2.251699999999999871e-04 2.595799999999999844e-02
7.140000000000000000e+02 4.340000000000000000e+02 0.000000000000000000e+00 -1.069199999999999995e-04 6.145500000000000268e-02
7.140000000000000000e+02 5.620000000000000000e+02 0.000000000000000000e+00 -1.548900000000000027e-04 3.747099999999999737e-02
7.140000000000000000e+02 6.160000000000000000e+02 0.000000000000000000e+00 -1.758100000000000125e-04 3.618199999999999888e-02
7.140000000000000000e+02 6.250000000000000000e+02 0.000000000000000000e+00 -2.120199999999999928e-04 2.455099999999999991e-02
7.160000000000000000e+02 2.830000000000000000e+02 0.000000000000000000e+00 1.466200000000000023e-04 2.081500000000000017e-02
7.160000000000000000e+02 4.540000000000000000e+02 0.000000000000000000e+00 1.817199999999999881e-04 2.671799999999999869e-02
7.160000000000000000e+02 5.000000000000000000e+02 0.000000000000000000e+00 -4.491399999999999722e-05 6.228999999999999815e-02
7.200000000000000000e+02 3.730000000000000000e+02 0.000000000000000000e+00 1.123999999999999945e-04 4.163000000000000034e-02
7.200000000000000000e+02 4.000000000000000000e+02 0.000000000000000000e+00 1.590399999999999952e-04 2.142600000000000060e-02
7.210000000000000000e+02 2.490000000000000000e+02 0.000000000000000000e+00 1.701899999999999941e-02 3.601700000000000040e-02
7.220000000000000000e+02 3.130000000000000000e+02 0.000000000000000000e+00 1.252099999999999921e-05 5.380700000000000066e-02
7.220000000000000000e+02 3.180000000000000000e+02 0.000000000000000000e+00 -6.685599999999999822e-05 4.026500000000000218e-02
7.220000000000000000e+02 5.590000000000000000e+02 0.000000000000000000e+00 -7.499399999999999383e-05 3.671100000000000058e-02
7.240000000000000000e+02 2.580000000000000000e+02 0.000000000000000000e+00 1.256600000000000132e-04 6.030599999999999850e-02
7.240000000000000000e+02 3.410000000000000000e+02 0.000000000000000000e+00 -4.271100000000000222e-04 8.750800000000000245e-02
7.240000000000000000e+02 6.190000000000000000e+02 0.000000000000000000e+00 -1.664400000000000124e-04 3.911900000000000099e-02
7.250000000000000000e+02 4.430000000000000000e+02 0.000000000000000000e+00 -4.710999999999999910e-03 3.458800000000000069e-02
7.250000000000000000e+02 6.190000000000000000e+02 0.000000000000000000e+00 4.710999999999999910e-03 3.458800000000000069e-02
7.260000000000000000e+02 4.080000000000000000e+02 0.000000000000000000e+00 1.187700000000000040e-02 6.364699999999999525e-02
7.270000000000000000e+02 1.260000000000000000e+02 0.000000000000000000e+00 1.307200000000000029e-02 4.455400000000000332e-02
7.270000000000000000e+02 2.910000000000000000e+02 0.000000000000000000e+00 -1.307200000000000029e-02 4.455400000000000332e-02
7.320000000000000000e+02 1.400000000000000000e+02 0.000000000000000000e+00 1.355199999999999981e-02 7.940700000000000536e-02
7.320000000000000000e+02 7.010000000000000000e+02 0.000000000000000000e+00 -1.355199999999999981e-02 7.940700000000000536e-02
7.330000000000000000e+02 1.770000000000000000e+02 0.000000000000000000e+00 -7.356799999999999494e-04 3.837399999999999839e-02
7.330000000000000000e+02 3.300000000000000000e+02 0.000000000000000000e+00 3.009099999999999904e-04 7.350800000000000389e-02
7.330000000000000000e+02 6.130000000000000000e+02 0.000000000000000000e+00 -8.558800000000000522e-04 2.915200000000000083e-02
7.340000000000000000e+02 6.900000000000000000e+02 0.000000000000000000e+00 7.072400000000000388e-03 4.572199999999999875e-02
7.370000000000000000e+02 3.130000000000000000e+02 0.000000000000000000e+00 2.274799999999999999e-03 2.288499999999999909e-02
7.370000000000000000e+02 5.220000000000000000e+02 0.000000000000000000e+00 -2.274799999999999999e-03 2.288499999999999909e-02
7.380000000000000000e+02 1.000000000000000000e+01 0.000000000000000000e+00 -2.707499999999999946e-04 4.128500000000000225e-02
7.380000000000000000e+02 1.080000000000000000e+02 0.000000000000000000e+00 -7.778999999999999890e-05 4.463999999999999913e-02
7.380000000000000000e+02 1.120000000000000000e+02 0.000000000000000000e+00 -2.131099999999999976e-04 6.762799999999999367e-02
7.380000000000000000e+02 3.080000000000000000e+02 0.000000000000000000e+00 -3.594900000000000157e-04 4.232999999999999957e-02
7.410000000000000000e+02 7.700000000000000000e+01 0.000000000000000000e+00 2.377100000000000046e-02 6.406799999999999995e-02
7.410000000000000000e+02 6.950000000000000000e+02 0.000000000000000000e+00 -2.377100000000000046e-02 6.406799999999999995e-02
7.440000000000000000e+02 2.300000000000000000e+02 0.000000000000000000e+00 1.901299999999999974e-04 1.831500000000000142e-02
7.440000000000000000e+02 3.500000000000000000e+02 0.000000000000000000e+00 -1.523400000000000058e-03 1.090099999999999958e-01
7.440000000000000000e+02 4.040000000000000000e+02 0.000000000000000000e+00 7.501100000000000129e-04 5.579900000000000138e-02
7.440000000000000000e+02 6.870000000000000000e+02 0.000000000000000000e+00 1.510599999999999964e-03 8.286000000000000310e-02
7.470000000000000000e+02 2.690000000000000000e+02 0.000000000000000000e+00 9.021299999999999458e-03 2.444599999999999898e-02
7.470000000000000000e+02 2.800000000000000000e+02 0.000000000000000000e+00 -9.021299999999999458e-03 2.444599999999999898e-02
7.490000000000000000e+02 4.070000000000000000e+02 0.000000000000000000e+00 8.838300000000000323e-03 2.087200000000000166e-02
7.500000000000000000e+02 3.500000000000000000e+01 0.000000000000000000e+00 -9.893199999999999564e-03 3.569499999999999756e-02
7.500000000000000000e+02 2.100000000000000000e+02 0.000000000000000000e+00 9.893199999999999564e-03 3.569499999999999756e-02
7.510000000000000000e+02 1.870000000000000000e+02 0.000000000000000000e+00 1.839299999999999963e-02 7.081899999999999307e-02
7.510000000000000000e+02 4.040000000000000000e+02 0.000000000000000000e+00 -1.839299999999999963e-02 7.081899999999999307e-02
7.540000000000000000e+02 4.570000000000000000e+02 0.000000000000000000e+00 5.962199999999999531e-04 2.612400000000000139e-02
7.540000000000000000e+02 6.590000000000000000e+02 0.000000000000000000e+00 -5.962199999999999531e-04 2.612400000000000139e-02
7.550000000000000000e+02 3.800000000000000000e+02 0.000000000000000000e+00 5.414399999999999769e-03 3.053799999999999917e-02
7.550000000000000000e+02 6.350000000000000000e+02 0.000000000000000000e+00 -5.414399999999999769e-03 3.053799999999999917e-02
7.560000000000000000e+02 4.100000000000000000e+02 0.000000000000000000e+00 -1.238900000000000071e-02 5.888199999999999684e-02
7.560000000000000000e+02 4.120000000000000000e+02 0.000000000000000000e+00 1.238900000000000071e-02 5.888199999999999684e-02
7.570000000000000000e+02 3.800000000000000000e+01 0.000000000000000000e+00 -2.206200000000000175e-03 6.924900000000000500e-02
7.570000000000000000e+02 1.870000000000000000e+02 0.000000000000000000e+00 1.498600000000000106e-03 7.419299999999999506e-02
7.570000000000000000e+02 5.830000000000000000e+02 0.000000000000000000e+00 -1.053700000000000079e-03 3.120500000000000010e-02
7.590000000000000000e+02 4.760000000000000000e+02 0.000000000000000000e+00 1.248699999999999886e-04 3.715600000000000153e-02
7.590000000000000000e+02 5.280000000000000000e+02 0.000000000000000000e+00 2.903300000000000138e-05 5.748999999999999944e-02
7.590000000000000000e+02 6.840000000000000000e+02 0.000000000000000000e+00 -9.174200000000000356e-05 5.280599999999999877e-02
7.590000000000000000e+02 6.860000000000000000e+02 0.000000000000000000e+00 3.505200000000000253e-05 4.548400000000000186e-03
7.600000000000000000e+02 1.580000000000000000e+02 0.000000000000000000e+00 2.632599999999999833e-05 3.164700000000000152e-02
7.600000000000000000e+02 5.180000000000000000e+02 0.000000000000000000e+00 2.713500000000000092e-04 7.470999999999999863e-02
7.600000000000000000e+02 7.100000000000000000e+02 0.000000000000000000e+00 -1.937599999999999880e-04 5.826100000000000029e-02
7.610000000000000000e+02 2.480000000000000000e+02 0.000000000000000000e+00 -1.451099999999999981e-04 2.374799999999999828e-02
7.610000000000000000e+02 7.490000000000000000e+02 0.000000000000000000e+00 -1.194899999999999961e-04 1.609999999999999973e-02
7.630000000000000000e+02 7.300000000000000000e+01 0.000000000000000000e+00 -9.985999999999999597e-05 6.997100000000000541e-02
7.630000000000000000e+02 3.260000000000000000e+02 0.000000000000000000e+00 6.907200000000000546e-05 8.543100000000000693e-02
7.630000000000000000e+02 6.630000000000000000e+02 0.000000000000000000e+00 -5.368700000000000284e-05 3.730399999999999688e-02
7.660000000000000000e+02 2.770000000000000000e+02 0.000000000000000000e+00 1.461199999999999955e-03 7.178400000000000059e-02
7.660000000000000000e+02 3.700000000000000000e+02 0.000000000000000000e+00 -6.058100000000000290e-04 7.514600000000000446e-02
7.660000000000000000e+02 7.580000000000000000e+02 0.000000000000000000e+00 -1.444699999999999934e-03 5.749499999999999750e-02
7.670000000000000000e+02 1.470000000000000000e+02 0.000000000000000000e+00 -1.927299999999999996e-05 6.317899999999999905e-02
7.670000000000000000e+02 2.160000000000000000e+02 0.000000000000000000e+00 1.820400000000000121e-04 3.151899999999999841e-02
7.670000000000000000e+02 6.350000000000000000e+02 0.000000000000000000e+00 1.261099999999999971e-04 4.744099999999999706e-02
7.690000000000000000e+02 3.700000000000000000e+01 0.000000000000000000e+00 9.176999999999999394e-03 2.510300000000000031e-02
7.690000000000000000e+02 6.720000000000000000e+02 0.000000000000000000e+00 -9.176999999999999394e-03 2.510300000000000031e-02
7.720000000000000000e+02 3.840000000000000000e+02 0.000000000000000000e+00 4.860399999999999747e-04 1.035399999999999932e-01
7.720000000000000000e+02 3.980000000000000000e+02 0.000000000000000000e+00 -1.461800000000000133e-04 4.019299999999999956e-02
7.720000000000000000e+02 5.250000000000000000e+02 0.000000000000000000e+00 -2.367899999999999877e-04 6.069000000000000089e-02
7.720000000000000000e+02 7.260000000000000000e+02 0.000000000000000000e+00 -2.003700000000000077e-04 5.582800000000000262e-02
7.730000000000000000e+02 1.550000000000000000e+02 0.000000000000000000e+00 -2.248700000000000002e-05 3.293200000000000294e-02
7.730000000000000000e+02 4.090000000000000000e+02 0.000000000000000000e+00 7.414600000000000127e-06 2.239599999999999924e-02
7.730000000000000000e+02 5.960000000000000000e+02 0.000000000000000000e+00 -5.081100000000000361e-06 8.705400000000000291e-03
7.740000000000000000e+02 4.510000000000000000e+02 0.000000000000000000e+00 -8.667899999999999867e-04 4.044600000000000278e-02
7.740000000000000000e+02 5.100000000000000000e+02 0.000000000000000000e+00 8.667899999999999867e-04 4.044600000000000278e-02
7.750000000000000000e+02 6.900000000000000000e+01 0.000000000000000000e+00 -6.337299999999999921e-04 4.420999999999999930e-02
7.750000000000000000e+02 8.700000000000000000e+01 0.000000000000000000e+00 5.112600000000000347e-04 6.096599999999999936e-02
7.750000000000000000e+02 1.840000000000000000e+02 0.000000000000000000e+00 -4.803799999999999780e-04 2.362600000000000117e-02
7.760000000000000000e+02 2.670000000000000000e+02 0.000000000000000000e+00 9.267900000000000790e-03 2.212599999999999983e-02
7.760000000000000000e+02 5.870000000000000000e+02 0.000000000000000000e+00 -9.267900000000000790e-03 2.212599999999999983e-02
7.770000000000000000e+02 2.740000000000000000e+02 0.000000000000000000e+00 4.091599999999999925e-05 2.579199999999999895e-02
7.770000000000000000e+02 6.370000000000000000e+02 0.000000000000000000e+00 -3.054600000000000197e-04 5.635400000000000131e-02
7.780000000000000000e+02 3.570000000000000000e+02 0.000000000000000000e+00 3.406099999999999796e-04 6.134499999999999675e-02
7.780000000000000000e+02 5.160000000000000000e+02 0.000000000000000000e+00 9.384999999999999896e-04 3.644300000000000317e-02
7.780000000000000000e+02 6.260000000000000000e+02 0.000000000000000000e+00 7.219799999999999959e-04 3.056599999999999942e-02
7.780000000000000000e+02 6.640000000000000000e+02 0.000000000000000000e+00 7.037099999999999421e-05 5.942399999999999766e-02
7.790000000000000000e+02 5.180000000000000000e+02 0.000000000000000000e+00 8.319099999999999412e-03 4.476000000000000117e-02
7.790000000000000000e+02 7.610000000000000000e+02 0.000000000000000000e+00 -8.319099999999999412e-03 4.476000000000000117e-02
7.800000000000000000e+02 3.910000000000000000e+02 0.000000000000000000e+00 3.662700000000000070e-03 4.047599999999999809e-02
7.800000000000000000e+02 6.600000000000000000e+02 0.000000000000000000e+00 -3.662700000000000070e-03 4.047599999999999809e-02
7.810000000000000000e+02 3.310000000000000000e+02 0.000000000000000000e+00 6.150199999999999764e-03 5.317500000000000004e-02
7.850000000000000000e+02 2.680000000000000000e+02 0.000000000000000000e+00 2.274299999999999924e-07 3.184399999999999731e-02
7.850000000000000000e+02 4.070000000000000000e+02 0.000000000000000000e+00 1.347900000000000046e-07 6.208999999999999936e-02
7.850000000000000000e+02 7.630000000000000000e+02 0.000000000000000000e+00 9.263899999999999990e-08 1.051499999999999935e-01
7.860000000000000000e+02 2.810000000000000000e+02 0.000000000000000000e+00 8.188100000000000239e-03 2.456200000000000050e-02
7.860000000000000000e+02 3.920000000000000000e+02 0.000000000000000000e+00 -8.188100000000000239e-03 2.456200000000000050e-02
7.870000000000000000e+02 1.450000000000000000e+02 0.000000000000000000e+00 5.072099999999999770e-05 3.815299999999999941e-02
7.870000000000000000e+02 5.100000000000000000e+02 0.000000000000000000e+00 -1.267399999999999927e-05 5.142800000000000149e-02
7.880000000000000000e+02 2.450000000000000000e+02 0.000000000000000000e+00 2.601899999999999873e-04 2.144400000000000125e-02
7.880000000000000000e+02 3.590000000000000000e+02 0.000000000000000000e+00 -2.601899999999999873e-04 2.144400000000000125e-02
7.890000000000000000e+02 1.050000000000000000e+02 0.000000000000000000e+00 -5.464800000000000262e-05 4.100700000000000178e-02
7.890000000000000000e+02 3.390000000000000000e+02 0.000000000000000000e+00 8.146699999999999775e-05 2.731499999999999900e-02
7.890000000000000000e+02 3.520000000000000000e+02 0.000000000000000000e+00 9.310800000000000369e-05 1.292699999999999926e-02
7.920000000000000000e+02 4.500000000000000000e+01 0.000000000000000000e+00 -2.899800000000000121e-04 2.253600000000000048e-02
7.920000000000000000e+02 8.200000000000000000e+01 0.000000000000000000e+00 -4.909299999999999905e-04 5.725800000000000334e-02
7.920000000000000000e+02 9.500000000000000000e+01 0.000000000000000000e+00 -6.744199999999999566e-05 6.884999999999999454e-02
7.920000000000000000e+02 1.870000000000000000e+02 0.000000000000000000e+00 3.320799999999999783e-05 5.990899999999999698e-02
7.930000000000000000e+02 3.620000000000000000e+02 0.000000000000000000e+00 -1.749700000000000083e-03 5.205300000000000205e-02
7.930000000000000000e+02 3.920000000000000000e+02 0.000000000000000000e+00 1.749700000000000083e-03 5.205300000000000205e-02
7.950000000000000000e+02 1.830000000000000000e+02 0.000000000000000000e+00 -1.063999999999999977e-05 3.962000000000000244e-02
7.950000000000000000e+02 5.910000000000000000e+02 0.000000000000000000e+00 -1.384299999999999943e-05 1.445399999999999983e-02
7.950000000000000000e+02 7.770000000000000000e+02 0.000000000000000000e+00 6.858800000000000298e-06 3.888799999999999896e-02
7.960000000000000000e+02 2.250000000000000000e+02 0.000000000000000000e+00 7.345800000000000040e-05 4.335300000000000264e-02
7.960000000000000000e+02 2.750000000000000000e+02 0.000000000000000000e+00 -1.054900000000000014e-05 3.809799999999999992e-02
7.960000000000000000e+02 4.360000000000000000e+02 0.000000000000000000e+00 7.453099999999999504e-05 2.855099999999999999e-02
7.970000000000000000e+02 4.560000000000000000e+02 0.000000000000000000e+00 -8.430000000000000180e-07 2.427199999999999844e-02
7.970000000000000000e+02 5.730000000000000000e+02 0.000000000000000000e+00 -1.603200000000000168e-05 2.674599999999999894e-02
7.970000000000000000e+02 6.410000000000000000e+02 0.000000000000000000e+00 1.473999999999999948e-05 2.309699999999999948e-02
8.020000000000000000e+02 3.240000000000000000e+02 0.000000000000000000e+00 4.605899999999999578e-03 4.854499999999999788e-02
8.020000000000000000e+02 6.060000000000000000e+02 0.000000000000000000e+00 -4.605899999999999578e-03 4.854499999999999788e-02
8.040000000000000000e+02 7.010000000000000000e+02 0.000000000000000000e+00 1.519599999999999944e-02 6.992700000000000304e-02
8.070000000000000000e+02 5.270000000000000000e+02 0.000000000000000000e+00 1.414900000000000023e-04 4.363999999999999824e-02
8.070000000000000000e+02 7.810000000000000000e+02 0.000000000000000000e+00 2.463299999999999946e-05 4.662100000000000272e-02
8.070000000000000000e+02 8.040000000000000000e+02 0.000000000000000000e+00 -1.452500000000000069e-04 6.509099999999999608e-02
8.080000000000000000e+02 2.010000000000000000e+02 0.000000000000000000e+00 8.546299999999999730e-03 2.981200000000000169e-02
8.080000000000000000e+02 6.250000000000000000e+02 0.000000000000000000e+00 -8.546299999999999730e-03 2.981200000000000169e-02
8.090000000000000000e+02 3.520000000000000000e+02 0.000000000000000000e+00 7.024899999999999721e-03 2.205400000000000138e-01
8.100000000000000000e+02 1.030000000000000000e+02 0.000000000000000000e+00 1.035799999999999915e-02 4.685000000000000275e-02
8.100000000000000000e+02 7.870000000000000000e+02 0.000000000000000000e+00 -1.035799999999999915e-02 4.685000000000000275e-02
8.130000000000000000e+02 6.880000000000000000e+02 0.000000000000000000e+00 1.409799999999999942e-02 4.420600000000000224e-02
8.160000000000000000e+02 1.960000000000000000e+02 0.000000000000000000e+00 9.221599999999999936e-04 1.363600000000000055e-02
8.160000000000000000e+02 2.840000000000000000e+02 0.000000000000000000e+00 1.196600000000000029e-04 8.336000000000000354e-02
8.160000000000000000e+02 3.640000000000000000e+02 0.000000000000000000e+00 4.623200000000000053e-04 4.734499999999999820e-02
8.160000000000000000e+02 3.880000000000000000e+02 0.000000000000000000e+00 1.261299999999999921e-03 3.795300000000000062e-02
8.170000000000000000e+02 6.500000000000000000e+01 0.000000000000000000e+00 2.118800000000000110e-04 6.067199999999999677e-02
8.170000000000000000e+02 3.020000000000000000e+02 0.000000000000000000e+00 -2.118800000000000110e-04 6.067199999999999677e-02
8.200000000000000000e+02 4.010000000000000000e+02 0.000000000000000000e+00 4.017299999999999691e-03 5.986600000000000255e-02
8.200000000000000000e+02 4.770000000000000000e+02 0.000000000000000000e+00 -2.027600000000000062e-03 1.499600000000000065e-02
8.200000000000000000e+02 6.260000000000000000e+02 0.000000000000000000e+00 -4.622099999999999646e-03 6.598999999999999311e-02
8.210000000000000000e+02 3.750000000000000000e+02 0.000000000000000000e+00 2.945199999999999815e-03 3.832699999999999996e-02
8.220000000000000000e+02 3.230000000000000000e+02 0.000000000000000000e+00 4.884999999999999586e-03 1.872499999999999859e-02
8.220000000000000000e+02 8.210000000000000000e+02 0.000000000000000000e+00 -4.884999999999999586e-03 1.872499999999999859e-02
8.230000000000000000e+02 3.120000000000000000e+02 0.000000000000000000e+00 4.251900000000000297e-03 2.717400000000000024e-02
8.230000000000000000e+02 4.540000000000000000e+02 0.000000000000000000e+00 -4.251900000000000297e-03 2.717400000000000024e-02
