1.238199999999999932e+02 1.563200000000000045e+03 2.900000000000000000e+01
1.203500000000000000e+03 1.205500000000000000e+03 2.900000000000000000e+01
4.970199999999999818e+02 1.120599999999999909e+03 2.900000000000000000e+01
1.970800000000000125e+02 1.368700000000000045e+03 3.000000000000000000e+01
7.390000000000000000e+02 1.559000000000000000e+03 3.000000000000000000e+01
2.774100000000000250e+02 1.439799999999999955e+03 3.000000000000000000e+01
7.919600000000000364e+02 1.318500000000000000e+03 2.900000000000000000e+01
5.980099999999999909e+02 8.147899999999999636e+02 2.900000000000000000e+01
8.199600000000000364e+02 1.266500000000000000e+03 2.900000000000000000e+01
1.939499999999999886e+02 6.926900000000000546e+02 2.900000000000000000e+01
1.123500000000000000e+03 1.338700000000000045e+03 2.900000000000000000e+01
8.919900000000000091e+02 1.335500000000000000e+03 2.900000000000000000e+01
4.026100000000000136e+02 1.129000000000000000e+03 2.900000000000000000e+01
3.530000000000000000e+02 1.236000000000000000e+03 2.900000000000000000e+01
1.028000000000000000e+03 1.357500000000000000e+03 2.900000000000000000e+01
7.691100000000000136e+02 1.440400000000000091e+03 2.900000000000000000e+01
8.345399999999999636e+02 1.472500000000000000e+03 2.900000000000000000e+01
2.665400000000000205e+02 1.285000000000000000e+03 2.900000000000000000e+01
1.119599999999999909e+03 1.279500000000000000e+03 2.900000000000000000e+01
4.594700000000000273e+02 1.227200000000000045e+03 2.900000000000000000e+01
3.655000000000000000e+02 8.494500000000000455e+02 2.900000000000000000e+01
1.514299999999999955e+03 8.159800000000000182e+02 2.900000000000000000e+01
9.500000000000000000e+02 1.360599999999999909e+03 3.000000000000000000e+01
8.181900000000000546e+02 4.260500000000000114e+02 3.000000000000000000e+01
1.197200000000000045e+03 1.098900000000000091e+03 2.900000000000000000e+01
6.036499999999999773e+02 1.903899999999999864e+02 2.900000000000000000e+01
6.518300000000000409e+02 1.351700000000000045e+03 2.900000000000000000e+01
9.158300000000000409e+02 1.221200000000000045e+03 2.900000000000000000e+01
3.765299999999999727e+02 1.566000000000000000e+03 3.000000000000000000e+01
4.614900000000000091e+02 1.168500000000000000e+03 2.900000000000000000e+01
1.994099999999999966e+02 9.517799999999999727e+02 2.900000000000000000e+01
6.720800000000000409e+02 6.144800000000000182e+02 2.900000000000000000e+01
1.267400000000000091e+03 1.238599999999999909e+03 2.900000000000000000e+01
1.140500000000000000e+03 1.210599999999999909e+03 2.900000000000000000e+01
6.539700000000000273e+02 1.247099999999999909e+03 2.900000000000000000e+01
8.496599999999999682e+02 7.449099999999999682e+02 2.900000000000000000e+01
1.820000000000000000e+02 1.458099999999999909e+03 3.000000000000000000e+01
1.459599999999999909e+03 1.368599999999999909e+03 2.900000000000000000e+01
4.966600000000000250e+02 1.462099999999999909e+03 2.900000000000000000e+01
3.006399999999999864e+02 4.275000000000000000e+02 2.900000000000000000e+01
1.195300000000000011e+02 1.359500000000000000e+03 3.000000000000000000e+01
3.009599999999999795e+02 1.109700000000000045e+03 2.900000000000000000e+01
3.826700000000000159e+02 1.185000000000000000e+03 2.900000000000000000e+01
1.419200000000000045e+03 9.773300000000000409e+02 2.900000000000000000e+01
4.199900000000000091e+02 3.685199999999999818e+02 2.900000000000000000e+01
5.652799999999999727e+02 1.327400000000000091e+03 3.000000000000000000e+01
1.279200000000000045e+03 1.179700000000000045e+03 2.900000000000000000e+01
4.795099999999999909e+02 1.523500000000000000e+03 3.000000000000000000e+01
1.397200000000000045e+03 1.355799999999999955e+03 2.900000000000000000e+01
9.790900000000000318e+02 1.049599999999999909e+03 2.900000000000000000e+01
8.770199999999999818e+02 1.024299999999999955e+03 2.900000000000000000e+01
2.757300000000000182e+02 1.526900000000000091e+03 3.000000000000000000e+01
8.172100000000000364e+02 2.790400000000000205e+02 2.900000000000000000e+01
3.616899999999999977e+02 1.013600000000000023e+03 2.900000000000000000e+01
9.907100000000000364e+02 1.405000000000000000e+03 3.000000000000000000e+01
6.050099999999999909e+02 9.182500000000000000e+02 2.900000000000000000e+01
7.395599999999999454e+02 1.118500000000000000e+03 2.900000000000000000e+01
5.622599999999999909e+02 3.057300000000000182e+02 2.900000000000000000e+01
8.884800000000000182e+02 9.010000000000000000e+02 2.900000000000000000e+01
1.016500000000000057e+02 8.022999999999999545e+02 2.900000000000000000e+01
1.322799999999999955e+03 1.279000000000000000e+03 2.900000000000000000e+01
5.338999999999999773e+02 1.075599999999999909e+03 2.900000000000000000e+01
1.291400000000000091e+03 1.510500000000000000e+03 3.000000000000000000e+01
2.523899999999999864e+02 1.075299999999999955e+03 2.900000000000000000e+01
3.074700000000000273e+02 8.666000000000000227e+02 2.900000000000000000e+01
9.816200000000000045e+02 1.200500000000000000e+03 2.900000000000000000e+01
7.769299999999999500e+02 1.072799999999999955e+03 2.900000000000000000e+01
5.365599999999999454e+02 1.506700000000000045e+03 2.900000000000000000e+01
1.111500000000000000e+03 1.440400000000000091e+03 2.900000000000000000e+01
5.943799999999999955e+02 1.245700000000000045e+03 2.900000000000000000e+01
4.354900000000000091e+02 1.565900000000000091e+03 3.000000000000000000e+01
7.922999999999999545e+02 4.808199999999999932e+02 2.900000000000000000e+01
1.069599999999999909e+03 1.313000000000000000e+03 2.900000000000000000e+01
1.239500000000000000e+03 1.481000000000000000e+03 2.900000000000000000e+01
1.042900000000000091e+03 8.944500000000000455e+02 2.900000000000000000e+01
5.591900000000000546e+02 1.020799999999999955e+03 2.900000000000000000e+01
8.392300000000000182e+02 1.565900000000000091e+03 3.000000000000000000e+01
7.278600000000000136e+02 1.482900000000000091e+03 2.900000000000000000e+01
1.165000000000000000e+03 2.576800000000000068e+02 2.900000000000000000e+01
5.402000000000000455e+02 1.160099999999999909e+03 2.900000000000000000e+01
1.060000000000000000e+03 1.410500000000000000e+03 2.900000000000000000e+01
1.472200000000000045e+03 1.004100000000000023e+03 2.900000000000000000e+01
5.404600000000000364e+02 1.271900000000000091e+03 2.900000000000000000e+01
1.214200000000000045e+03 1.033000000000000000e+03 2.900000000000000000e+01
1.014100000000000023e+03 9.894099999999999682e+02 2.900000000000000000e+01
1.302700000000000045e+03 3.728500000000000227e+02 2.900000000000000000e+01
1.513299999999999955e+03 7.569099999999999682e+02 2.900000000000000000e+01
6.025000000000000000e+02 1.159099999999999909e+03 2.900000000000000000e+01
8.839299999999999500e+02 9.645000000000000000e+02 2.900000000000000000e+01
7.494700000000000273e+02 8.542000000000000455e+02 2.900000000000000000e+01
1.744699999999999989e+02 3.059599999999999795e+02 2.900000000000000000e+01
3.441000000000000227e+02 1.069700000000000045e+03 2.900000000000000000e+01
1.380099999999999909e+03 4.536899999999999977e+02 2.900000000000000000e+01
9.428899999999999864e+02 9.552899999999999636e+02 2.900000000000000000e+01
5.669099999999999682e+02 5.778300000000000409e+02 2.900000000000000000e+01
4.744700000000000273e+02 1.285500000000000000e+03 2.900000000000000000e+01
3.121100000000000136e+02 4.970299999999999727e+02 2.900000000000000000e+01
7.461599999999999682e+02 2.748500000000000227e+02 2.900000000000000000e+01
7.131200000000000045e+02 7.017899999999999636e+02 2.900000000000000000e+01
7.792799999999999727e+02 3.250600000000000023e+02 2.900000000000000000e+01
1.009899999999999977e+03 1.300900000000000091e+03 2.900000000000000000e+01
1.038900000000000091e+03 1.044700000000000045e+03 2.900000000000000000e+01
7.372300000000000182e+02 9.442400000000000091e+02 2.900000000000000000e+01
1.750000000000000000e+02 1.523700000000000045e+03 3.000000000000000000e+01
1.351799999999999955e+03 1.565400000000000091e+03 2.900000000000000000e+01
1.299799999999999955e+03 2.641999999999999886e+02 2.900000000000000000e+01
6.891900000000000546e+02 8.506000000000000227e+02 2.900000000000000000e+01
7.265299999999999727e+02 7.635399999999999636e+02 2.900000000000000000e+01
1.161500000000000000e+03 1.407500000000000000e+03 2.900000000000000000e+01
8.579900000000000091e+02 4.844599999999999795e+02 2.900000000000000000e+01
8.965000000000000000e+02 1.084500000000000000e+03 2.900000000000000000e+01
3.053799999999999955e+02 1.330900000000000091e+03 2.900000000000000000e+01
1.172400000000000091e+03 1.306400000000000091e+03 2.900000000000000000e+01
3.270500000000000114e+02 1.163299999999999955e+03 2.900000000000000000e+01
9.334400000000000546e+02 6.910099999999999909e+02 2.900000000000000000e+01
1.117299999999999955e+03 7.329900000000000091e+02 2.900000000000000000e+01
1.134200000000000045e+03 1.108599999999999909e+03 2.900000000000000000e+01
6.824600000000000364e+02 9.655499999999999545e+02 2.900000000000000000e+01
1.519000000000000000e+03 1.261099999999999909e+03 2.900000000000000000e+01
1.945000000000000000e+02 8.483799999999999955e+02 2.900000000000000000e+01
9.077000000000000455e+02 1.468799999999999955e+03 3.000000000000000000e+01
3.975000000000000000e+02 2.495200000000000102e+02 2.900000000000000000e+01
1.031200000000000045e+03 4.290500000000000114e+02 2.900000000000000000e+01
6.810599999999999454e+02 1.025299999999999955e+03 2.900000000000000000e+01
5.372500000000000000e+02 3.589900000000000091e+02 2.900000000000000000e+01
1.023600000000000023e+03 5.672699999999999818e+02 2.900000000000000000e+01
1.145200000000000045e+03 3.135899999999999750e+02 2.900000000000000000e+01
1.336400000000000091e+03 1.032500000000000000e+03 2.900000000000000000e+01
9.968300000000000409e+02 9.314099999999999682e+02 2.900000000000000000e+01
1.205900000000000034e+02 9.629800000000000182e+02 2.900000000000000000e+01
9.886499999999999773e+02 7.184299999999999500e+02 2.900000000000000000e+01
2.551899999999999977e+02 8.383999999999999773e+02 2.900000000000000000e+01
4.910600000000000023e+02 2.954700000000000273e+02 2.900000000000000000e+01
3.635299999999999727e+02 1.348500000000000000e+03 2.900000000000000000e+01
5.772500000000000000e+02 2.428000000000000114e+02 2.900000000000000000e+01
7.834800000000000182e+02 1.177500000000000000e+03 2.900000000000000000e+01
7.432699999999999818e+02 1.354000000000000000e+03 2.900000000000000000e+01
1.508000000000000000e+03 3.537400000000000091e+02 2.900000000000000000e+01
1.233900000000000091e+03 6.875299999999999727e+02 2.900000000000000000e+01
1.439099999999999909e+03 1.313000000000000000e+03 2.900000000000000000e+01
1.515500000000000000e+03 9.620000000000000000e+02 2.900000000000000000e+01
2.360399999999999920e+02 1.482400000000000091e+03 3.000000000000000000e+01
1.033299999999999955e+03 6.785299999999999727e+02 2.900000000000000000e+01
4.174800000000000182e+02 1.926899999999999977e+02 3.000000000000000000e+01
7.843600000000000136e+02 1.503700000000000045e+03 3.000000000000000000e+01
1.162900000000000063e+02 1.419099999999999909e+03 2.900000000000000000e+01
1.084400000000000091e+03 1.230900000000000091e+03 2.900000000000000000e+01
1.206599999999999909e+03 4.985299999999999727e+02 2.900000000000000000e+01
1.327099999999999909e+03 1.337900000000000091e+03 2.900000000000000000e+01
8.588799999999999955e+02 1.130799999999999955e+03 2.900000000000000000e+01
1.259099999999999909e+03 7.930499999999999545e+02 2.900000000000000000e+01
1.178500000000000000e+03 9.840299999999999727e+02 2.900000000000000000e+01
2.940299999999999727e+02 1.033500000000000000e+03 2.900000000000000000e+01
1.290799999999999955e+03 1.450400000000000091e+03 2.900000000000000000e+01
8.727100000000000364e+02 1.518000000000000000e+03 2.900000000000000000e+01
1.380099999999999909e+03 1.202700000000000045e+03 3.000000000000000000e+01
6.851399999999999864e+02 1.143799999999999955e+03 2.900000000000000000e+01
4.460699999999999932e+02 1.088700000000000045e+03 2.900000000000000000e+01
9.315800000000000409e+02 1.523299999999999955e+03 3.000000000000000000e+01
2.369199999999999875e+02 1.010299999999999955e+03 2.900000000000000000e+01
5.884099999999999682e+02 1.535400000000000091e+03 3.000000000000000000e+01
3.150600000000000023e+02 6.885299999999999727e+02 2.900000000000000000e+01
1.030000000000000000e+03 1.517099999999999909e+03 2.900000000000000000e+01
1.343000000000000000e+03 7.360599999999999454e+02 2.900000000000000000e+01
6.707400000000000091e+02 9.073099999999999454e+02 2.900000000000000000e+01
2.054300000000000068e+02 3.573000000000000114e+02 2.900000000000000000e+01
5.195099999999999909e+02 6.648899999999999864e+02 2.900000000000000000e+01
8.077599999999999625e+01 1.965099999999999909e+02 3.000000000000000000e+01
3.381800000000000068e+02 9.181200000000000045e+02 2.900000000000000000e+01
9.477000000000000455e+02 8.965700000000000500e+02 2.900000000000000000e+01
1.850000000000000000e+02 5.934800000000000182e+02 2.900000000000000000e+01
1.315200000000000045e+03 1.396099999999999909e+03 2.900000000000000000e+01
6.904900000000000091e+02 1.084500000000000000e+03 2.900000000000000000e+01
6.872999999999999545e+02 1.303500000000000000e+03 2.900000000000000000e+01
2.348300000000000125e+02 3.061700000000000159e+02 2.900000000000000000e+01
5.613899999999999864e+02 9.619800000000000182e+02 2.900000000000000000e+01
4.179900000000000091e+02 1.036500000000000000e+03 2.900000000000000000e+01
1.310299999999999955e+03 1.129200000000000045e+03 2.900000000000000000e+01
6.230099999999999909e+02 1.298000000000000000e+03 3.000000000000000000e+01
1.955500000000000114e+02 1.053000000000000000e+03 3.000000000000000000e+01
1.471500000000000000e+03 7.091599999999999682e+02 2.900000000000000000e+01
3.154900000000000091e+02 3.685199999999999818e+02 2.900000000000000000e+01
1.138799999999999955e+03 8.921799999999999500e+02 2.900000000000000000e+01
2.166500000000000057e+02 4.279100000000000250e+02 2.900000000000000000e+01
5.206699999999999591e+02 1.216000000000000000e+03 2.900000000000000000e+01
7.767500000000000000e+02 3.846899999999999977e+02 2.900000000000000000e+01
1.308700000000000045e+03 6.034800000000000182e+02 2.900000000000000000e+01
4.998700000000000045e+02 1.363799999999999955e+03 2.900000000000000000e+01
1.311799999999999955e+03 4.399900000000000091e+02 2.900000000000000000e+01
8.212699999999999818e+02 5.310099999999999909e+02 2.900000000000000000e+01
7.237999999999999545e+02 6.433099999999999454e+02 2.900000000000000000e+01
3.775099999999999909e+02 1.291500000000000000e+03 2.900000000000000000e+01
7.211699999999999591e+02 1.254700000000000045e+03 2.900000000000000000e+01
3.164300000000000068e+02 7.485299999999999727e+02 2.900000000000000000e+01
1.293799999999999955e+03 1.073700000000000045e+03 2.900000000000000000e+01
2.085500000000000114e+02 1.957500000000000000e+02 2.900000000000000000e+01
1.205099999999999909e+03 3.858899999999999864e+02 2.900000000000000000e+01
1.015299999999999955e+03 1.098799999999999955e+03 2.900000000000000000e+01
9.116000000000000227e+02 3.783299999999999841e+02 2.900000000000000000e+01
7.410099999999999909e+02 1.875099999999999909e+02 2.900000000000000000e+01
1.084200000000000045e+03 1.006100000000000023e+03 2.900000000000000000e+01
2.379900000000000091e+02 8.954700000000000273e+02 2.900000000000000000e+01
2.577099999999999795e+02 6.610399999999999636e+02 2.900000000000000000e+01
8.405299999999999727e+02 1.879600000000000080e+02 2.900000000000000000e+01
3.683500000000000227e+02 3.960600000000000023e+02 2.900000000000000000e+01
1.477200000000000045e+03 1.425000000000000000e+03 2.900000000000000000e+01
1.024000000000000000e+03 1.458099999999999909e+03 2.900000000000000000e+01
1.226000000000000000e+03 8.427400000000000091e+02 2.900000000000000000e+01
3.513500000000000227e+02 1.434400000000000091e+03 2.900000000000000000e+01
1.355799999999999955e+03 3.992300000000000182e+02 2.900000000000000000e+01
8.122799999999999727e+02 8.328500000000000227e+02 2.900000000000000000e+01
5.719700000000000273e+02 7.602400000000000091e+02 2.900000000000000000e+01
2.465399999999999920e+02 1.135599999999999909e+03 2.900000000000000000e+01
4.120400000000000205e+02 4.694399999999999977e+02 2.900000000000000000e+01
8.700900000000000318e+02 8.438700000000000045e+02 2.900000000000000000e+01
4.845699999999999932e+02 1.042799999999999955e+03 2.900000000000000000e+01
1.174500000000000000e+03 5.840900000000000318e+02 2.900000000000000000e+01
9.003400000000000318e+02 1.849199999999999875e+02 2.900000000000000000e+01
8.779800000000000182e+02 4.266600000000000250e+02 2.900000000000000000e+01
8.285499999999999545e+02 9.910299999999999727e+02 2.900000000000000000e+01
1.227500000000000000e+03 1.149900000000000091e+03 2.900000000000000000e+01
8.330099999999999909e+02 9.304700000000000273e+02 2.900000000000000000e+01
1.070599999999999909e+03 7.688999999999999773e+02 2.900000000000000000e+01
9.005099999999999909e+02 1.395200000000000045e+03 2.900000000000000000e+01
5.717000000000000455e+02 6.364400000000000546e+02 2.900000000000000000e+01
6.820000000000000000e+02 4.240000000000000000e+02 2.900000000000000000e+01
1.450099999999999909e+03 7.638999999999999773e+02 2.900000000000000000e+01
4.261800000000000068e+02 7.639299999999999500e+02 2.900000000000000000e+01
1.404500000000000000e+03 5.070199999999999818e+02 2.900000000000000000e+01
9.096900000000000546e+02 7.449400000000000546e+02 2.900000000000000000e+01
5.957899999999999636e+02 1.477299999999999955e+03 2.900000000000000000e+01
6.440099999999999909e+02 2.325900000000000034e+02 2.900000000000000000e+01
1.518700000000000045e+03 1.370099999999999909e+03 2.900000000000000000e+01
1.074000000000000000e+03 1.091700000000000045e+03 2.900000000000000000e+01
2.605600000000000023e+02 6.020700000000000500e+02 2.900000000000000000e+01
9.708899999999999864e+02 8.321599999999999682e+02 2.900000000000000000e+01
1.159299999999999955e+03 1.053599999999999909e+03 2.900000000000000000e+01
1.151400000000000091e+03 1.850399999999999920e+02 2.900000000000000000e+01
1.422400000000000091e+03 4.115199999999999818e+02 2.900000000000000000e+01
6.307999999999999545e+02 8.639400000000000546e+02 2.900000000000000000e+01
6.221699999999999591e+02 9.764199999999999591e+02 2.900000000000000000e+01
8.222899999999999636e+02 1.415099999999999909e+03 2.900000000000000000e+01
1.237299999999999955e+03 2.739599999999999795e+02 2.900000000000000000e+01
5.216200000000000045e+02 7.252699999999999818e+02 2.900000000000000000e+01
9.675199999999999818e+02 3.569499999999999886e+02 2.900000000000000000e+01
8.671100000000000136e+02 3.390099999999999909e+02 2.900000000000000000e+01
7.731399999999999864e+02 6.765299999999999727e+02 2.900000000000000000e+01
5.373300000000000409e+02 1.566200000000000045e+03 3.000000000000000000e+01
1.125500000000000000e+03 1.558299999999999955e+03 2.900000000000000000e+01
1.147099999999999909e+03 6.373799999999999955e+02 2.900000000000000000e+01
5.936000000000000227e+02 1.069099999999999909e+03 2.900000000000000000e+01
6.395900000000000318e+02 1.566000000000000000e+03 2.900000000000000000e+01
9.115800000000000409e+02 1.281000000000000000e+03 2.900000000000000000e+01
1.086700000000000045e+03 4.659399999999999977e+02 2.900000000000000000e+01
9.585199999999999818e+02 5.154900000000000091e+02 2.900000000000000000e+01
1.237600000000000051e+02 5.988799999999999955e+02 2.900000000000000000e+01
1.317000000000000000e+03 7.906799999999999500e+02 2.900000000000000000e+01
1.119299999999999955e+03 9.566599999999999682e+02 2.900000000000000000e+01
4.483199999999999932e+02 5.820599999999999454e+02 2.900000000000000000e+01
3.980099999999999909e+02 1.397500000000000000e+03 3.000000000000000000e+01
3.160000000000000000e+02 8.073600000000000136e+02 2.900000000000000000e+01
1.206500000000000000e+03 6.349600000000000364e+02 2.900000000000000000e+01
3.278399999999999750e+02 1.941699999999999875e+02 2.900000000000000000e+01
4.315500000000000114e+02 5.254600000000000364e+02 2.900000000000000000e+01
3.299800000000000182e+02 6.312799999999999727e+02 2.900000000000000000e+01
3.698999999999999773e+02 5.115400000000000205e+02 2.900000000000000000e+01
1.365699999999999932e+02 1.054299999999999955e+03 2.900000000000000000e+01
1.365799999999999955e+03 3.414599999999999795e+02 2.900000000000000000e+01
1.166099999999999909e+03 1.466099999999999909e+03 3.000000000000000000e+01
4.115299999999999727e+02 9.767799999999999727e+02 2.900000000000000000e+01
3.118000000000000114e+02 1.389599999999999909e+03 3.000000000000000000e+01
7.033799999999999955e+02 2.341200000000000045e+02 2.900000000000000000e+01
7.354199999999999591e+02 5.845700000000000500e+02 2.900000000000000000e+01
3.747900000000000205e+02 7.903300000000000409e+02 3.000000000000000000e+01
1.198900000000000006e+02 4.799300000000000068e+02 2.900000000000000000e+01
7.491399999999999864e+02 4.371800000000000068e+02 2.900000000000000000e+01
9.215000000000000000e+02 4.685199999999999818e+02 2.900000000000000000e+01
1.059000000000000000e+03 5.181900000000000546e+02 2.900000000000000000e+01
1.177700000000000045e+03 8.086000000000000227e+02 2.900000000000000000e+01
8.310099999999999909e+02 6.884400000000000546e+02 2.900000000000000000e+01
3.138500000000000227e+02 9.772999999999999545e+02 2.900000000000000000e+01
4.070600000000000023e+02 6.249700000000000273e+02 2.900000000000000000e+01
9.677599999999999909e+02 1.258599999999999909e+03 2.900000000000000000e+01
1.426099999999999909e+03 6.234900000000000091e+02 2.900000000000000000e+01
1.258500000000000000e+03 4.125400000000000205e+02 2.900000000000000000e+01
4.579700000000000273e+02 2.475099999999999909e+02 2.900000000000000000e+01
4.778999999999999773e+02 3.533500000000000227e+02 2.900000000000000000e+01
6.309700000000000273e+02 6.736799999999999500e+02 2.900000000000000000e+01
6.376699999999999591e+02 7.705399999999999636e+02 2.900000000000000000e+01
1.042000000000000000e+03 1.190500000000000000e+03 2.900000000000000000e+01
3.731999999999999886e+02 1.506500000000000000e+03 2.900000000000000000e+01
1.056400000000000091e+03 3.555400000000000205e+02 2.900000000000000000e+01
7.835399999999999636e+02 2.287800000000000011e+02 3.000000000000000000e+01
9.132999999999999545e+02 8.023600000000000136e+02 2.900000000000000000e+01
6.859400000000000546e+02 1.524799999999999955e+03 2.900000000000000000e+01
2.378000000000000114e+02 2.475399999999999920e+02 2.900000000000000000e+01
9.661200000000000045e+02 7.738300000000000409e+02 2.900000000000000000e+01
1.364900000000000091e+03 8.276799999999999500e+02 2.900000000000000000e+01
3.730000000000000000e+02 6.725599999999999454e+02 2.900000000000000000e+01
5.298700000000000045e+02 8.272100000000000364e+02 2.900000000000000000e+01
4.061000000000000227e+02 1.457099999999999909e+03 2.900000000000000000e+01
1.100400000000000063e+02 4.216299999999999955e+02 2.900000000000000000e+01
9.535000000000000000e+02 1.104099999999999909e+03 2.900000000000000000e+01
1.265799999999999955e+03 1.297900000000000091e+03 2.900000000000000000e+01
6.776299999999999955e+02 2.861399999999999864e+02 2.900000000000000000e+01
4.715799999999999841e+02 8.567100000000000364e+02 2.900000000000000000e+01
1.776500000000000057e+02 2.459799999999999898e+02 2.900000000000000000e+01
9.188700000000000045e+02 5.599199999999999591e+02 2.900000000000000000e+01
1.215500000000000000e+03 1.382500000000000000e+03 2.900000000000000000e+01
1.089700000000000045e+03 8.579800000000000182e+02 2.900000000000000000e+01
5.145299999999999727e+02 6.046499999999999773e+02 2.900000000000000000e+01
1.086500000000000000e+03 4.061999999999999886e+02 2.900000000000000000e+01
1.470200000000000045e+03 4.938899999999999864e+02 2.900000000000000000e+01
1.322400000000000091e+03 8.679900000000000091e+02 2.900000000000000000e+01
3.298299999999999841e+02 5.711000000000000227e+02 2.900000000000000000e+01
6.468600000000000136e+02 3.375500000000000114e+02 2.900000000000000000e+01
1.353700000000000045e+03 5.501100000000000136e+02 2.900000000000000000e+01
2.636499999999999773e+02 7.793899999999999864e+02 2.900000000000000000e+01
1.266000000000000000e+03 9.464600000000000364e+02 2.900000000000000000e+01
1.411599999999999909e+03 7.180499999999999545e+02 2.900000000000000000e+01
1.318599999999999909e+03 9.757200000000000273e+02 2.900000000000000000e+01
1.411700000000000045e+03 5.664800000000000182e+02 2.900000000000000000e+01
1.103200000000000045e+03 2.703899999999999864e+02 2.900000000000000000e+01
1.415299999999999955e+03 3.116600000000000250e+02 2.900000000000000000e+01
6.305599999999999454e+02 3.947300000000000182e+02 2.900000000000000000e+01
2.168899999999999864e+02 1.251400000000000091e+03 2.900000000000000000e+01
1.184000000000000000e+03 1.565799999999999955e+03 3.000000000000000000e+01
1.166299999999999955e+02 1.259099999999999909e+03 2.900000000000000000e+01
1.384000000000000000e+03 6.657200000000000273e+02 2.900000000000000000e+01
6.274400000000000546e+02 5.745000000000000000e+02 2.900000000000000000e+01
1.324000000000000000e+03 1.220000000000000000e+03 2.900000000000000000e+01
1.389000000000000000e+03 7.727500000000000000e+02 2.900000000000000000e+01
4.774100000000000250e+02 1.914000000000000057e+02 2.900000000000000000e+01
1.069500000000000000e+03 6.050000000000000000e+02 2.900000000000000000e+01
3.183600000000000136e+02 1.483700000000000045e+03 2.900000000000000000e+01
1.214299999999999955e+03 1.265099999999999909e+03 2.900000000000000000e+01
1.334400000000000091e+03 4.938700000000000045e+02 2.900000000000000000e+01
3.237699999999999818e+02 3.121499999999999773e+02 2.900000000000000000e+01
1.060299999999999955e+03 9.518200000000000500e+02 2.900000000000000000e+01
1.258599999999999909e+03 1.799199999999999875e+02 2.900000000000000000e+01
1.444900000000000091e+02 1.970999999999999943e+02 2.900000000000000000e+01
5.349099999999999682e+02 5.289800000000000182e+02 2.900000000000000000e+01
2.238100000000000023e+02 5.168600000000000136e+02 2.900000000000000000e+01
5.435900000000000318e+02 1.899900000000000091e+02 2.900000000000000000e+01
5.734800000000000182e+02 6.959199999999999591e+02 2.900000000000000000e+01
3.732500000000000000e+02 7.315399999999999636e+02 2.900000000000000000e+01
3.973199999999999932e+02 9.197000000000000455e+02 2.900000000000000000e+01
6.370099999999999909e+02 1.111500000000000000e+03 2.900000000000000000e+01
5.168200000000000500e+02 4.148700000000000045e+02 2.900000000000000000e+01
7.843899999999999864e+02 6.182999999999999545e+02 2.900000000000000000e+01
6.677200000000000273e+02 1.469400000000000091e+03 3.000000000000000000e+01
5.110299999999999727e+02 4.746000000000000227e+02 2.900000000000000000e+01
1.212400000000000091e+03 2.212299999999999898e+02 2.900000000000000000e+01
4.236200000000000045e+02 8.218300000000000409e+02 2.900000000000000000e+01
1.274299999999999955e+03 1.018799999999999955e+03 2.900000000000000000e+01
1.092200000000000045e+03 6.602400000000000091e+02 2.900000000000000000e+01
1.460400000000000091e+03 1.255700000000000045e+03 2.900000000000000000e+01
2.123799999999999955e+02 7.497100000000000364e+02 2.900000000000000000e+01
2.583799999999999955e+02 9.556699999999999591e+02 2.900000000000000000e+01
8.722400000000000091e+02 2.389600000000000080e+02 2.900000000000000000e+01
2.583700000000000045e+02 3.851299999999999955e+02 2.900000000000000000e+01
1.369500000000000000e+03 6.079600000000000364e+02 2.900000000000000000e+01
4.789200000000000159e+02 7.970700000000000500e+02 3.000000000000000000e+01
2.676100000000000136e+02 1.950600000000000023e+02 2.900000000000000000e+01
1.213200000000000045e+03 3.277200000000000273e+02 2.900000000000000000e+01
1.258700000000000045e+03 4.725299999999999727e+02 2.900000000000000000e+01
9.164700000000000273e+02 2.794700000000000273e+02 2.900000000000000000e+01
3.540899999999999750e+02 4.538999999999999773e+02 2.900000000000000000e+01
1.399200000000000045e+03 1.446599999999999909e+03 2.900000000000000000e+01
9.800399999999999636e+02 4.582699999999999818e+02 2.900000000000000000e+01
1.147599999999999909e+03 4.876600000000000250e+02 2.900000000000000000e+01
1.286299999999999955e+03 7.185499999999999545e+02 2.900000000000000000e+01
1.639699999999999989e+02 4.023500000000000227e+02 2.900000000000000000e+01
1.037000000000000000e+03 2.573100000000000023e+02 2.900000000000000000e+01
1.143900000000000006e+02 3.194100000000000250e+02 2.900000000000000000e+01
1.426599999999999909e+03 1.772299999999999898e+02 2.900000000000000000e+01
2.773199999999999932e+02 5.448200000000000500e+02 2.900000000000000000e+01
3.385699999999999932e+02 2.513499999999999943e+02 2.900000000000000000e+01
1.381299999999999955e+03 1.296500000000000000e+03 2.900000000000000000e+01
6.933899999999999864e+02 1.202900000000000091e+03 2.900000000000000000e+01
1.286700000000000045e+03 6.580900000000000318e+02 2.900000000000000000e+01
1.167400000000000091e+03 1.158500000000000000e+03 2.900000000000000000e+01
1.207299999999999955e+03 8.984400000000000546e+02 2.900000000000000000e+01
3.904800000000000182e+02 5.675399999999999636e+02 2.900000000000000000e+01
5.093399999999999750e+02 9.889400000000000546e+02 2.900000000000000000e+01
1.281299999999999955e+02 5.397899999999999636e+02 2.900000000000000000e+01
1.663499999999999943e+02 1.001399999999999977e+03 2.900000000000000000e+01
6.832200000000000273e+02 5.560199999999999818e+02 2.900000000000000000e+01
1.276700000000000045e+03 3.189700000000000273e+02 2.900000000000000000e+01
2.588899999999999864e+02 4.713899999999999864e+02 2.900000000000000000e+01
1.354099999999999909e+03 1.089900000000000091e+03 2.900000000000000000e+01
7.729500000000000455e+02 1.013299999999999955e+03 2.900000000000000000e+01
4.688299999999999841e+02 6.986200000000000045e+02 2.900000000000000000e+01
2.649300000000000068e+02 7.193700000000000045e+02 2.900000000000000000e+01
1.272500000000000000e+03 1.354500000000000000e+03 3.000000000000000000e+01
2.100300000000000011e+02 1.310099999999999909e+03 2.900000000000000000e+01
4.641999999999999886e+02 6.385399999999999636e+02 2.900000000000000000e+01
5.735700000000000500e+02 4.352799999999999727e+02 2.900000000000000000e+01
4.634900000000000091e+02 9.504400000000000546e+02 2.900000000000000000e+01
1.264900000000000091e+03 8.869800000000000182e+02 2.900000000000000000e+01
1.047000000000000000e+03 1.830399999999999920e+02 2.900000000000000000e+01
1.220799999999999983e+02 6.949700000000000273e+02 3.000000000000000000e+01
1.379799999999999955e+03 2.130600000000000023e+02 2.900000000000000000e+01
6.197200000000000273e+02 2.856299999999999955e+02 2.900000000000000000e+01
5.795599999999999454e+02 1.417599999999999909e+03 2.900000000000000000e+01
6.383200000000000500e+02 5.149500000000000455e+02 2.900000000000000000e+01
1.186299999999999955e+03 4.420400000000000205e+02 2.900000000000000000e+01
1.116900000000000091e+03 1.500200000000000045e+03 2.900000000000000000e+01
5.717899999999999636e+02 8.682200000000000273e+02 2.900000000000000000e+01
1.410299999999999955e+03 1.108299999999999955e+03 2.900000000000000000e+01
9.781200000000000045e+02 6.533600000000000136e+02 2.900000000000000000e+01
1.594199999999999875e+02 6.471100000000000136e+02 2.900000000000000000e+01
8.779299999999999500e+02 6.534400000000000546e+02 2.900000000000000000e+01
7.375300000000000011e+01 1.177700000000000045e+03 2.000000000000000000e+01
1.376099999999999909e+03 1.401099999999999909e+03 2.000000000000000000e+01
3.533399999999999750e+02 1.119099999999999909e+03 2.000000000000000000e+01
6.197599999999999909e+02 1.025200000000000045e+03 2.000000000000000000e+01
1.008200000000000045e+03 5.177400000000000091e+02 2.000000000000000000e+01
1.522000000000000000e+03 6.649299999999999500e+02 2.100000000000000000e+01
1.432799999999999955e+03 1.196799999999999955e+03 2.000000000000000000e+01
6.992400000000000659e+01 1.106500000000000000e+03 2.000000000000000000e+01
1.106500000000000000e+03 1.052000000000000000e+03 2.000000000000000000e+01
1.525900000000000091e+03 1.053500000000000000e+03 2.000000000000000000e+01
8.410000000000000000e+02 1.329900000000000091e+03 2.000000000000000000e+01
7.382000000000000455e+02 1.302900000000000091e+03 2.000000000000000000e+01
5.680700000000000500e+02 1.116799999999999955e+03 2.000000000000000000e+01
1.261200000000000045e+03 1.113299999999999955e+03 2.000000000000000000e+01
2.501999999999999886e+02 1.377400000000000091e+03 2.100000000000000000e+01
2.802099999999999795e+02 2.827799999999999727e+02 2.000000000000000000e+01
7.582100000000000364e+02 7.247799999999999727e+02 2.000000000000000000e+01
1.221500000000000000e+03 1.322500000000000000e+03 2.100000000000000000e+01
1.327500000000000000e+03 6.874299999999999500e+02 2.000000000000000000e+01
1.176299999999999955e+03 8.582200000000000273e+02 2.000000000000000000e+01
1.211700000000000045e+03 7.724700000000000273e+02 2.000000000000000000e+01
7.144899999999999807e+01 9.445299999999999727e+02 2.100000000000000000e+01
8.906699999999999591e+02 1.573000000000000000e+03 2.100000000000000000e+01
6.888799999999999955e+02 5.048399999999999750e+02 2.000000000000000000e+01
4.435199999999999818e+02 8.994900000000000091e+02 2.100000000000000000e+01
9.398200000000000500e+02 4.209100000000000250e+02 2.000000000000000000e+01
9.229400000000000546e+02 3.300600000000000023e+02 1.900000000000000000e+01
9.118899999999999864e+02 1.133799999999999955e+03 2.000000000000000000e+01
7.898099999999999454e+02 1.125900000000000091e+03 2.000000000000000000e+01
1.263400000000000034e+02 1.308599999999999909e+03 2.000000000000000000e+01
4.552799999999999727e+02 4.424900000000000091e+02 2.000000000000000000e+01
6.848899999999999864e+02 3.736700000000000159e+02 2.000000000000000000e+01
7.085699999999999932e+01 8.422100000000000364e+02 2.000000000000000000e+01
2.696700000000000159e+02 1.180900000000000091e+03 2.000000000000000000e+01
1.095900000000000091e+03 1.180500000000000000e+03 2.000000000000000000e+01
5.325800000000000409e+02 2.670000000000000000e+02 2.000000000000000000e+01
7.683899999999999864e+02 8.061900000000000546e+02 2.100000000000000000e+01
8.214299999999999500e+02 1.097500000000000000e+03 2.000000000000000000e+01
7.398399999999999466e+01 1.575200000000000045e+03 2.000000000000000000e+01
1.104300000000000068e+02 3.704100000000000250e+02 2.100000000000000000e+01
9.644299999999999500e+02 1.001000000000000000e+03 2.000000000000000000e+01
1.459599999999999909e+03 5.804900000000000091e+02 2.000000000000000000e+01
7.174899999999999523e+01 3.468299999999999841e+02 2.000000000000000000e+01
1.171500000000000000e+03 7.580499999999999545e+02 2.000000000000000000e+01
1.526299999999999955e+03 1.125099999999999909e+03 2.000000000000000000e+01
1.083199999999999932e+02 1.514000000000000000e+03 2.100000000000000000e+01
3.615199999999999818e+02 3.443600000000000136e+02 2.100000000000000000e+01
8.014199999999999591e+02 7.296100000000000136e+02 2.000000000000000000e+01
1.527700000000000045e+03 1.465000000000000000e+03 2.000000000000000000e+01
1.666800000000000068e+02 1.408599999999999909e+03 2.000000000000000000e+01
2.894700000000000273e+02 2.419300000000000068e+02 2.000000000000000000e+01
6.916500000000000625e+01 1.279799999999999955e+03 2.100000000000000000e+01
9.908700000000000045e+02 6.031299999999999955e+02 2.000000000000000000e+01
1.026700000000000045e+03 4.786000000000000227e+02 2.000000000000000000e+01
1.025500000000000000e+03 8.474700000000000273e+02 2.000000000000000000e+01
5.964299999999999500e+02 3.454100000000000250e+02 2.000000000000000000e+01
8.871800000000000352e+01 1.068200000000000045e+03 2.000000000000000000e+01
8.807599999999999909e+02 7.030700000000000500e+02 2.000000000000000000e+01
8.544199999999999591e+02 1.374000000000000000e+03 2.000000000000000000e+01
1.389400000000000091e+03 1.053500000000000000e+03 2.000000000000000000e+01
7.185200000000000387e+01 6.721599999999999682e+02 2.100000000000000000e+01
2.084399999999999977e+02 1.101700000000000045e+03 2.000000000000000000e+01
8.694099999999999682e+02 1.251599999999999909e+03 2.000000000000000000e+01
1.154800000000000040e+02 1.100500000000000000e+03 2.100000000000000000e+01
7.107399999999999807e+01 7.605800000000000409e+02 2.000000000000000000e+01
7.234900000000000091e+02 3.934499999999999886e+02 2.000000000000000000e+01
6.210800000000000409e+02 6.243600000000000136e+02 2.000000000000000000e+01
9.023799999999999955e+02 6.084400000000000546e+02 2.000000000000000000e+01
1.265599999999999909e+03 5.737500000000000000e+02 2.000000000000000000e+01
6.842799999999999727e+01 1.443000000000000000e+03 2.000000000000000000e+01
1.112000000000000000e+03 1.389099999999999909e+03 2.000000000000000000e+01
1.504099999999999909e+03 5.828500000000000227e+02 2.100000000000000000e+01
7.788799999999999955e+02 1.390400000000000091e+03 2.000000000000000000e+01
1.160599999999999909e+03 3.619399999999999977e+02 2.000000000000000000e+01
8.128400000000000318e+02 1.364799999999999955e+03 2.100000000000000000e+01
9.684700000000000273e+02 2.583399999999999750e+02 2.100000000000000000e+01
7.451500000000000057e+01 7.155299999999999727e+02 2.100000000000000000e+01
7.779600000000000364e+02 7.645499999999999545e+02 2.000000000000000000e+01
1.006800000000000068e+02 1.210799999999999955e+03 2.000000000000000000e+01
2.650299999999999727e+02 1.233200000000000045e+03 2.000000000000000000e+01
9.301599999999999682e+02 1.171700000000000045e+03 2.000000000000000000e+01
1.228299999999999955e+03 1.431799999999999955e+03 2.100000000000000000e+01
6.842999999999999545e+02 7.920199999999999818e+02 2.000000000000000000e+01
7.364500000000000455e+02 3.527799999999999727e+02 2.000000000000000000e+01
7.092600000000000193e+01 4.969200000000000159e+02 2.100000000000000000e+01
6.994700000000000273e+02 3.335000000000000000e+02 2.000000000000000000e+01
1.091700000000000045e+03 9.116799999999999500e+02 2.000000000000000000e+01
1.521200000000000045e+03 6.220499999999999545e+02 2.000000000000000000e+01
1.633000000000000114e+02 1.330599999999999909e+03 2.000000000000000000e+01
3.021399999999999864e+02 1.207599999999999909e+03 2.100000000000000000e+01
1.633199999999999932e+02 7.339800000000000182e+02 2.100000000000000000e+01
7.434600000000000364e+02 4.925400000000000205e+02 2.000000000000000000e+01
7.128499999999999659e+01 4.548199999999999932e+02 2.000000000000000000e+01
6.995600000000000307e+01 1.029799999999999955e+03 2.000000000000000000e+01
3.041100000000000136e+02 1.249400000000000091e+03 2.000000000000000000e+01
9.551599999999999682e+02 1.309200000000000045e+03 2.100000000000000000e+01
1.078599999999999909e+03 1.363200000000000045e+03 2.000000000000000000e+01
6.779999999999999716e+01 1.491299999999999955e+03 2.100000000000000000e+01
1.024700000000000045e+03 6.289800000000000182e+02 2.000000000000000000e+01
1.527599999999999909e+03 1.421599999999999909e+03 2.100000000000000000e+01
4.006100000000000136e+02 3.223100000000000023e+02 2.000000000000000000e+01
9.223500000000000227e+02 8.519199999999999591e+02 1.900000000000000000e+01
1.441299999999999955e+03 1.065400000000000091e+03 2.000000000000000000e+01
2.194300000000000068e+02 8.037300000000000182e+02 2.000000000000000000e+01
9.390599999999999454e+02 1.428099999999999909e+03 2.100000000000000000e+01
9.937300000000000182e+02 1.574400000000000091e+03 2.100000000000000000e+01
1.012500000000000000e+03 3.804399999999999977e+02 2.000000000000000000e+01
5.109100000000000250e+02 2.303199999999999932e+02 2.000000000000000000e+01
5.604400000000000546e+02 4.850799999999999841e+02 2.000000000000000000e+01
1.389099999999999909e+03 9.309800000000000182e+02 2.000000000000000000e+01
1.038000000000000000e+03 7.292899999999999636e+02 2.000000000000000000e+01
7.094199999999999307e+01 9.877500000000000000e+02 2.100000000000000000e+01
4.881100000000000136e+02 9.048600000000000136e+02 2.000000000000000000e+01
2.065500000000000114e+02 1.170099999999999909e+03 2.000000000000000000e+01
1.463700000000000045e+03 8.121799999999999500e+02 2.000000000000000000e+01
1.822400000000000091e+02 1.135900000000000091e+03 2.000000000000000000e+01
8.217699999999999818e+02 5.833600000000000136e+02 2.000000000000000000e+01
4.257900000000000205e+02 1.308099999999999909e+03 2.000000000000000000e+01
8.359400000000000546e+02 8.800299999999999727e+02 2.100000000000000000e+01
4.669800000000000182e+02 4.030500000000000114e+02 2.000000000000000000e+01
7.930499999999999545e+02 8.798999999999999773e+02 2.000000000000000000e+01
1.301500000000000000e+03 1.572599999999999909e+03 2.100000000000000000e+01
1.169099999999999909e+03 5.335099999999999909e+02 2.000000000000000000e+01
6.510900000000000318e+02 8.183400000000000318e+02 2.000000000000000000e+01
7.828899999999999864e+02 5.667799999999999727e+02 2.000000000000000000e+01
1.056400000000000091e+03 3.033999999999999773e+02 2.000000000000000000e+01
7.697400000000000091e+02 1.272099999999999909e+03 2.000000000000000000e+01
1.520299999999999955e+03 3.044900000000000091e+02 2.100000000000000000e+01
4.266600000000000250e+02 1.266599999999999909e+03 2.100000000000000000e+01
8.362100000000000364e+02 6.239700000000000273e+02 2.000000000000000000e+01
1.091000000000000000e+03 5.582100000000000364e+02 2.000000000000000000e+01
9.729299999999999500e+02 1.451799999999999955e+03 2.000000000000000000e+01
3.274800000000000182e+02 1.284700000000000045e+03 2.000000000000000000e+01
6.397000000000000455e+02 1.195000000000000000e+03 2.100000000000000000e+01
4.590799999999999841e+02 1.334000000000000000e+03 2.100000000000000000e+01
1.118099999999999909e+03 2.224799999999999898e+02 2.000000000000000000e+01
2.594700000000000273e+02 1.574400000000000091e+03 2.100000000000000000e+01
4.872300000000000182e+02 1.574900000000000091e+03 2.100000000000000000e+01
1.472500000000000000e+03 1.572000000000000000e+03 2.100000000000000000e+01
1.013500000000000000e+03 8.065099999999999909e+02 2.000000000000000000e+01
3.707500000000000000e+02 2.927799999999999727e+02 2.000000000000000000e+01
6.871500000000000341e+01 1.237200000000000045e+03 2.000000000000000000e+01
8.187100000000000364e+02 3.554599999999999795e+02 2.000000000000000000e+01
1.479000000000000000e+03 6.594500000000000455e+02 2.000000000000000000e+01
8.995700000000000500e+02 5.139400000000000546e+02 2.000000000000000000e+01
1.525299999999999955e+03 1.012200000000000045e+03 2.000000000000000000e+01
1.346500000000000000e+03 9.354500000000000455e+02 2.000000000000000000e+01
1.634399999999999977e+02 1.288099999999999909e+03 2.000000000000000000e+01
9.591899999999999693e+01 1.140000000000000000e+03 2.100000000000000000e+01
7.294599999999999795e+01 8.847300000000000182e+02 2.100000000000000000e+01
1.476500000000000000e+03 1.207500000000000000e+03 2.100000000000000000e+01
9.953500000000000227e+02 8.773099999999999454e+02 2.000000000000000000e+01
4.081399999999999864e+02 1.228799999999999955e+03 2.000000000000000000e+01
7.338899999999999864e+02 1.169099999999999909e+03 2.100000000000000000e+01
1.105500000000000000e+03 8.095399999999999636e+02 2.000000000000000000e+01
4.238100000000000023e+02 1.515799999999999955e+03 2.100000000000000000e+01
5.198999999999999773e+02 8.765800000000000409e+02 2.000000000000000000e+01
1.518900000000000091e+03 4.044900000000000091e+02 2.000000000000000000e+01
1.621299999999999955e+02 1.098000000000000000e+03 2.000000000000000000e+01
9.732100000000000364e+02 5.640700000000000500e+02 2.000000000000000000e+01
1.136200000000000045e+03 6.869500000000000455e+02 2.000000000000000000e+01
1.351399999999999864e+02 2.736000000000000227e+02 2.000000000000000000e+01
9.930800000000000409e+02 1.753400000000000034e+02 2.000000000000000000e+01
1.521599999999999909e+03 7.064700000000000273e+02 2.000000000000000000e+01
4.122500000000000000e+02 8.713500000000000227e+02 2.000000000000000000e+01
9.484299999999999500e+02 6.025399999999999636e+02 2.000000000000000000e+01
1.136799999999999955e+03 8.386200000000000045e+02 1.900000000000000000e+01
8.186900000000000546e+02 1.215099999999999909e+03 2.000000000000000000e+01
6.608799999999999955e+02 7.227699999999999818e+02 2.100000000000000000e+01
5.805000000000000000e+02 3.854300000000000068e+02 2.000000000000000000e+01
4.456999999999999886e+02 1.423500000000000000e+03 2.100000000000000000e+01
1.195300000000000011e+02 8.498700000000000045e+02 2.000000000000000000e+01
1.377799999999999955e+03 1.492000000000000000e+03 2.000000000000000000e+01
2.139699999999999989e+02 6.354299999999999500e+02 2.000000000000000000e+01
1.398900000000000091e+03 2.603899999999999864e+02 2.000000000000000000e+01
1.546299999999999955e+02 3.515000000000000000e+02 2.000000000000000000e+01
1.097900000000000091e+03 1.757500000000000000e+02 2.100000000000000000e+01
8.495800000000000409e+02 3.867699999999999818e+02 2.000000000000000000e+01
1.615000000000000000e+02 4.509900000000000091e+02 2.100000000000000000e+01
1.136500000000000000e+03 3.964100000000000250e+02 2.000000000000000000e+01
7.289800000000000182e+02 5.324299999999999500e+02 2.000000000000000000e+01
1.249599999999999909e+03 5.333099999999999454e+02 2.000000000000000000e+01
1.437100000000000080e+02 1.211000000000000000e+03 2.000000000000000000e+01
1.446599999999999909e+03 1.145000000000000000e+03 2.000000000000000000e+01
1.017600000000000023e+03 1.237000000000000000e+03 2.000000000000000000e+01
1.420799999999999955e+03 1.400200000000000045e+03 2.000000000000000000e+01
7.807500000000000000e+02 1.232099999999999909e+03 2.000000000000000000e+01
7.469100000000000250e+01 5.813899999999999864e+02 2.000000000000000000e+01
1.366900000000000091e+03 9.727100000000000364e+02 2.000000000000000000e+01
8.694500000000000455e+02 1.435000000000000000e+03 2.000000000000000000e+01
1.016000000000000000e+03 7.647400000000000091e+02 2.000000000000000000e+01
1.114200000000000045e+03 3.591800000000000068e+02 2.100000000000000000e+01
1.436000000000000000e+03 6.731100000000000136e+02 2.000000000000000000e+01
6.025099999999999909e+02 4.805699999999999932e+02 2.000000000000000000e+01
1.056500000000000000e+03 8.180299999999999727e+02 2.000000000000000000e+01
1.134799999999999955e+03 1.009100000000000023e+03 2.000000000000000000e+01
1.335200000000000045e+03 6.457999999999999545e+02 2.000000000000000000e+01
1.382700000000000045e+03 1.011700000000000045e+03 1.900000000000000000e+01
5.244900000000000091e+02 7.765700000000000500e+02 2.000000000000000000e+01
1.514299999999999955e+03 4.459900000000000091e+02 2.000000000000000000e+01
1.367099999999999909e+03 1.138799999999999955e+03 2.000000000000000000e+01
8.359500000000000455e+02 1.176099999999999909e+03 2.000000000000000000e+01
9.603600000000000136e+02 3.066399999999999864e+02 2.000000000000000000e+01
1.356200000000000045e+02 8.883999999999999773e+02 2.000000000000000000e+01
1.411099999999999909e+03 1.242200000000000045e+03 2.000000000000000000e+01
7.303200000000000500e+02 1.042400000000000091e+03 2.100000000000000000e+01
4.840500000000000114e+02 5.187500000000000000e+02 2.000000000000000000e+01
1.519900000000000091e+03 4.876700000000000159e+02 2.100000000000000000e+01
1.529000000000000000e+03 1.571200000000000045e+03 2.100000000000000000e+01
8.410999999999999943e+01 1.319000000000000000e+03 2.100000000000000000e+01
4.496100000000000136e+02 1.482900000000000091e+03 2.100000000000000000e+01
7.263300000000000409e+02 9.935399999999999636e+02 2.000000000000000000e+01
1.556599999999999966e+02 9.258600000000000136e+02 2.000000000000000000e+01
1.415699999999999932e+02 7.701399999999999864e+02 2.000000000000000000e+01
6.805400000000000205e+01 1.358299999999999955e+03 2.000000000000000000e+01
1.328099999999999909e+03 3.069300000000000068e+02 1.900000000000000000e+01
1.242000000000000000e+03 1.074900000000000091e+03 2.100000000000000000e+01
1.163500000000000000e+03 1.255400000000000091e+03 2.000000000000000000e+01
8.708400000000000318e+02 5.455299999999999727e+02 2.000000000000000000e+01
1.132099999999999909e+03 4.385699999999999932e+02 2.000000000000000000e+01
5.478500000000000227e+02 1.456200000000000045e+03 2.000000000000000000e+01
4.202400000000000091e+02 7.122100000000000364e+02 2.000000000000000000e+01
1.225799999999999955e+03 5.882000000000000455e+02 2.000000000000000000e+01
2.170200000000000102e+02 1.574500000000000000e+03 2.000000000000000000e+01
1.799199999999999875e+02 5.437400000000000091e+02 2.000000000000000000e+01
1.243799999999999955e+03 7.440800000000000409e+02 2.000000000000000000e+01
5.854900000000000091e+02 5.206100000000000136e+02 2.100000000000000000e+01
2.750299999999999727e+02 3.375600000000000023e+02 2.000000000000000000e+01
1.205099999999999909e+03 7.296799999999999500e+02 2.000000000000000000e+01
1.664199999999999875e+02 1.245799999999999955e+03 2.000000000000000000e+01
4.513100000000000023e+02 1.381099999999999909e+03 2.100000000000000000e+01
6.810399999999999920e+01 1.400299999999999955e+03 2.100000000000000000e+01
1.011299999999999955e+03 3.311100000000000136e+02 2.000000000000000000e+01
7.444900000000000091e+02 1.210000000000000000e+03 2.000000000000000000e+01
2.541999999999999886e+02 1.335000000000000000e+03 2.100000000000000000e+01
6.442100000000000364e+02 1.060000000000000000e+03 2.000000000000000000e+01
1.880500000000000114e+02 1.209000000000000000e+03 2.100000000000000000e+01
1.348900000000000091e+03 2.529499999999999886e+02 2.100000000000000000e+01
1.090799999999999983e+02 1.012500000000000000e+03 2.000000000000000000e+01
1.528099999999999909e+03 1.507700000000000045e+03 2.100000000000000000e+01
9.230299999999999727e+02 1.001399999999999977e+03 2.000000000000000000e+01
1.263700000000000045e+03 1.407299999999999955e+03 2.000000000000000000e+01
6.163600000000000136e+02 7.221699999999999591e+02 2.000000000000000000e+01
2.336899999999999977e+02 1.203000000000000000e+03 2.000000000000000000e+01
1.519599999999999909e+03 2.545600000000000023e+02 2.100000000000000000e+01
1.526599999999999909e+03 1.210099999999999909e+03 2.000000000000000000e+01
1.481500000000000000e+03 1.053099999999999909e+03 2.000000000000000000e+01
7.842999999999999545e+02 9.206499999999999773e+02 2.000000000000000000e+01
1.234400000000000091e+03 1.573500000000000000e+03 2.000000000000000000e+01
1.410099999999999909e+03 3.621899999999999977e+02 2.000000000000000000e+01
1.246500000000000000e+03 1.533000000000000000e+03 2.100000000000000000e+01
1.506800000000000068e+02 8.210199999999999818e+02 2.000000000000000000e+01
1.403700000000000045e+03 8.730599999999999454e+02 2.000000000000000000e+01
1.135099999999999909e+03 7.807899999999999636e+02 2.000000000000000000e+01
1.214500000000000000e+03 9.485199999999999818e+02 2.000000000000000000e+01
4.192400000000000091e+02 4.190400000000000205e+02 2.000000000000000000e+01
1.523599999999999909e+03 8.665900000000000318e+02 2.000000000000000000e+01
4.291700000000000159e+02 2.899300000000000068e+02 2.000000000000000000e+01
7.127200000000000557e+01 2.473300000000000125e+02 2.100000000000000000e+01
1.528200000000000045e+03 1.310599999999999909e+03 2.000000000000000000e+01
8.638899999999999864e+02 5.891299999999999955e+02 2.000000000000000000e+01
1.525200000000000045e+03 1.167700000000000045e+03 2.000000000000000000e+01
1.074599999999999909e+03 7.080199999999999818e+02 2.000000000000000000e+01
1.480400000000000091e+03 8.639700000000000273e+02 2.000000000000000000e+01
9.261699999999999591e+02 1.043799999999999955e+03 2.000000000000000000e+01
1.165200000000000045e+03 9.345299999999999727e+02 2.000000000000000000e+01
2.259199999999999875e+02 1.532599999999999909e+03 2.100000000000000000e+01
1.349400000000000091e+03 1.433500000000000000e+03 2.000000000000000000e+01
1.125699999999999932e+02 2.369600000000000080e+02 2.000000000000000000e+01
3.096299999999999955e+02 1.574500000000000000e+03 2.100000000000000000e+01
6.902999999999999545e+02 1.575200000000000045e+03 2.000000000000000000e+01
1.220699999999999932e+02 1.173299999999999955e+03 2.000000000000000000e+01
9.255099999999999909e+02 2.290399999999999920e+02 2.000000000000000000e+01
1.643499999999999943e+02 1.174000000000000000e+03 2.000000000000000000e+01
6.267999999999999545e+02 1.395200000000000045e+03 2.000000000000000000e+01
1.075100000000000051e+02 6.465199999999999818e+02 2.000000000000000000e+01
1.280500000000000000e+03 8.385099999999999909e+02 1.900000000000000000e+01
1.392500000000000000e+03 1.532099999999999909e+03 2.100000000000000000e+01
1.424000000000000000e+03 1.026700000000000045e+03 2.000000000000000000e+01
1.010399999999999977e+03 1.149500000000000000e+03 2.000000000000000000e+01
8.497100000000000364e+02 1.066099999999999909e+03 2.000000000000000000e+01
4.174700000000000273e+02 1.350500000000000000e+03 2.100000000000000000e+01
7.300099999999999909e+02 1.402400000000000091e+03 2.000000000000000000e+01
1.744900000000000091e+02 1.574799999999999955e+03 2.100000000000000000e+01
9.460499999999999545e+02 1.572700000000000045e+03 2.100000000000000000e+01
1.094200000000000045e+03 1.138000000000000000e+03 1.900000000000000000e+01
1.488299999999999955e+03 1.146000000000000000e+03 2.000000000000000000e+01
6.770700000000000500e+02 1.804699999999999989e+02 2.100000000000000000e+01
1.431000000000000000e+03 9.282200000000000273e+02 1.900000000000000000e+01
7.891499999999999773e+02 1.553700000000000045e+03 2.100000000000000000e+01
1.342599999999999909e+03 1.515500000000000000e+03 2.000000000000000000e+01
1.351000000000000000e+03 1.707299999999999898e+02 2.100000000000000000e+01
8.615499999999999545e+02 1.210799999999999955e+03 2.100000000000000000e+01
2.871999999999999886e+02 9.120099999999999909e+02 2.000000000000000000e+01
1.075500000000000000e+03 2.249499999999999886e+02 2.000000000000000000e+01
1.445900000000000091e+03 1.465799999999999955e+03 2.000000000000000000e+01
1.233500000000000000e+03 9.855599999999999454e+02 2.000000000000000000e+01
9.853200000000000500e+02 1.491700000000000045e+03 2.000000000000000000e+01
7.914299999999999500e+02 1.784900000000000091e+02 2.000000000000000000e+01
1.336099999999999909e+03 1.473299999999999955e+03 2.000000000000000000e+01
1.072400000000000091e+03 1.473400000000000091e+03 2.100000000000000000e+01
1.025499999999999972e+02 9.164600000000000364e+02 2.000000000000000000e+01
1.420700000000000045e+03 1.499799999999999955e+03 2.000000000000000000e+01
1.478299999999999955e+03 6.177999999999999545e+02 2.000000000000000000e+01
1.287500000000000000e+03 5.155800000000000409e+02 2.000000000000000000e+01
1.302900000000000091e+03 5.534900000000000091e+02 2.000000000000000000e+01
1.051200000000000045e+03 1.140400000000000091e+03 2.000000000000000000e+01
1.007600000000000023e+03 2.155699999999999932e+02 2.000000000000000000e+01
1.119299999999999955e+03 5.942699999999999818e+02 1.900000000000000000e+01
1.308000000000000000e+03 9.174900000000000091e+02 2.000000000000000000e+01
8.560599999999999454e+02 7.955099999999999909e+02 2.000000000000000000e+01
4.941499999999999773e+02 5.594500000000000455e+02 2.000000000000000000e+01
4.607400000000000091e+02 4.841100000000000136e+02 2.000000000000000000e+01
5.470900000000000318e+02 9.122300000000000182e+02 2.000000000000000000e+01
1.095400000000000091e+03 3.213199999999999932e+02 2.000000000000000000e+01
1.430299999999999955e+03 4.626200000000000045e+02 2.000000000000000000e+01
7.131100000000000705e+01 3.886399999999999864e+02 2.000000000000000000e+01
1.481000000000000000e+03 9.134900000000000091e+02 2.000000000000000000e+01
7.128000000000000114e+01 5.389700000000000273e+02 2.000000000000000000e+01
1.465400000000000091e+03 9.530700000000000500e+02 2.000000000000000000e+01
1.339599999999999909e+03 1.170099999999999909e+03 2.000000000000000000e+01
1.405000000000000000e+03 1.572700000000000045e+03 2.100000000000000000e+01
3.323700000000000045e+02 1.538599999999999909e+03 2.100000000000000000e+01
8.172799999999999727e+02 1.040000000000000000e+03 2.000000000000000000e+01
1.363099999999999909e+03 8.966799999999999500e+02 2.000000000000000000e+01
1.171000000000000000e+03 1.356599999999999909e+03 2.000000000000000000e+01
9.655800000000000409e+02 2.149000000000000057e+02 2.000000000000000000e+01
6.335900000000000318e+02 1.511799999999999955e+03 2.100000000000000000e+01
7.070000000000000000e+02 1.436500000000000000e+03 2.000000000000000000e+01
7.706100000000000136e+02 5.264299999999999500e+02 2.000000000000000000e+01
1.365200000000000045e+03 1.249500000000000000e+03 1.900000000000000000e+01
6.275499999999999545e+02 1.437500000000000000e+03 2.000000000000000000e+01
1.521099999999999909e+03 5.404900000000000091e+02 2.100000000000000000e+01
1.464900000000000091e+03 3.272300000000000182e+02 2.000000000000000000e+01
3.632500000000000000e+02 9.613200000000000500e+02 2.000000000000000000e+01
5.943200000000000500e+02 1.369000000000000000e+03 2.000000000000000000e+01
1.078000000000000000e+03 1.532000000000000000e+03 2.100000000000000000e+01
8.158999999999999773e+02 7.819299999999999500e+02 2.000000000000000000e+01
5.486399999999999864e+02 1.378799999999999955e+03 2.000000000000000000e+01
6.605900000000000318e+02 4.705000000000000000e+02 2.000000000000000000e+01
1.178799999999999955e+03 6.764500000000000455e+02 2.000000000000000000e+01
1.503200000000000045e+03 1.090799999999999955e+03 2.000000000000000000e+01
1.256500000000000000e+03 6.172300000000000182e+02 2.000000000000000000e+01
9.286499999999999773e+02 6.395700000000000500e+02 2.000000000000000000e+01
4.861299999999999955e+02 1.412599999999999909e+03 2.000000000000000000e+01
1.132700000000000045e+03 5.552100000000000364e+02 1.900000000000000000e+01
1.399699999999999989e+02 1.135299999999999955e+03 2.000000000000000000e+01
9.819500000000000455e+02 1.534500000000000000e+03 2.000000000000000000e+01
1.077000000000000000e+03 1.574599999999999909e+03 2.000000000000000000e+01
1.048000000000000000e+03 1.266500000000000000e+03 2.000000000000000000e+01
1.206000000000000000e+03 1.518599999999999909e+03 2.000000000000000000e+01
8.631000000000000227e+02 1.293799999999999955e+03 2.000000000000000000e+01
6.654900000000000091e+02 1.416500000000000000e+03 2.100000000000000000e+01
1.109599999999999909e+03 5.206599999999999682e+02 2.000000000000000000e+01
1.211599999999999909e+03 5.483500000000000227e+02 2.000000000000000000e+01
9.499299999999999500e+02 1.759900000000000091e+02 2.100000000000000000e+01
1.488099999999999909e+03 1.326299999999999955e+03 2.000000000000000000e+01
5.288999999999999773e+02 1.417099999999999909e+03 2.100000000000000000e+01
6.914700000000000273e+02 1.383500000000000000e+03 2.100000000000000000e+01
5.140299999999999727e+02 9.387000000000000455e+02 2.000000000000000000e+01
1.406200000000000045e+03 1.157700000000000045e+03 2.000000000000000000e+01
6.910099999999999909e+01 1.533599999999999909e+03 2.100000000000000000e+01
5.720599999999999454e+02 1.200099999999999909e+03 2.000000000000000000e+01
1.367599999999999909e+03 2.901100000000000136e+02 2.000000000000000000e+01
1.655200000000000102e+02 5.034900000000000091e+02 2.000000000000000000e+01
1.795500000000000114e+02 7.893500000000000227e+02 2.000000000000000000e+01
1.035400000000000091e+03 1.567000000000000000e+03 2.000000000000000000e+01
7.859299999999999500e+02 9.636599999999999682e+02 2.000000000000000000e+01
1.420400000000000091e+03 8.113600000000000136e+02 2.000000000000000000e+01
1.451099999999999909e+03 3.679300000000000068e+02 2.000000000000000000e+01
7.134699999999999420e+01 2.916499999999999773e+02 2.100000000000000000e+01
1.462099999999999909e+03 1.103099999999999909e+03 2.000000000000000000e+01
1.163599999999999909e+03 1.517099999999999909e+03 2.100000000000000000e+01
4.256399999999999864e+02 6.713099999999999454e+02 2.000000000000000000e+01
1.029399999999999977e+02 1.467700000000000045e+03 2.000000000000000000e+01
8.668500000000000227e+02 2.890400000000000205e+02 2.000000000000000000e+01
1.262500000000000000e+03 2.304300000000000068e+02 2.000000000000000000e+01
1.438099999999999909e+03 1.546299999999999955e+03 2.100000000000000000e+01
9.798899999999999864e+02 4.074399999999999977e+02 1.900000000000000000e+01
5.155199999999999818e+02 1.315599999999999909e+03 2.000000000000000000e+01
4.742900000000000205e+02 7.474600000000000364e+02 2.000000000000000000e+01
1.512500000000000000e+03 2.125500000000000114e+02 2.100000000000000000e+01
1.974900000000000091e+02 4.737200000000000273e+02 2.000000000000000000e+01
7.087300000000000182e+02 4.680299999999999727e+02 2.000000000000000000e+01
1.165799999999999955e+03 7.167599999999999909e+02 2.000000000000000000e+01
4.565099999999999909e+02 1.000500000000000000e+03 2.000000000000000000e+01
1.471000000000000000e+03 4.421700000000000159e+02 2.000000000000000000e+01
1.486599999999999909e+03 1.476400000000000091e+03 2.000000000000000000e+01
1.477799999999999955e+03 2.470300000000000011e+02 2.000000000000000000e+01
6.265199999999999818e+02 4.455699999999999932e+02 2.000000000000000000e+01
1.477099999999999909e+03 4.012699999999999818e+02 2.000000000000000000e+01
1.445799999999999955e+03 8.892999999999999545e+02 2.000000000000000000e+01
9.980700000000000500e+02 2.909399999999999977e+02 2.100000000000000000e+01
1.469500000000000000e+03 2.055099999999999909e+02 2.100000000000000000e+01
1.441500000000000000e+03 8.475499999999999545e+02 2.000000000000000000e+01
1.884799999999999898e+02 8.981900000000000546e+02 2.000000000000000000e+01
1.200900000000000091e+03 1.722700000000000102e+02 2.000000000000000000e+01
1.412299999999999898e+02 1.486900000000000091e+03 2.000000000000000000e+01
1.324000000000000000e+03 2.135999999999999943e+02 2.000000000000000000e+01
1.500000000000000000e+03 1.539799999999999955e+03 2.100000000000000000e+01
7.147899999999999920e+01 6.232799999999999727e+02 1.900000000000000000e+01
8.873400000000000318e+02 1.176200000000000045e+03 2.000000000000000000e+01
1.462099999999999909e+03 1.510500000000000000e+03 2.100000000000000000e+01
1.251000000000000000e+03 3.629900000000000091e+02 1.900000000000000000e+01
9.678500000000000227e+02 1.152400000000000091e+03 2.000000000000000000e+01
1.523400000000000091e+03 9.107599999999999909e+02 2.000000000000000000e+01
1.481099999999999909e+03 2.886700000000000159e+02 1.900000000000000000e+01
1.099399999999999977e+02 7.435199999999999818e+02 2.000000000000000000e+01
1.434000000000000000e+03 2.290699999999999932e+02 2.100000000000000000e+01
1.442500000000000000e+03 2.699900000000000091e+02 2.000000000000000000e+01
1.478500000000000000e+03 5.433400000000000318e+02 1.900000000000000000e+01
1.487000000000000000e+03 1.672700000000000102e+02 2.000000000000000000e+01
1.309099999999999909e+03 1.733300000000000125e+02 2.100000000000000000e+01
