4.200000000000000000e+01 1.200000000000000000e+01 0.000000000000000000e+00 4.616800000000000249e-05 4.469599999999999962e-02
4.600000000000000000e+01 3.200000000000000000e+01 0.000000000000000000e+00 -2.997100000000000070e-06 2.477599999999999941e-02
5.400000000000000000e+01 1.400000000000000000e+01 0.000000000000000000e+00 3.495999999999999867e-04 7.038300000000000112e-02
6.300000000000000000e+01 4.100000000000000000e+01 0.000000000000000000e+00 1.201999999999999943e-04 2.928499999999999853e-02
6.600000000000000000e+01 5.600000000000000000e+01 0.000000000000000000e+00 7.933300000000000768e-03 7.594299999999999662e-02
6.700000000000000000e+01 3.800000000000000000e+01 0.000000000000000000e+00 -2.341099999999999930e-04 3.231300000000000144e-02
6.700000000000000000e+01 4.700000000000000000e+01 0.000000000000000000e+00 -1.148599999999999947e-04 2.843800000000000147e-02
6.900000000000000000e+01 3.400000000000000000e+01 0.000000000000000000e+00 -2.012899999999999922e-04 3.687900000000000206e-02
7.200000000000000000e+01 1.800000000000000000e+01 0.000000000000000000e+00 2.041799999999999865e-02 4.593699999999999867e-02
8.000000000000000000e+01 6.800000000000000000e+01 0.000000000000000000e+00 -3.438100000000000167e-05 3.137399999999999911e-02
8.200000000000000000e+01 6.900000000000000000e+01 0.000000000000000000e+00 1.850699999999999915e-02 5.063499999999999945e-02
8.800000000000000000e+01 5.000000000000000000e+01 0.000000000000000000e+00 1.447200000000000049e-02 2.189599999999999880e-02
9.300000000000000000e+01 8.800000000000000000e+01 0.000000000000000000e+00 -3.803299999999999991e-05 2.035700000000000010e-02
9.500000000000000000e+01 1.900000000000000000e+01 0.000000000000000000e+00 9.764199999999999789e-04 3.697299999999999892e-02
9.900000000000000000e+01 9.700000000000000000e+01 0.000000000000000000e+00 1.161300000000000006e-02 4.945399999999999796e-02
1.000000000000000000e+02 1.400000000000000000e+01 0.000000000000000000e+00 -9.160000000000000390e-05 7.427400000000000668e-02
1.000000000000000000e+02 7.200000000000000000e+01 0.000000000000000000e+00 1.072599999999999997e-04 5.129999999999999838e-02
1.010000000000000000e+02 4.900000000000000000e+01 0.000000000000000000e+00 -2.081500000000000017e-02 6.819300000000000361e-02
1.060000000000000000e+02 8.900000000000000000e+01 0.000000000000000000e+00 6.938399999999999949e-03 4.007000000000000145e-02
1.120000000000000000e+02 1.000000000000000000e+01 0.000000000000000000e+00 -5.156700000000000281e-05 2.892600000000000032e-02
1.130000000000000000e+02 4.200000000000000000e+01 1.000000000000000000e+00 2.358000000000000027e-02 2.875099999999999878e-02
1.240000000000000000e+02 5.700000000000000000e+01 0.000000000000000000e+00 -3.244000000000000196e-06 2.539900000000000144e-02
1.260000000000000000e+02 7.800000000000000000e+01 0.000000000000000000e+00 8.710700000000000040e-03 4.220299999999999746e-02
1.390000000000000000e+02 3.700000000000000000e+01 0.000000000000000000e+00 -9.379500000000000576e-05 4.971600000000000324e-02
1.440000000000000000e+02 1.600000000000000000e+01 0.000000000000000000e+00 -1.762800000000000131e-02 3.865699999999999692e-02
1.440000000000000000e+02 7.700000000000000000e+01 0.000000000000000000e+00 1.762800000000000131e-02 3.865699999999999692e-02
1.450000000000000000e+02 4.000000000000000000e+01 0.000000000000000000e+00 4.011400000000000035e-03 4.415499999999999980e-02
1.490000000000000000e+02 1.100000000000000000e+02 0.000000000000000000e+00 5.538300000000000341e-03 4.197100000000000136e-02
1.530000000000000000e+02 7.300000000000000000e+01 0.000000000000000000e+00 5.748400000000000054e-05 1.750200000000000020e-02
1.540000000000000000e+02 1.600000000000000000e+01 0.000000000000000000e+00 2.994199999999999894e-05 2.340300000000000019e-02
1.540000000000000000e+02 7.600000000000000000e+01 0.000000000000000000e+00 -3.451899999999999934e-04 7.695299999999999363e-02
1.540000000000000000e+02 1.200000000000000000e+02 0.000000000000000000e+00 9.533200000000000137e-05 3.150200000000000222e-02
1.560000000000000000e+02 5.600000000000000000e+01 0.000000000000000000e+00 -6.047700000000000254e-04 6.564000000000000390e-02
1.570000000000000000e+02 1.200000000000000000e+01 0.000000000000000000e+00 4.471799999999999733e-03 6.711000000000000298e-02
1.580000000000000000e+02 1.540000000000000000e+02 0.000000000000000000e+00 7.454099999999999962e-03 5.645100000000000118e-02
1.600000000000000000e+02 6.700000000000000000e+01 0.000000000000000000e+00 3.108099999999999925e-03 8.827799999999999536e-02
1.690000000000000000e+02 9.300000000000000000e+01 0.000000000000000000e+00 -5.949499999999999873e-05 6.043500000000000261e-02
1.710000000000000000e+02 1.480000000000000000e+02 0.000000000000000000e+00 5.635099999999999658e-03 1.930499999999999924e-02
1.730000000000000000e+02 2.600000000000000000e+01 0.000000000000000000e+00 1.522899999999999937e-04 8.085399999999999532e-02
1.730000000000000000e+02 3.400000000000000000e+01 0.000000000000000000e+00 -1.706400000000000061e-04 3.737999999999999656e-02
1.740000000000000000e+02 1.650000000000000000e+02 0.000000000000000000e+00 4.631299999999999653e-03 1.594699999999999937e-02
1.770000000000000000e+02 4.600000000000000000e+01 0.000000000000000000e+00 -5.249000000000000193e-04 4.481099999999999667e-02
1.790000000000000000e+02 1.590000000000000000e+02 0.000000000000000000e+00 -9.204200000000000272e-04 3.499599999999999933e-02
1.840000000000000000e+02 1.900000000000000000e+01 0.000000000000000000e+00 1.400399999999999995e-03 2.591900000000000107e-02
1.900000000000000000e+02 9.800000000000000000e+01 0.000000000000000000e+00 -8.917000000000000176e-05 5.923899999999999999e-02
1.920000000000000000e+02 1.730000000000000000e+02 0.000000000000000000e+00 -1.844100000000000047e-04 6.860099999999999532e-02
1.940000000000000000e+02 1.770000000000000000e+02 0.000000000000000000e+00 4.369200000000000113e-05 2.137299999999999964e-02
2.000000000000000000e+02 1.010000000000000000e+02 0.000000000000000000e+00 -3.314600000000000012e-04 6.099399999999999961e-02
2.040000000000000000e+02 4.400000000000000000e+01 0.000000000000000000e+00 -4.239199999999999934e-04 6.457000000000000239e-02
2.040000000000000000e+02 1.810000000000000000e+02 0.000000000000000000e+00 8.814400000000000446e-04 6.604899999999999660e-02
2.050000000000000000e+02 3.700000000000000000e+01 0.000000000000000000e+00 4.802699999999999943e-05 1.550499999999999969e-02
2.060000000000000000e+02 5.400000000000000000e+01 0.000000000000000000e+00 -2.260100000000000130e-04 5.424899999999999861e-02
2.060000000000000000e+02 8.000000000000000000e+01 0.000000000000000000e+00 -1.855600000000000055e-04 2.357700000000000073e-02
2.070000000000000000e+02 1.500000000000000000e+02 0.000000000000000000e+00 3.145000000000000009e-04 5.268099999999999866e-02
2.150000000000000000e+02 1.570000000000000000e+02 0.000000000000000000e+00 5.477000000000000098e-03 6.593499999999999361e-02
2.170000000000000000e+02 2.030000000000000000e+02 0.000000000000000000e+00 -1.045100000000000006e-04 2.736399999999999944e-02
2.200000000000000000e+02 4.600000000000000000e+01 0.000000000000000000e+00 5.497799999999999736e-03 2.014900000000000024e-02
2.210000000000000000e+02 2.190000000000000000e+02 0.000000000000000000e+00 1.319099999999999917e-03 3.438100000000000184e-02
2.230000000000000000e+02 1.100000000000000000e+01 0.000000000000000000e+00 -2.264800000000000068e-05 4.505900000000000183e-02
2.240000000000000000e+02 9.400000000000000000e+01 0.000000000000000000e+00 -3.558899999999999824e-04 2.358999999999999986e-02
2.290000000000000000e+02 3.500000000000000000e+01 0.000000000000000000e+00 4.084800000000000155e-07 1.361200000000000083e-02
2.290000000000000000e+02 1.140000000000000000e+02 0.000000000000000000e+00 -2.352900000000000122e-05 3.523899999999999949e-02
2.300000000000000000e+02 1.600000000000000000e+02 0.000000000000000000e+00 1.200799999999999958e-02 6.254600000000000437e-02
2.310000000000000000e+02 2.500000000000000000e+01 0.000000000000000000e+00 -4.953400000000000381e-04 9.368999999999999551e-02
2.330000000000000000e+02 1.160000000000000000e+02 0.000000000000000000e+00 8.491999999999999549e-03 3.623500000000000332e-02
2.330000000000000000e+02 1.970000000000000000e+02 0.000000000000000000e+00 -8.491999999999999549e-03 3.623500000000000332e-02
2.360000000000000000e+02 1.160000000000000000e+02 0.000000000000000000e+00 1.197999999999999933e-02 2.898999999999999841e-02
2.390000000000000000e+02 1.060000000000000000e+02 0.000000000000000000e+00 -2.779099999999999870e-05 2.506699999999999900e-02
2.400000000000000000e+02 1.170000000000000000e+02 1.000000000000000000e+00 1.425500000000000031e-02 1.675099999999999853e-02
2.460000000000000000e+02 1.900000000000000000e+02 0.000000000000000000e+00 1.283199999999999966e-02 3.815099999999999741e-02
2.500000000000000000e+02 7.500000000000000000e+01 0.000000000000000000e+00 1.415100000000000055e-05 4.346699999999999869e-02
2.510000000000000000e+02 1.600000000000000000e+02 0.000000000000000000e+00 -6.262199999999999885e-03 1.040599999999999997e-01
2.520000000000000000e+02 1.100000000000000000e+01 0.000000000000000000e+00 4.061800000000000176e-04 4.340900000000000314e-02
2.600000000000000000e+02 6.400000000000000000e+01 0.000000000000000000e+00 -3.020699999999999861e-04 5.292499999999999982e-02
2.700000000000000000e+02 1.110000000000000000e+02 0.000000000000000000e+00 2.117000000000000132e-02 1.129099999999999965e-01
2.700000000000000000e+02 2.080000000000000000e+02 0.000000000000000000e+00 -2.117000000000000132e-02 1.129099999999999965e-01
2.710000000000000000e+02 9.700000000000000000e+01 0.000000000000000000e+00 6.784900000000000040e-06 4.320399999999999935e-02
2.710000000000000000e+02 1.990000000000000000e+02 0.000000000000000000e+00 -2.185099999999999933e-04 5.790000000000000008e-02
2.710000000000000000e+02 2.310000000000000000e+02 0.000000000000000000e+00 1.088000000000000019e-04 7.749499999999999444e-02
2.720000000000000000e+02 1.900000000000000000e+02 0.000000000000000000e+00 7.417800000000000367e-06 1.592700000000000018e-02
2.730000000000000000e+02 2.600000000000000000e+02 0.000000000000000000e+00 -6.845100000000000446e-04 5.835800000000000015e-02
2.760000000000000000e+02 2.180000000000000000e+02 0.000000000000000000e+00 9.014999999999999576e-05 6.427399999999999780e-02
2.770000000000000000e+02 1.250000000000000000e+02 0.000000000000000000e+00 -7.563000000000000061e-04 6.937100000000000211e-02
2.780000000000000000e+02 2.070000000000000000e+02 0.000000000000000000e+00 6.147400000000000130e-05 4.022099999999999981e-02
2.790000000000000000e+02 3.500000000000000000e+01 0.000000000000000000e+00 -6.220000000000000485e-04 7.179399999999999671e-02
2.790000000000000000e+02 2.460000000000000000e+02 0.000000000000000000e+00 -2.104999999999999938e-04 2.263499999999999887e-02
2.820000000000000000e+02 6.500000000000000000e+01 0.000000000000000000e+00 1.059200000000000023e-04 6.014400000000000301e-02
2.820000000000000000e+02 1.000000000000000000e+02 0.000000000000000000e+00 4.055199999999999799e-04 8.565799999999999803e-02
2.820000000000000000e+02 2.520000000000000000e+02 0.000000000000000000e+00 -6.008499999999999952e-04 6.550599999999999479e-02
2.840000000000000000e+02 1.880000000000000000e+02 0.000000000000000000e+00 -1.334800000000000027e-04 5.106999999999999734e-02
2.840000000000000000e+02 1.960000000000000000e+02 0.000000000000000000e+00 1.583599999999999949e-04 3.166999999999999676e-02
2.850000000000000000e+02 1.210000000000000000e+02 0.000000000000000000e+00 7.116700000000000489e-05 3.989199999999999691e-02
2.850000000000000000e+02 1.320000000000000000e+02 0.000000000000000000e+00 5.836600000000000327e-05 2.145700000000000038e-02
2.860000000000000000e+02 4.400000000000000000e+01 0.000000000000000000e+00 6.854200000000000376e-06 2.867000000000000104e-02
2.860000000000000000e+02 1.240000000000000000e+02 0.000000000000000000e+00 -1.328400000000000089e-04 3.554500000000000021e-02
2.860000000000000000e+02 1.320000000000000000e+02 0.000000000000000000e+00 -9.373900000000000494e-05 3.660599999999999965e-02
2.870000000000000000e+02 9.800000000000000000e+01 0.000000000000000000e+00 1.568100000000000049e-02 4.358599999999999974e-02
2.900000000000000000e+02 2.800000000000000000e+01 0.000000000000000000e+00 5.826799999999999845e-05 5.578899999999999831e-02
2.930000000000000000e+02 2.290000000000000000e+02 0.000000000000000000e+00 2.002799999999999893e-03 2.439900000000000055e-02
2.940000000000000000e+02 4.000000000000000000e+00 0.000000000000000000e+00 -1.614500000000000050e-03 3.950499999999999845e-02
2.940000000000000000e+02 7.700000000000000000e+01 0.000000000000000000e+00 -2.083999999999999915e-03 3.899699999999999694e-02
2.960000000000000000e+02 1.300000000000000000e+02 0.000000000000000000e+00 2.638800000000000173e-03 1.304699999999999957e-02
2.960000000000000000e+02 2.350000000000000000e+02 0.000000000000000000e+00 -2.638800000000000173e-03 1.304699999999999957e-02
2.980000000000000000e+02 1.610000000000000000e+02 0.000000000000000000e+00 -7.794199999999999338e-05 4.690899999999999931e-02
2.980000000000000000e+02 2.640000000000000000e+02 0.000000000000000000e+00 -4.355399999999999669e-05 3.409399999999999931e-02
3.000000000000000000e+02 2.080000000000000000e+02 0.000000000000000000e+00 2.270199999999999996e-03 8.632900000000000296e-02
3.010000000000000000e+02 2.740000000000000000e+02 0.000000000000000000e+00 -1.047999999999999995e-04 2.664599999999999955e-02
3.020000000000000000e+02 4.900000000000000000e+01 0.000000000000000000e+00 -7.076400000000000485e-04 9.432100000000000206e-02
3.020000000000000000e+02 1.100000000000000000e+02 0.000000000000000000e+00 7.458900000000000296e-04 7.413799999999999557e-02
3.030000000000000000e+02 3.200000000000000000e+01 0.000000000000000000e+00 4.384299999999999829e-03 4.237400000000000194e-02
3.060000000000000000e+02 9.000000000000000000e+01 0.000000000000000000e+00 -7.799099999999999783e-04 7.378600000000000436e-02
3.060000000000000000e+02 1.950000000000000000e+02 0.000000000000000000e+00 7.858500000000000468e-04 6.224099999999999772e-02
3.090000000000000000e+02 7.400000000000000000e+01 0.000000000000000000e+00 1.194600000000000002e-02 3.911499999999999699e-02
3.100000000000000000e+02 9.400000000000000000e+01 0.000000000000000000e+00 2.106799999999999819e-03 2.818999999999999978e-02
3.140000000000000000e+02 2.640000000000000000e+02 0.000000000000000000e+00 2.435700000000000007e-04 2.904599999999999890e-02
3.170000000000000000e+02 2.600000000000000000e+02 0.000000000000000000e+00 8.365599999999999729e-04 4.533000000000000224e-02
3.200000000000000000e+02 1.270000000000000000e+02 0.000000000000000000e+00 8.716399999999999420e-05 4.181599999999999900e-02
3.200000000000000000e+02 3.180000000000000000e+02 0.000000000000000000e+00 -6.321900000000000577e-05 6.636899999999999744e-02
3.240000000000000000e+02 2.250000000000000000e+02 0.000000000000000000e+00 -2.327999999999999937e-04 5.429300000000000098e-02
3.240000000000000000e+02 3.150000000000000000e+02 0.000000000000000000e+00 6.839899999999999886e-04 6.505299999999999971e-02
3.260000000000000000e+02 2.480000000000000000e+02 0.000000000000000000e+00 -2.022299999999999933e-05 1.761899999999999925e-02
3.290000000000000000e+02 9.400000000000000000e+01 0.000000000000000000e+00 1.127500000000000030e-03 4.970100000000000212e-02
3.300000000000000000e+02 3.200000000000000000e+01 0.000000000000000000e+00 1.537300000000000071e-04 5.005300000000000027e-02
3.300000000000000000e+02 1.550000000000000000e+02 0.000000000000000000e+00 -6.693200000000000224e-05 7.075499999999999845e-02
3.310000000000000000e+02 1.630000000000000000e+02 0.000000000000000000e+00 -1.039999999999999936e-04 6.426300000000000068e-02
3.310000000000000000e+02 3.190000000000000000e+02 0.000000000000000000e+00 -7.828600000000000229e-05 1.206699999999999960e-02
3.320000000000000000e+02 2.850000000000000000e+02 0.000000000000000000e+00 -4.782199999999999716e-05 2.842499999999999888e-02
3.340000000000000000e+02 5.100000000000000000e+01 0.000000000000000000e+00 -1.261699999999999931e-03 9.943000000000000449e-02
3.340000000000000000e+02 2.080000000000000000e+02 0.000000000000000000e+00 6.393800000000000481e-04 1.096799999999999997e-01
3.340000000000000000e+02 2.900000000000000000e+02 0.000000000000000000e+00 -6.911099999999999882e-04 2.833499999999999908e-02
3.350000000000000000e+02 3.200000000000000000e+01 0.000000000000000000e+00 -8.265700000000000499e-05 7.789600000000000690e-02
3.350000000000000000e+02 1.120000000000000000e+02 0.000000000000000000e+00 -3.269400000000000241e-05 4.332300000000000040e-02
3.360000000000000000e+02 1.880000000000000000e+02 0.000000000000000000e+00 7.168499999999999959e-04 5.357100000000000056e-02
3.360000000000000000e+02 3.160000000000000000e+02 0.000000000000000000e+00 -7.168499999999999959e-04 5.357100000000000056e-02
3.370000000000000000e+02 1.810000000000000000e+02 0.000000000000000000e+00 -2.393300000000000006e-04 5.831100000000000172e-02
3.380000000000000000e+02 7.400000000000000000e+01 0.000000000000000000e+00 -6.308200000000000352e-04 2.499399999999999886e-02
3.380000000000000000e+02 2.000000000000000000e+02 0.000000000000000000e+00 6.308200000000000352e-04 2.499399999999999886e-02
3.410000000000000000e+02 9.400000000000000000e+01 0.000000000000000000e+00 -5.643100000000000232e-05 4.471200000000000174e-02
3.430000000000000000e+02 1.340000000000000000e+02 0.000000000000000000e+00 -6.460999999999999635e-06 2.943099999999999883e-02
3.430000000000000000e+02 3.320000000000000000e+02 0.000000000000000000e+00 4.251600000000000087e-06 2.500799999999999898e-02
3.440000000000000000e+02 2.240000000000000000e+02 0.000000000000000000e+00 -1.842099999999999905e-06 1.834399999999999920e-02
3.440000000000000000e+02 2.430000000000000000e+02 0.000000000000000000e+00 2.935400000000000051e-05 5.008699999999999958e-02
3.440000000000000000e+02 2.870000000000000000e+02 0.000000000000000000e+00 -4.775900000000000132e-05 5.656599999999999823e-02
3.450000000000000000e+02 1.930000000000000000e+02 0.000000000000000000e+00 -3.345100000000000211e-05 2.415399999999999839e-02
3.450000000000000000e+02 2.730000000000000000e+02 0.000000000000000000e+00 -3.333400000000000306e-05 2.456300000000000150e-02
3.450000000000000000e+02 2.980000000000000000e+02 0.000000000000000000e+00 -9.378700000000000515e-06 2.760500000000000106e-02
3.460000000000000000e+02 1.680000000000000000e+02 0.000000000000000000e+00 1.119999999999999989e-02 4.747500000000000331e-02
3.470000000000000000e+02 8.700000000000000000e+01 0.000000000000000000e+00 -7.558999999999999964e-05 5.827800000000000341e-02
3.470000000000000000e+02 1.560000000000000000e+02 0.000000000000000000e+00 5.090799999999999709e-04 5.769500000000000323e-02
3.470000000000000000e+02 1.720000000000000000e+02 0.000000000000000000e+00 1.679899999999999959e-04 2.943899999999999989e-02
3.470000000000000000e+02 2.500000000000000000e+02 0.000000000000000000e+00 -2.720900000000000055e-04 7.288699999999999346e-02
3.480000000000000000e+02 1.240000000000000000e+02 0.000000000000000000e+00 5.494500000000000252e-03 2.771500000000000005e-02
3.490000000000000000e+02 1.900000000000000000e+02 0.000000000000000000e+00 -6.886600000000000100e-05 2.680199999999999944e-02
3.490000000000000000e+02 2.720000000000000000e+02 0.000000000000000000e+00 -7.284100000000000275e-05 2.696600000000000039e-02
3.500000000000000000e+02 2.940000000000000000e+02 0.000000000000000000e+00 2.628499999999999934e-02 8.855799999999999783e-02
3.510000000000000000e+02 3.410000000000000000e+02 0.000000000000000000e+00 -5.583699999999999601e-03 4.605700000000000072e-02
3.510000000000000000e+02 3.480000000000000000e+02 0.000000000000000000e+00 5.583699999999999601e-03 4.605700000000000072e-02
3.520000000000000000e+02 7.800000000000000000e+01 0.000000000000000000e+00 -5.208100000000000229e-03 4.783199999999999952e-02
3.520000000000000000e+02 2.420000000000000000e+02 0.000000000000000000e+00 -7.524699999999999618e-03 8.454799999999999816e-02
3.560000000000000000e+02 1.180000000000000000e+02 0.000000000000000000e+00 4.798299999999999918e-04 9.184299999999999409e-02
3.560000000000000000e+02 1.390000000000000000e+02 0.000000000000000000e+00 4.095699999999999970e-04 4.121699999999999670e-02
3.570000000000000000e+02 9.000000000000000000e+00 0.000000000000000000e+00 1.010000000000000047e-03 5.451299999999999896e-02
3.570000000000000000e+02 3.170000000000000000e+02 0.000000000000000000e+00 9.710400000000000541e-04 5.267199999999999660e-02
3.580000000000000000e+02 3.000000000000000000e+01 0.000000000000000000e+00 2.088000000000000066e-04 3.733999999999999819e-02
3.580000000000000000e+02 1.590000000000000000e+02 0.000000000000000000e+00 2.262099999999999907e-04 2.418500000000000164e-02
3.600000000000000000e+02 1.650000000000000000e+02 0.000000000000000000e+00 -7.931600000000000022e-04 3.680300000000000238e-02
3.600000000000000000e+02 1.810000000000000000e+02 0.000000000000000000e+00 -2.874999999999999951e-04 8.230300000000000116e-02
3.600000000000000000e+02 1.830000000000000000e+02 0.000000000000000000e+00 -5.063799999999999595e-04 6.653699999999999892e-02
3.610000000000000000e+02 2.830000000000000000e+02 0.000000000000000000e+00 5.513099999999999511e-04 7.173899999999999721e-02
3.610000000000000000e+02 3.160000000000000000e+02 0.000000000000000000e+00 -2.925100000000000166e-05 3.679000000000000326e-02
3.620000000000000000e+02 3.050000000000000000e+02 0.000000000000000000e+00 2.111800000000000049e-03 4.110400000000000165e-02
3.640000000000000000e+02 1.960000000000000000e+02 0.000000000000000000e+00 -7.521700000000000304e-04 6.851000000000000145e-02
3.640000000000000000e+02 2.420000000000000000e+02 0.000000000000000000e+00 6.452300000000000006e-04 7.447399999999999853e-02
3.650000000000000000e+02 2.840000000000000000e+02 0.000000000000000000e+00 6.161999999999999943e-03 2.054200000000000123e-02
3.670000000000000000e+02 2.040000000000000000e+02 0.000000000000000000e+00 1.009799999999999934e-02 4.030099999999999655e-02
3.670000000000000000e+02 2.650000000000000000e+02 0.000000000000000000e+00 -1.009799999999999934e-02 4.030099999999999655e-02
3.690000000000000000e+02 2.760000000000000000e+02 0.000000000000000000e+00 -4.623999999999999774e-05 5.811399999999999899e-02
3.710000000000000000e+02 1.630000000000000000e+02 0.000000000000000000e+00 -5.399399999999999838e-05 6.246899999999999675e-02
3.720000000000000000e+02 1.830000000000000000e+02 0.000000000000000000e+00 -7.062599999999999607e-03 5.516100000000000170e-02
3.720000000000000000e+02 3.010000000000000000e+02 0.000000000000000000e+00 -6.773500000000000007e-03 3.462200000000000000e-02
3.760000000000000000e+02 3.140000000000000000e+02 0.000000000000000000e+00 4.182100000000000227e-03 8.619100000000000372e-02
3.760000000000000000e+02 3.420000000000000000e+02 0.000000000000000000e+00 -4.182100000000000227e-03 8.619100000000000372e-02
3.790000000000000000e+02 3.400000000000000000e+01 0.000000000000000000e+00 -1.304400000000000004e-02 3.375600000000000128e-02
3.790000000000000000e+02 1.560000000000000000e+02 0.000000000000000000e+00 1.304400000000000004e-02 3.375600000000000128e-02
3.800000000000000000e+02 3.710000000000000000e+02 0.000000000000000000e+00 -7.155599999999999591e-04 7.576299999999999701e-02
3.810000000000000000e+02 3.300000000000000000e+01 0.000000000000000000e+00 3.482100000000000017e-04 5.732799999999999702e-02
3.810000000000000000e+02 1.160000000000000000e+02 0.000000000000000000e+00 -2.839699999999999798e-04 5.598299999999999804e-02
3.810000000000000000e+02 2.200000000000000000e+02 0.000000000000000000e+00 -6.776300000000000292e-04 2.557900000000000104e-02
3.830000000000000000e+02 2.580000000000000000e+02 0.000000000000000000e+00 -9.726200000000000492e-05 7.138100000000000001e-02
3.830000000000000000e+02 2.650000000000000000e+02 0.000000000000000000e+00 3.632099999999999869e-04 5.353900000000000325e-02
3.830000000000000000e+02 2.810000000000000000e+02 0.000000000000000000e+00 1.705800000000000100e-04 2.150799999999999934e-02
3.830000000000000000e+02 3.140000000000000000e+02 0.000000000000000000e+00 1.654699999999999997e-04 5.976100000000000162e-02
3.840000000000000000e+02 7.500000000000000000e+01 0.000000000000000000e+00 -8.053199999999999942e-04 5.782799999999999746e-02
3.840000000000000000e+02 2.150000000000000000e+02 0.000000000000000000e+00 -6.990199999999999582e-04 6.836599999999999622e-02
3.850000000000000000e+02 2.550000000000000000e+02 0.000000000000000000e+00 -2.191900000000000098e-03 7.429199999999999693e-02
3.850000000000000000e+02 2.740000000000000000e+02 0.000000000000000000e+00 -1.214800000000000038e-03 4.513299999999999951e-02
3.860000000000000000e+02 3.000000000000000000e+01 0.000000000000000000e+00 8.947099999999999769e-05 3.863099999999999867e-02
3.860000000000000000e+02 1.290000000000000000e+02 0.000000000000000000e+00 1.040900000000000012e-04 7.188400000000000345e-02
3.860000000000000000e+02 1.790000000000000000e+02 0.000000000000000000e+00 -3.580299999999999839e-06 7.792599999999999527e-02
3.870000000000000000e+02 2.720000000000000000e+02 0.000000000000000000e+00 -2.604499999999999871e-02 6.198700000000000043e-02
3.870000000000000000e+02 3.290000000000000000e+02 0.000000000000000000e+00 2.604499999999999871e-02 6.198700000000000043e-02
3.880000000000000000e+02 1.050000000000000000e+02 0.000000000000000000e+00 1.079000000000000098e-03 3.956599999999999701e-02
3.900000000000000000e+02 1.270000000000000000e+02 0.000000000000000000e+00 -2.559099999999999808e-04 6.155900000000000261e-02
3.900000000000000000e+02 1.770000000000000000e+02 0.000000000000000000e+00 4.229500000000000078e-04 5.715300000000000241e-02
3.920000000000000000e+02 2.430000000000000000e+02 0.000000000000000000e+00 6.417000000000000395e-05 5.314200000000000174e-02
3.930000000000000000e+02 1.610000000000000000e+02 0.000000000000000000e+00 9.034099999999999986e-04 5.858100000000000113e-02
3.930000000000000000e+02 3.570000000000000000e+02 0.000000000000000000e+00 -9.034099999999999986e-04 5.858100000000000113e-02
3.940000000000000000e+02 3.030000000000000000e+02 0.000000000000000000e+00 3.636700000000000089e-03 3.148399999999999810e-02
3.950000000000000000e+02 3.250000000000000000e+02 0.000000000000000000e+00 -5.846799999999999654e-04 2.475499999999999923e-02
3.960000000000000000e+02 2.580000000000000000e+02 0.000000000000000000e+00 -8.483800000000000325e-05 5.084799999999999737e-02
3.960000000000000000e+02 3.100000000000000000e+02 0.000000000000000000e+00 -1.574900000000000117e-04 1.949400000000000091e-02
3.960000000000000000e+02 3.920000000000000000e+02 0.000000000000000000e+00 -9.369600000000000552e-05 4.689000000000000112e-02
3.990000000000000000e+02 2.070000000000000000e+02 0.000000000000000000e+00 1.523399999999999928e-02 4.448699999999999877e-02
3.990000000000000000e+02 3.180000000000000000e+02 0.000000000000000000e+00 -1.523399999999999928e-02 4.448699999999999877e-02
4.030000000000000000e+02 5.700000000000000000e+01 0.000000000000000000e+00 -4.151000000000000067e-05 1.111200000000000035e-02
4.030000000000000000e+02 1.340000000000000000e+02 0.000000000000000000e+00 5.734800000000000184e-04 5.598899999999999710e-02
4.030000000000000000e+02 2.310000000000000000e+02 0.000000000000000000e+00 7.723699999999999793e-04 7.289099999999999746e-02
4.030000000000000000e+02 3.150000000000000000e+02 0.000000000000000000e+00 -1.255500000000000105e-03 7.202000000000000068e-02
4.040000000000000000e+02 2.300000000000000000e+02 0.000000000000000000e+00 -4.473699999999999942e-04 5.869900000000000118e-02
4.060000000000000000e+02 1.470000000000000000e+02 0.000000000000000000e+00 3.650300000000000203e-04 2.787099999999999994e-02
4.060000000000000000e+02 1.960000000000000000e+02 0.000000000000000000e+00 -5.015900000000000003e-04 9.545099999999999418e-02
4.060000000000000000e+02 3.700000000000000000e+02 0.000000000000000000e+00 7.051200000000000523e-04 6.168799999999999978e-02
4.070000000000000000e+02 6.800000000000000000e+01 0.000000000000000000e+00 3.356599999999999677e-05 3.068800000000000000e-02
4.080000000000000000e+02 2.390000000000000000e+02 0.000000000000000000e+00 1.377000000000000131e-04 5.454200000000000020e-02
4.080000000000000000e+02 2.990000000000000000e+02 0.000000000000000000e+00 -2.409799999999999865e-04 3.404800000000000187e-02
4.090000000000000000e+02 3.900000000000000000e+02 0.000000000000000000e+00 1.584300000000000061e-05 2.886400000000000077e-02
4.100000000000000000e+02 1.140000000000000000e+02 0.000000000000000000e+00 7.912399999999999664e-05 2.783800000000000163e-02
4.100000000000000000e+02 1.420000000000000000e+02 0.000000000000000000e+00 -3.222899999999999924e-05 8.540000000000000369e-02
4.110000000000000000e+02 9.000000000000000000e+00 0.000000000000000000e+00 -3.329599999999999834e-04 5.143899999999999861e-02
4.110000000000000000e+02 1.700000000000000000e+02 0.000000000000000000e+00 2.472099999999999862e-04 4.812600000000000211e-02
4.120000000000000000e+02 2.790000000000000000e+02 0.000000000000000000e+00 1.535399999999999916e-03 7.506699999999999484e-02
4.160000000000000000e+02 2.400000000000000000e+02 0.000000000000000000e+00 3.520199999999999805e-03 2.194600000000000023e-02
4.160000000000000000e+02 2.500000000000000000e+02 0.000000000000000000e+00 -3.520199999999999805e-03 2.194600000000000023e-02
4.240000000000000000e+02 1.360000000000000000e+02 0.000000000000000000e+00 -1.715699999999999853e-05 2.151700000000000140e-02
4.240000000000000000e+02 1.730000000000000000e+02 0.000000000000000000e+00 -2.414400000000000126e-05 1.709099999999999855e-02
4.280000000000000000e+02 3.370000000000000000e+02 0.000000000000000000e+00 1.419199999999999975e-02 2.702399999999999941e-02
4.310000000000000000e+02 1.630000000000000000e+02 0.000000000000000000e+00 5.654400000000000398e-03 3.457600000000000257e-02
4.320000000000000000e+02 2.780000000000000000e+02 0.000000000000000000e+00 6.528499999999999581e-03 2.658699999999999952e-02
4.320000000000000000e+02 3.820000000000000000e+02 0.000000000000000000e+00 -6.528499999999999581e-03 2.658699999999999952e-02
4.340000000000000000e+02 1.290000000000000000e+02 0.000000000000000000e+00 4.782200000000000123e-04 6.150599999999999817e-02
4.370000000000000000e+02 3.460000000000000000e+02 0.000000000000000000e+00 8.151399999999999618e-03 3.074299999999999949e-02
4.450000000000000000e+02 5.900000000000000000e+01 0.000000000000000000e+00 -3.953900000000000210e-04 7.573199999999999377e-02
4.460000000000000000e+02 2.120000000000000000e+02 0.000000000000000000e+00 1.251500000000000008e-02 4.879100000000000104e-02
4.480000000000000000e+02 5.700000000000000000e+01 0.000000000000000000e+00 9.464300000000000170e-06 1.892699999999999938e-02
4.480000000000000000e+02 1.320000000000000000e+02 0.000000000000000000e+00 -1.189999999999999957e-05 3.202699999999999991e-02
4.480000000000000000e+02 1.340000000000000000e+02 0.000000000000000000e+00 7.121599999999999713e-06 3.081100000000000158e-02
4.530000000000000000e+02 4.900000000000000000e+01 0.000000000000000000e+00 4.954799999999999656e-03 4.429199999999999804e-02
4.530000000000000000e+02 9.300000000000000000e+01 0.000000000000000000e+00 -4.954799999999999656e-03 4.429199999999999804e-02
4.550000000000000000e+02 3.740000000000000000e+02 0.000000000000000000e+00 2.077000000000000027e-02 6.766099999999999892e-02
4.630000000000000000e+02 3.630000000000000000e+02 0.000000000000000000e+00 1.135800000000000035e-05 2.255599999999999966e-02
4.630000000000000000e+02 3.770000000000000000e+02 0.000000000000000000e+00 -6.419999999999999519e-07 1.746999999999999942e-02
4.630000000000000000e+02 4.280000000000000000e+02 0.000000000000000000e+00 3.626899999999999952e-06 2.128100000000000130e-02
4.650000000000000000e+02 1.250000000000000000e+02 0.000000000000000000e+00 1.559900000000000002e-02 7.212599999999999567e-02
4.650000000000000000e+02 4.100000000000000000e+02 0.000000000000000000e+00 -1.559900000000000002e-02 7.212599999999999567e-02
4.660000000000000000e+02 1.220000000000000000e+02 0.000000000000000000e+00 1.570199999999999976e-05 1.506399999999999927e-02
4.660000000000000000e+02 2.770000000000000000e+02 0.000000000000000000e+00 -6.976200000000000225e-06 6.081799999999999706e-02
4.660000000000000000e+02 3.690000000000000000e+02 0.000000000000000000e+00 1.963099999999999890e-05 3.450899999999999801e-02
4.740000000000000000e+02 6.300000000000000000e+01 0.000000000000000000e+00 -2.053199999999999817e-03 1.949999999999999997e-02
4.740000000000000000e+02 1.790000000000000000e+02 0.000000000000000000e+00 -1.471300000000000038e-03 9.513099999999999334e-02
4.740000000000000000e+02 2.120000000000000000e+02 0.000000000000000000e+00 -1.030499999999999949e-03 6.019100000000000145e-02
4.750000000000000000e+02 8.000000000000000000e+00 0.000000000000000000e+00 5.984300000000000285e-05 3.327399999999999802e-02
4.750000000000000000e+02 2.520000000000000000e+02 0.000000000000000000e+00 9.235199999999999941e-05 5.686200000000000282e-02
4.760000000000000000e+02 4.690000000000000000e+02 0.000000000000000000e+00 -1.881999999999999992e-03 4.572999999999999982e-02
4.860000000000000000e+02 1.260000000000000000e+02 0.000000000000000000e+00 1.790300000000000122e-05 4.400400000000000145e-02
4.860000000000000000e+02 1.960000000000000000e+02 0.000000000000000000e+00 -1.915499999999999871e-05 2.691100000000000089e-02
4.950000000000000000e+02 1.070000000000000000e+02 0.000000000000000000e+00 6.578099999999999919e-03 2.759800000000000100e-02
4.970000000000000000e+02 2.740000000000000000e+02 0.000000000000000000e+00 7.531500000000000000e-03 3.673900000000000082e-02
5.000000000000000000e+02 4.180000000000000000e+02 0.000000000000000000e+00 -3.413800000000000146e-04 2.021200000000000080e-02
5.010000000000000000e+02 4.000000000000000000e+01 0.000000000000000000e+00 6.783499999999999816e-04 6.223800000000000165e-02
5.010000000000000000e+02 3.950000000000000000e+02 0.000000000000000000e+00 2.552499999999999973e-04 8.583499999999999464e-02
5.010000000000000000e+02 4.420000000000000000e+02 0.000000000000000000e+00 1.905800000000000029e-03 3.471400000000000180e-02
5.020000000000000000e+02 1.130000000000000000e+02 0.000000000000000000e+00 -6.068999999999999525e-04 2.193799999999999917e-02
5.020000000000000000e+02 4.460000000000000000e+02 0.000000000000000000e+00 -7.398100000000000336e-04 5.358399999999999969e-02
5.060000000000000000e+02 4.690000000000000000e+02 0.000000000000000000e+00 2.328099999999999885e-04 4.270899999999999697e-02
5.070000000000000000e+02 1.300000000000000000e+01 0.000000000000000000e+00 2.129599999999999939e-04 5.120500000000000052e-02
5.070000000000000000e+02 4.920000000000000000e+02 0.000000000000000000e+00 5.293299999999999481e-04 3.933600000000000291e-02
5.070000000000000000e+02 5.020000000000000000e+02 0.000000000000000000e+00 4.615099999999999910e-04 4.932000000000000273e-02
5.090000000000000000e+02 1.000000000000000000e+01 0.000000000000000000e+00 -4.578400000000000075e-06 1.637999999999999873e-02
5.090000000000000000e+02 1.400000000000000000e+01 0.000000000000000000e+00 -6.343500000000000336e-06 1.947300000000000073e-02
5.090000000000000000e+02 8.000000000000000000e+01 0.000000000000000000e+00 -6.864899999999999486e-07 1.884800000000000017e-02
5.120000000000000000e+02 2.050000000000000000e+02 0.000000000000000000e+00 4.568700000000000083e-04 3.571200000000000069e-02
5.140000000000000000e+02 1.690000000000000000e+02 0.000000000000000000e+00 9.394499999999999585e-06 4.896799999999999764e-02
5.140000000000000000e+02 2.140000000000000000e+02 0.000000000000000000e+00 -2.154899999999999900e-06 2.078599999999999892e-02
5.140000000000000000e+02 2.930000000000000000e+02 0.000000000000000000e+00 -1.246200000000000029e-05 2.194499999999999923e-02
5.150000000000000000e+02 4.090000000000000000e+02 0.000000000000000000e+00 -2.882200000000000018e-04 5.028599999999999737e-02
5.170000000000000000e+02 5.400000000000000000e+01 0.000000000000000000e+00 -2.342799999999999999e-05 3.194500000000000117e-02
5.170000000000000000e+02 1.200000000000000000e+02 0.000000000000000000e+00 -4.580799999999999916e-05 2.031700000000000172e-02
5.170000000000000000e+02 2.230000000000000000e+02 0.000000000000000000e+00 1.805300000000000147e-05 2.451700000000000060e-02
5.240000000000000000e+02 4.340000000000000000e+02 0.000000000000000000e+00 -1.343999999999999926e-03 5.231299999999999839e-02
5.240000000000000000e+02 5.060000000000000000e+02 0.000000000000000000e+00 1.343999999999999926e-03 5.231299999999999839e-02
5.250000000000000000e+02 3.050000000000000000e+02 0.000000000000000000e+00 2.643999999999999758e-04 3.924500000000000210e-02
5.250000000000000000e+02 4.370000000000000000e+02 0.000000000000000000e+00 2.178500000000000098e-04 1.567800000000000096e-02
5.270000000000000000e+02 2.100000000000000000e+01 0.000000000000000000e+00 4.746899999999999969e-04 6.262600000000000111e-02
5.280000000000000000e+02 4.740000000000000000e+02 0.000000000000000000e+00 -7.869699999999999547e-05 5.799499999999999794e-02
5.280000000000000000e+02 5.260000000000000000e+02 0.000000000000000000e+00 -2.558999999999999860e-04 5.030099999999999849e-02
5.310000000000000000e+02 2.140000000000000000e+02 0.000000000000000000e+00 6.056999999999999776e-05 5.076699999999999963e-02
5.310000000000000000e+02 2.210000000000000000e+02 0.000000000000000000e+00 -6.805600000000000028e-05 3.529600000000000098e-02
5.330000000000000000e+02 2.100000000000000000e+02 0.000000000000000000e+00 -4.014899999999999795e-05 4.895000000000000046e-02
5.330000000000000000e+02 5.310000000000000000e+02 0.000000000000000000e+00 -5.330000000000000129e-05 1.514199999999999921e-02
5.350000000000000000e+02 3.700000000000000000e+02 0.000000000000000000e+00 1.186599999999999981e-02 2.673599999999999935e-02
5.360000000000000000e+02 2.390000000000000000e+02 0.000000000000000000e+00 2.796699999999999837e-06 3.285400000000000126e-02
5.360000000000000000e+02 2.880000000000000000e+02 0.000000000000000000e+00 -5.079299999999999972e-05 1.976199999999999832e-02
5.360000000000000000e+02 4.950000000000000000e+02 0.000000000000000000e+00 -5.716000000000000161e-05 1.442000000000000053e-02
5.390000000000000000e+02 8.000000000000000000e+00 0.000000000000000000e+00 1.924600000000000174e-06 5.304199999999999887e-02
5.390000000000000000e+02 1.920000000000000000e+02 0.000000000000000000e+00 -1.444499999999999976e-05 2.135099999999999845e-02
5.390000000000000000e+02 4.240000000000000000e+02 0.000000000000000000e+00 -6.108299999999999606e-06 1.900699999999999959e-02
5.410000000000000000e+02 9.500000000000000000e+01 0.000000000000000000e+00 5.582699999999999929e-05 6.524299999999999544e-02
5.410000000000000000e+02 1.910000000000000000e+02 0.000000000000000000e+00 -1.455799999999999987e-04 4.518599999999999700e-02
5.420000000000000000e+02 3.490000000000000000e+02 0.000000000000000000e+00 -8.317599999999999782e-06 6.451300000000000090e-02
5.420000000000000000e+02 4.120000000000000000e+02 0.000000000000000000e+00 -3.812800000000000087e-04 9.423499999999999932e-02
5.450000000000000000e+02 1.110000000000000000e+02 0.000000000000000000e+00 4.511900000000000220e-04 7.482500000000000262e-02
5.450000000000000000e+02 1.910000000000000000e+02 0.000000000000000000e+00 3.648699999999999947e-04 5.706100000000000061e-02
5.450000000000000000e+02 5.070000000000000000e+02 0.000000000000000000e+00 -5.313499999999999864e-04 7.209100000000000230e-02
5.490000000000000000e+02 5.100000000000000000e+01 0.000000000000000000e+00 1.016799999999999995e-02 6.076399999999999857e-02
5.500000000000000000e+02 4.700000000000000000e+01 0.000000000000000000e+00 3.727600000000000184e-03 4.000399999999999789e-02
5.530000000000000000e+02 1.210000000000000000e+02 0.000000000000000000e+00 1.523799999999999981e-02 4.451200000000000295e-02
5.530000000000000000e+02 3.370000000000000000e+02 0.000000000000000000e+00 -1.523799999999999981e-02 4.451200000000000295e-02
5.540000000000000000e+02 4.640000000000000000e+02 0.000000000000000000e+00 -9.315499999999999155e-06 2.879900000000000168e-02
5.540000000000000000e+02 4.910000000000000000e+02 0.000000000000000000e+00 -1.236099999999999905e-04 6.462900000000000589e-02
5.550000000000000000e+02 9.900000000000000000e+01 0.000000000000000000e+00 5.307000000000000085e-03 5.741600000000000176e-02
5.570000000000000000e+02 2.760000000000000000e+02 0.000000000000000000e+00 1.098400000000000071e-02 6.745800000000000407e-02
5.580000000000000000e+02 1.400000000000000000e+02 0.000000000000000000e+00 3.836599999999999825e-05 1.916199999999999848e-02
5.580000000000000000e+02 4.220000000000000000e+02 0.000000000000000000e+00 -1.142700000000000020e-04 2.804600000000000148e-02
5.590000000000000000e+02 5.220000000000000000e+02 0.000000000000000000e+00 8.280799999999999619e-03 2.403100000000000028e-02
5.620000000000000000e+02 4.450000000000000000e+02 0.000000000000000000e+00 1.046899999999999914e-02 3.787999999999999701e-02
5.640000000000000000e+02 7.400000000000000000e+01 0.000000000000000000e+00 1.242000000000000048e-02 3.227100000000000107e-02
5.640000000000000000e+02 1.690000000000000000e+02 0.000000000000000000e+00 -1.242000000000000048e-02 3.227100000000000107e-02
5.650000000000000000e+02 1.300000000000000000e+01 0.000000000000000000e+00 -1.692200000000000163e-05 4.465899999999999731e-02
5.650000000000000000e+02 1.900000000000000000e+01 0.000000000000000000e+00 1.449599999999999978e-05 3.712399999999999728e-02
5.650000000000000000e+02 4.200000000000000000e+01 0.000000000000000000e+00 -1.160000000000000075e-05 4.289400000000000157e-02
5.650000000000000000e+02 5.410000000000000000e+02 0.000000000000000000e+00 2.058299999999999927e-05 2.928499999999999853e-02
5.660000000000000000e+02 5.600000000000000000e+01 0.000000000000000000e+00 7.748500000000000179e-03 5.033599999999999880e-02
5.670000000000000000e+02 3.090000000000000000e+02 0.000000000000000000e+00 6.455800000000000254e-03 2.987000000000000072e-02
5.680000000000000000e+02 7.000000000000000000e+01 0.000000000000000000e+00 -2.241699999999999899e-05 1.656600000000000086e-02
5.680000000000000000e+02 2.900000000000000000e+02 0.000000000000000000e+00 9.331299999999999919e-06 2.584200000000000039e-02
5.690000000000000000e+02 2.990000000000000000e+02 0.000000000000000000e+00 5.962900000000000145e-03 1.695800000000000085e-02
5.690000000000000000e+02 5.250000000000000000e+02 0.000000000000000000e+00 -5.962900000000000145e-03 1.695800000000000085e-02
5.740000000000000000e+02 3.060000000000000000e+02 0.000000000000000000e+00 -5.941399999999999459e-04 2.011800000000000047e-02
5.740000000000000000e+02 3.740000000000000000e+02 0.000000000000000000e+00 2.060900000000000058e-03 6.094399999999999817e-02
5.830000000000000000e+02 3.000000000000000000e+02 0.000000000000000000e+00 1.390500000000000069e-02 5.377500000000000335e-02
5.840000000000000000e+02 4.450000000000000000e+02 0.000000000000000000e+00 -2.198100000000000141e-03 4.695499999999999674e-02
5.850000000000000000e+02 3.680000000000000000e+02 0.000000000000000000e+00 8.201500000000000457e-03 3.150200000000000222e-02
5.870000000000000000e+02 3.230000000000000000e+02 0.000000000000000000e+00 2.226300000000000067e-03 3.775200000000000083e-02
5.870000000000000000e+02 4.020000000000000000e+02 0.000000000000000000e+00 -2.226300000000000067e-03 3.775200000000000083e-02
5.880000000000000000e+02 9.000000000000000000e+01 0.000000000000000000e+00 6.422800000000000210e-03 1.696300000000000030e-01
5.880000000000000000e+02 1.650000000000000000e+02 0.000000000000000000e+00 1.384099999999999914e-02 1.214400000000000063e-01
5.880000000000000000e+02 3.720000000000000000e+02 0.000000000000000000e+00 7.950599999999999942e-04 1.655600000000000127e-01
5.880000000000000000e+02 3.740000000000000000e+02 0.000000000000000000e+00 1.298099999999999948e-02 1.772100000000000064e-01
5.900000000000000000e+02 2.180000000000000000e+02 0.000000000000000000e+00 6.474599999999999626e-03 4.640600000000000280e-02
5.900000000000000000e+02 5.550000000000000000e+02 0.000000000000000000e+00 -6.474599999999999626e-03 4.640600000000000280e-02
5.910000000000000000e+02 2.740000000000000000e+02 0.000000000000000000e+00 -1.098100000000000074e-03 4.532200000000000117e-02
5.910000000000000000e+02 3.720000000000000000e+02 0.000000000000000000e+00 7.725899999999999738e-04 7.012400000000000577e-02
5.920000000000000000e+02 4.860000000000000000e+02 0.000000000000000000e+00 -7.831199999999999967e-03 3.329200000000000215e-02
5.980000000000000000e+02 3.700000000000000000e+01 0.000000000000000000e+00 5.618199999999999843e-04 4.311299999999999855e-02
5.980000000000000000e+02 3.680000000000000000e+02 0.000000000000000000e+00 -5.618199999999999843e-04 4.311299999999999855e-02
6.000000000000000000e+02 2.550000000000000000e+02 0.000000000000000000e+00 5.322000000000000342e-03 3.559799999999999770e-02
6.020000000000000000e+02 1.600000000000000000e+01 0.000000000000000000e+00 -2.778999999999999786e-03 3.188799999999999968e-02
6.020000000000000000e+02 2.230000000000000000e+02 0.000000000000000000e+00 2.778999999999999786e-03 3.188799999999999968e-02
6.060000000000000000e+02 4.050000000000000000e+02 0.000000000000000000e+00 1.554400000000000052e-02 3.054700000000000124e-02
6.080000000000000000e+02 1.510000000000000000e+02 0.000000000000000000e+00 -9.229000000000000441e-04 6.753900000000000181e-02
6.080000000000000000e+02 2.000000000000000000e+02 0.000000000000000000e+00 8.218900000000000337e-04 7.199099999999999944e-02
6.080000000000000000e+02 2.360000000000000000e+02 0.000000000000000000e+00 -8.941500000000000229e-04 3.623799999999999938e-02
6.090000000000000000e+02 3.610000000000000000e+02 0.000000000000000000e+00 -4.733000000000000119e-04 7.986000000000000043e-02
6.090000000000000000e+02 3.800000000000000000e+02 0.000000000000000000e+00 9.210899999999999513e-04 3.592299999999999660e-02
6.090000000000000000e+02 4.310000000000000000e+02 0.000000000000000000e+00 6.528000000000000382e-04 2.573100000000000040e-02
6.100000000000000000e+02 1.270000000000000000e+02 0.000000000000000000e+00 9.743399999999999284e-03 2.254099999999999854e-02
6.110000000000000000e+02 2.430000000000000000e+02 0.000000000000000000e+00 -1.908200000000000087e-03 4.388999999999999846e-02
6.110000000000000000e+02 2.990000000000000000e+02 0.000000000000000000e+00 1.908200000000000087e-03 4.388999999999999846e-02
6.140000000000000000e+02 1.350000000000000000e+02 0.000000000000000000e+00 1.530800000000000043e-02 2.398000000000000131e-02
6.140000000000000000e+02 1.490000000000000000e+02 0.000000000000000000e+00 -1.530800000000000043e-02 2.398000000000000131e-02
6.150000000000000000e+02 2.440000000000000000e+02 0.000000000000000000e+00 8.621699999999999503e-03 2.353399999999999936e-02
6.150000000000000000e+02 3.660000000000000000e+02 0.000000000000000000e+00 -8.621699999999999503e-03 2.353399999999999936e-02
6.160000000000000000e+02 5.840000000000000000e+02 0.000000000000000000e+00 -6.035399999999999576e-04 5.792499999999999732e-02
6.170000000000000000e+02 1.550000000000000000e+02 0.000000000000000000e+00 1.970500000000000029e-02 6.749199999999999644e-02
6.170000000000000000e+02 3.560000000000000000e+02 0.000000000000000000e+00 -1.970500000000000029e-02 6.749199999999999644e-02
6.220000000000000000e+02 4.420000000000000000e+02 0.000000000000000000e+00 -2.807200000000000160e-05 4.965399999999999675e-02
6.220000000000000000e+02 4.640000000000000000e+02 0.000000000000000000e+00 5.891999999999999831e-05 2.453699999999999978e-02
6.230000000000000000e+02 3.800000000000000000e+01 0.000000000000000000e+00 -1.175299999999999945e-04 4.838599999999999846e-02
6.230000000000000000e+02 4.700000000000000000e+01 0.000000000000000000e+00 1.414900000000000023e-04 6.183999999999999914e-02
6.230000000000000000e+02 3.000000000000000000e+02 0.000000000000000000e+00 -2.977499999999999868e-05 6.587400000000000200e-02
6.230000000000000000e+02 5.680000000000000000e+02 0.000000000000000000e+00 1.323199999999999969e-05 1.935399999999999968e-02
6.240000000000000000e+02 1.170000000000000000e+02 0.000000000000000000e+00 2.747199999999999989e-04 2.069199999999999859e-02
6.240000000000000000e+02 3.910000000000000000e+02 0.000000000000000000e+00 -2.747199999999999989e-04 2.069199999999999859e-02
6.250000000000000000e+02 3.000000000000000000e+01 0.000000000000000000e+00 -2.283200000000000095e-04 3.091100000000000098e-02
6.250000000000000000e+02 1.290000000000000000e+02 0.000000000000000000e+00 -2.400500000000000073e-04 1.169399999999999953e-02
6.250000000000000000e+02 6.160000000000000000e+02 0.000000000000000000e+00 2.567399999999999847e-05 5.073099999999999832e-02
6.260000000000000000e+02 5.900000000000000000e+01 0.000000000000000000e+00 2.509899999999999805e-03 8.513099999999999834e-02
6.270000000000000000e+02 4.000000000000000000e+01 0.000000000000000000e+00 -1.645699999999999846e-05 1.486799999999999927e-02
6.270000000000000000e+02 6.220000000000000000e+02 0.000000000000000000e+00 -1.343299999999999997e-05 2.779300000000000173e-02
6.300000000000000000e+02 1.800000000000000000e+01 0.000000000000000000e+00 4.913200000000000325e-05 2.614899999999999863e-02
6.300000000000000000e+02 3.300000000000000000e+01 0.000000000000000000e+00 2.528799999999999912e-05 2.418599999999999917e-02
6.300000000000000000e+02 3.350000000000000000e+02 0.000000000000000000e+00 2.239500000000000158e-05 4.608700000000000296e-02
6.310000000000000000e+02 1.890000000000000000e+02 0.000000000000000000e+00 -7.654799999999999962e-05 4.249100000000000099e-02
6.310000000000000000e+02 3.070000000000000000e+02 0.000000000000000000e+00 -1.002999999999999985e-04 4.223799999999999777e-02
6.310000000000000000e+02 5.570000000000000000e+02 0.000000000000000000e+00 -6.233799999999999845e-05 6.624900000000000233e-02
6.320000000000000000e+02 3.700000000000000000e+02 0.000000000000000000e+00 6.927700000000000177e-03 3.646800000000000042e-02
6.320000000000000000e+02 5.920000000000000000e+02 0.000000000000000000e+00 -6.927700000000000177e-03 3.646800000000000042e-02
6.330000000000000000e+02 3.800000000000000000e+01 0.000000000000000000e+00 7.883100000000000523e-03 1.948799999999999838e-02
6.330000000000000000e+02 4.040000000000000000e+02 0.000000000000000000e+00 -7.883100000000000523e-03 1.948799999999999838e-02
6.340000000000000000e+02 3.450000000000000000e+02 0.000000000000000000e+00 1.817400000000000048e-03 4.186499999999999944e-02
6.340000000000000000e+02 3.920000000000000000e+02 0.000000000000000000e+00 -1.817400000000000048e-03 4.186499999999999944e-02
6.370000000000000000e+02 1.700000000000000000e+02 0.000000000000000000e+00 -9.381500000000000082e-04 5.875799999999999773e-02
6.370000000000000000e+02 3.420000000000000000e+02 0.000000000000000000e+00 -3.931100000000000089e-04 6.811899999999999900e-02
6.370000000000000000e+02 3.850000000000000000e+02 0.000000000000000000e+00 -8.592600000000000368e-05 5.746500000000000219e-02
6.380000000000000000e+02 1.500000000000000000e+02 0.000000000000000000e+00 -9.579700000000000455e-04 6.941500000000000448e-02
6.380000000000000000e+02 3.710000000000000000e+02 0.000000000000000000e+00 6.352800000000000027e-04 8.507299999999999585e-02
6.410000000000000000e+02 6.380000000000000000e+02 0.000000000000000000e+00 5.508199999999999880e-05 4.341600000000000320e-02
6.460000000000000000e+02 1.350000000000000000e+02 0.000000000000000000e+00 -1.963199999999999906e-04 3.579399999999999943e-02
6.460000000000000000e+02 1.920000000000000000e+02 0.000000000000000000e+00 1.693900000000000028e-04 5.100299999999999973e-02
6.460000000000000000e+02 5.660000000000000000e+02 0.000000000000000000e+00 -2.142299999999999868e-04 5.653099999999999792e-02
6.470000000000000000e+02 1.110000000000000000e+02 0.000000000000000000e+00 1.731600000000000153e-02 6.493300000000000460e-02
6.470000000000000000e+02 3.950000000000000000e+02 0.000000000000000000e+00 -1.731600000000000153e-02 6.493300000000000460e-02
6.540000000000000000e+02 1.530000000000000000e+02 0.000000000000000000e+00 6.460200000000000144e-03 2.766800000000000162e-02
6.540000000000000000e+02 3.940000000000000000e+02 0.000000000000000000e+00 -6.460200000000000144e-03 2.766800000000000162e-02
6.590000000000000000e+02 4.220000000000000000e+02 0.000000000000000000e+00 8.315100000000000399e-05 5.162900000000000128e-02
6.590000000000000000e+02 5.150000000000000000e+02 0.000000000000000000e+00 -3.170899999999999744e-05 4.769299999999999928e-02
6.600000000000000000e+02 5.330000000000000000e+02 0.000000000000000000e+00 -3.851900000000000115e-03 4.377600000000000241e-02
6.620000000000000000e+02 2.380000000000000000e+02 0.000000000000000000e+00 2.067900000000000120e-03 1.799200000000000105e-02
6.620000000000000000e+02 3.230000000000000000e+02 0.000000000000000000e+00 -2.067900000000000120e-03 1.799200000000000105e-02
6.640000000000000000e+02 5.900000000000000000e+01 0.000000000000000000e+00 -1.847200000000000068e-04 1.356100000000000014e-02
6.640000000000000000e+02 5.840000000000000000e+02 0.000000000000000000e+00 -1.663199999999999932e-04 5.398100000000000120e-02
6.660000000000000000e+02 1.150000000000000000e+02 0.000000000000000000e+00 1.884400000000000051e-04 6.491900000000000448e-02
6.660000000000000000e+02 2.780000000000000000e+02 0.000000000000000000e+00 -4.331100000000000054e-04 5.140700000000000131e-02
6.660000000000000000e+02 5.670000000000000000e+02 0.000000000000000000e+00 -2.215899999999999977e-04 3.006699999999999998e-02
6.670000000000000000e+02 1.510000000000000000e+02 0.000000000000000000e+00 -2.780200000000000249e-04 5.431300000000000017e-02
6.670000000000000000e+02 3.180000000000000000e+02 0.000000000000000000e+00 3.433600000000000194e-04 4.391899999999999971e-02
6.670000000000000000e+02 3.820000000000000000e+02 0.000000000000000000e+00 1.396199999999999948e-04 1.203199999999999929e-02
6.730000000000000000e+02 5.420000000000000000e+02 0.000000000000000000e+00 -1.042900000000000077e-02 6.404899999999999483e-02
6.730000000000000000e+02 6.310000000000000000e+02 0.000000000000000000e+00 1.042900000000000077e-02 6.404899999999999483e-02
6.750000000000000000e+02 1.150000000000000000e+02 0.000000000000000000e+00 -7.975299999999999349e-05 8.628800000000000359e-02
6.750000000000000000e+02 1.420000000000000000e+02 0.000000000000000000e+00 -1.351800000000000000e-05 5.749699999999999950e-02
6.750000000000000000e+02 3.550000000000000000e+02 0.000000000000000000e+00 -1.126099999999999942e-04 2.096500000000000100e-02
6.790000000000000000e+02 5.100000000000000000e+01 0.000000000000000000e+00 4.097499999999999987e-05 6.163199999999999928e-02
6.790000000000000000e+02 1.030000000000000000e+02 0.000000000000000000e+00 -7.146499999999999424e-05 4.574099999999999694e-02
6.790000000000000000e+02 6.360000000000000000e+02 0.000000000000000000e+00 -1.563999999999999933e-05 1.790599999999999831e-02
6.800000000000000000e+02 1.530000000000000000e+02 0.000000000000000000e+00 1.421900000000000057e-05 2.324700000000000030e-02
6.800000000000000000e+02 1.710000000000000000e+02 0.000000000000000000e+00 2.351500000000000102e-05 1.835000000000000173e-02
6.800000000000000000e+02 3.680000000000000000e+02 0.000000000000000000e+00 1.357000000000000094e-06 4.963399999999999757e-02
6.810000000000000000e+02 3.400000000000000000e+02 0.000000000000000000e+00 5.110100000000000016e-04 6.233099999999999752e-02
6.810000000000000000e+02 5.740000000000000000e+02 0.000000000000000000e+00 -3.416299999999999936e-04 4.439900000000000097e-02
6.810000000000000000e+02 6.710000000000000000e+02 0.000000000000000000e+00 -8.038200000000000119e-04 3.731199999999999795e-02
6.830000000000000000e+02 4.000000000000000000e+00 0.000000000000000000e+00 -4.369500000000000120e-03 2.799499999999999905e-02
6.830000000000000000e+02 2.510000000000000000e+02 0.000000000000000000e+00 -4.250600000000000211e-03 6.477299999999999724e-02
6.830000000000000000e+02 2.940000000000000000e+02 0.000000000000000000e+00 -4.398599999999999906e-03 6.462800000000000489e-02
6.840000000000000000e+02 4.910000000000000000e+02 0.000000000000000000e+00 -7.926800000000000068e-05 6.256100000000000549e-02
6.850000000000000000e+02 2.170000000000000000e+02 0.000000000000000000e+00 1.504300000000000082e-02 4.903400000000000120e-02
6.850000000000000000e+02 3.660000000000000000e+02 0.000000000000000000e+00 -1.504300000000000082e-02 4.903400000000000120e-02
6.870000000000000000e+02 2.600000000000000000e+01 0.000000000000000000e+00 -8.616200000000000616e-05 8.328499999999999792e-02
6.870000000000000000e+02 4.040000000000000000e+02 0.000000000000000000e+00 -1.365299999999999955e-04 3.076800000000000021e-02
6.880000000000000000e+02 2.550000000000000000e+02 0.000000000000000000e+00 1.931200000000000077e-05 7.341300000000000603e-02
6.880000000000000000e+02 4.010000000000000000e+02 0.000000000000000000e+00 -4.524800000000000046e-04 7.573000000000000564e-02
6.880000000000000000e+02 4.110000000000000000e+02 0.000000000000000000e+00 -2.295499999999999960e-04 3.874600000000000266e-02
6.900000000000000000e+02 5.850000000000000000e+02 0.000000000000000000e+00 4.080000000000000239e-05 3.126700000000000312e-02
6.910000000000000000e+02 4.300000000000000000e+01 0.000000000000000000e+00 8.349899999999999456e-05 2.940900000000000111e-02
6.910000000000000000e+02 5.150000000000000000e+02 0.000000000000000000e+00 -9.505200000000000067e-06 5.008499999999999758e-02
6.910000000000000000e+02 6.100000000000000000e+02 0.000000000000000000e+00 1.035699999999999994e-04 1.782500000000000057e-02
6.930000000000000000e+02 5.000000000000000000e+01 0.000000000000000000e+00 2.354799999999999884e-04 2.909799999999999887e-02
6.930000000000000000e+02 1.100000000000000000e+02 0.000000000000000000e+00 -1.586000000000000062e-04 8.045700000000000074e-02
6.950000000000000000e+02 1.360000000000000000e+02 0.000000000000000000e+00 1.371599999999999946e-03 2.540800000000000003e-02
6.990000000000000000e+02 4.570000000000000000e+02 0.000000000000000000e+00 8.288500000000000728e-03 2.911299999999999999e-02
6.990000000000000000e+02 5.960000000000000000e+02 0.000000000000000000e+00 -8.288500000000000728e-03 2.911299999999999999e-02
7.010000000000000000e+02 4.300000000000000000e+01 0.000000000000000000e+00 -1.577600000000000074e-04 4.448599999999999777e-02
7.010000000000000000e+02 5.220000000000000000e+02 0.000000000000000000e+00 -7.534799999999999755e-05 3.203500000000000097e-02
7.020000000000000000e+02 4.000000000000000000e+00 0.000000000000000000e+00 1.211399999999999977e-02 6.267699999999999660e-02
7.020000000000000000e+02 7.600000000000000000e+01 0.000000000000000000e+00 -1.211399999999999977e-02 6.267699999999999660e-02
7.040000000000000000e+02 4.020000000000000000e+02 0.000000000000000000e+00 3.662900000000000184e-03 3.237799999999999706e-02
7.060000000000000000e+02 6.400000000000000000e+01 0.000000000000000000e+00 2.079100000000000067e-04 4.920900000000000274e-02
7.060000000000000000e+02 1.680000000000000000e+02 0.000000000000000000e+00 2.566399999999999823e-04 3.167899999999999883e-02
7.060000000000000000e+02 3.580000000000000000e+02 0.000000000000000000e+00 -4.264200000000000000e-04 5.379599999999999660e-02
7.070000000000000000e+02 3.220000000000000000e+02 0.000000000000000000e+00 2.488800000000000213e-03 4.743399999999999700e-02
7.070000000000000000e+02 4.000000000000000000e+02 0.000000000000000000e+00 -2.488800000000000213e-03 4.743399999999999700e-02
7.100000000000000000e+02 2.060000000000000000e+02 0.000000000000000000e+00 2.337399999999999894e-02 5.951900000000000246e-02
7.110000000000000000e+02 1.990000000000000000e+02 0.000000000000000000e+00 6.021300000000000263e-03 3.286200000000000232e-02
7.110000000000000000e+02 2.030000000000000000e+02 0.000000000000000000e+00 -6.021300000000000263e-03 3.286200000000000232e-02
7.130000000000000000e+02 2.060000000000000000e+02 0.000000000000000000e+00 1.178800000000000030e-03 2.918499999999999914e-02
7.130000000000000000e+02 4.070000000000000000e+02 0.000000000000000000e+00 -1.178800000000000030e-03 2.918499999999999914e-02
7.140000000000000000e+02 4.340000000000000000e+02 0.000000000000000000e+00 -6.217399999999999968e-06 7.795599999999999752e-02
7.140000000000000000e+02 5.620000000000000000e+02 0.000000000000000000e+00 6.073699999999999802e-04 4.151400000000000229e-02
7.140000000000000000e+02 6.160000000000000000e+02 0.000000000000000000e+00 2.597999999999999859e-05 3.479399999999999854e-02
7.160000000000000000e+02 2.830000000000000000e+02 0.000000000000000000e+00 -3.433199999999999859e-04 3.802900000000000030e-02
7.160000000000000000e+02 4.540000000000000000e+02 0.000000000000000000e+00 -2.232799999999999900e-04 2.948900000000000132e-02
7.160000000000000000e+02 5.000000000000000000e+02 0.000000000000000000e+00 1.552099999999999997e-04 9.156999999999999862e-02
7.210000000000000000e+02 2.490000000000000000e+02 0.000000000000000000e+00 9.347899999999999265e-03 2.130999999999999908e-02
7.220000000000000000e+02 3.180000000000000000e+02 0.000000000000000000e+00 1.731100000000000000e-02 2.516200000000000034e-02
7.220000000000000000e+02 5.590000000000000000e+02 0.000000000000000000e+00 -1.731100000000000000e-02 2.516200000000000034e-02
7.230000000000000000e+02 3.500000000000000000e+01 0.000000000000000000e+00 -1.342700000000000002e-04 2.970300000000000024e-02
7.230000000000000000e+02 2.140000000000000000e+02 0.000000000000000000e+00 1.342700000000000002e-04 2.970300000000000024e-02
7.240000000000000000e+02 2.580000000000000000e+02 0.000000000000000000e+00 1.594399999999999941e-03 5.716700000000000254e-02
7.240000000000000000e+02 3.410000000000000000e+02 0.000000000000000000e+00 -1.594399999999999941e-03 5.716700000000000254e-02
7.260000000000000000e+02 4.080000000000000000e+02 0.000000000000000000e+00 7.915500000000000660e-03 4.673299999999999677e-02
7.270000000000000000e+02 2.910000000000000000e+02 0.000000000000000000e+00 -9.219899999999999624e-03 2.945400000000000101e-02
7.270000000000000000e+02 3.220000000000000000e+02 0.000000000000000000e+00 9.219899999999999624e-03 2.945400000000000101e-02
7.290000000000000000e+02 3.010000000000000000e+02 0.000000000000000000e+00 9.586799999999999489e-03 2.473699999999999857e-02
7.310000000000000000e+02 3.850000000000000000e+02 0.000000000000000000e+00 5.862800000000000043e-04 5.940000000000000141e-02
7.320000000000000000e+02 1.400000000000000000e+02 0.000000000000000000e+00 7.184900000000000141e-03 6.694999999999999563e-02
7.320000000000000000e+02 7.010000000000000000e+02 0.000000000000000000e+00 -7.184900000000000141e-03 6.694999999999999563e-02
7.330000000000000000e+02 1.770000000000000000e+02 0.000000000000000000e+00 1.064099999999999942e-02 2.569600000000000009e-02
7.330000000000000000e+02 3.300000000000000000e+02 0.000000000000000000e+00 -1.064099999999999942e-02 2.569600000000000009e-02
7.340000000000000000e+02 6.900000000000000000e+02 0.000000000000000000e+00 6.126000000000000369e-03 3.819899999999999685e-02
7.360000000000000000e+02 6.600000000000000000e+01 0.000000000000000000e+00 -7.332799999999999995e-05 7.911200000000000176e-02
7.360000000000000000e+02 2.190000000000000000e+02 0.000000000000000000e+00 -2.107900000000000062e-04 3.676600000000000007e-02
7.360000000000000000e+02 3.910000000000000000e+02 0.000000000000000000e+00 -2.498499999999999745e-04 7.537900000000000156e-02
7.360000000000000000e+02 6.930000000000000000e+02 0.000000000000000000e+00 3.240599999999999839e-04 9.245299999999999352e-02
7.380000000000000000e+02 1.080000000000000000e+02 0.000000000000000000e+00 1.815300000000000009e-06 3.508399999999999713e-02
7.380000000000000000e+02 1.120000000000000000e+02 0.000000000000000000e+00 2.772400000000000087e-05 2.283900000000000166e-02
7.380000000000000000e+02 3.080000000000000000e+02 0.000000000000000000e+00 7.422199999999999851e-06 2.856500000000000011e-02
7.410000000000000000e+02 7.700000000000000000e+01 0.000000000000000000e+00 8.866300000000000570e-03 3.014999999999999972e-02
7.410000000000000000e+02 6.950000000000000000e+02 0.000000000000000000e+00 -8.866300000000000570e-03 3.014999999999999972e-02
7.420000000000000000e+02 1.890000000000000000e+02 0.000000000000000000e+00 1.208299999999999999e-02 4.002200000000000202e-02
7.420000000000000000e+02 5.040000000000000000e+02 0.000000000000000000e+00 -1.208299999999999999e-02 4.002200000000000202e-02
7.440000000000000000e+02 3.500000000000000000e+02 0.000000000000000000e+00 -1.462799999999999994e-03 7.544499999999999817e-02
7.440000000000000000e+02 4.040000000000000000e+02 0.000000000000000000e+00 8.474100000000000469e-04 5.351199999999999707e-02
7.440000000000000000e+02 6.870000000000000000e+02 0.000000000000000000e+00 1.740599999999999916e-03 7.603899999999999548e-02
7.470000000000000000e+02 2.690000000000000000e+02 0.000000000000000000e+00 7.472999999999999608e-03 1.846000000000000071e-02
7.470000000000000000e+02 2.800000000000000000e+02 0.000000000000000000e+00 -7.472999999999999608e-03 1.846000000000000071e-02
7.490000000000000000e+02 4.070000000000000000e+02 0.000000000000000000e+00 8.668500000000000857e-03 2.287199999999999997e-02
7.500000000000000000e+02 3.500000000000000000e+01 0.000000000000000000e+00 -1.570500000000000021e-02 5.702800000000000230e-02
7.500000000000000000e+02 2.100000000000000000e+02 0.000000000000000000e+00 1.570500000000000021e-02 5.702800000000000230e-02
7.510000000000000000e+02 1.870000000000000000e+02 0.000000000000000000e+00 1.711899999999999880e-02 6.504200000000000259e-02
7.510000000000000000e+02 4.040000000000000000e+02 0.000000000000000000e+00 -1.711899999999999880e-02 6.504200000000000259e-02
7.530000000000000000e+02 1.380000000000000000e+02 0.000000000000000000e+00 -4.258099999999999940e-06 2.715499999999999858e-02
7.530000000000000000e+02 2.490000000000000000e+02 0.000000000000000000e+00 -6.242399999999999729e-06 2.656199999999999881e-02
7.540000000000000000e+02 4.570000000000000000e+02 0.000000000000000000e+00 8.308699999999999918e-05 2.317400000000000015e-02
7.540000000000000000e+02 6.590000000000000000e+02 0.000000000000000000e+00 -8.308699999999999918e-05 2.317400000000000015e-02
7.550000000000000000e+02 3.800000000000000000e+02 0.000000000000000000e+00 1.283699999999999945e-02 6.060100000000000209e-02
7.550000000000000000e+02 6.350000000000000000e+02 0.000000000000000000e+00 -1.283699999999999945e-02 6.060100000000000209e-02
7.560000000000000000e+02 4.100000000000000000e+02 0.000000000000000000e+00 -1.462300000000000058e-02 6.356699999999999851e-02
7.560000000000000000e+02 4.120000000000000000e+02 0.000000000000000000e+00 1.462300000000000058e-02 6.356699999999999851e-02
7.570000000000000000e+02 3.800000000000000000e+01 0.000000000000000000e+00 5.009500000000000064e-04 5.790499999999999814e-02
7.570000000000000000e+02 1.870000000000000000e+02 0.000000000000000000e+00 -1.334899999999999975e-03 6.157699999999999979e-02
7.570000000000000000e+02 5.830000000000000000e+02 0.000000000000000000e+00 2.289499999999999869e-03 5.307100000000000012e-02
7.580000000000000000e+02 7.210000000000000000e+02 0.000000000000000000e+00 -9.623500000000000110e-03 2.242200000000000096e-02
7.590000000000000000e+02 4.760000000000000000e+02 0.000000000000000000e+00 6.101799999999999889e-04 3.945300000000000196e-02
7.590000000000000000e+02 5.280000000000000000e+02 0.000000000000000000e+00 2.730000000000000222e-04 5.769300000000000123e-02
7.590000000000000000e+02 6.840000000000000000e+02 0.000000000000000000e+00 -9.862600000000000880e-04 5.127999999999999919e-02
7.600000000000000000e+02 1.580000000000000000e+02 0.000000000000000000e+00 -2.796399999999999992e-04 3.316199999999999704e-02
7.600000000000000000e+02 5.180000000000000000e+02 0.000000000000000000e+00 5.307299999999999822e-04 8.123900000000000565e-02
7.600000000000000000e+02 7.100000000000000000e+02 0.000000000000000000e+00 -5.707800000000000070e-04 5.794400000000000245e-02
7.610000000000000000e+02 2.480000000000000000e+02 0.000000000000000000e+00 -8.527299999999999485e-05 1.805800000000000113e-02
7.610000000000000000e+02 7.490000000000000000e+02 0.000000000000000000e+00 -7.939599999999999674e-05 2.091799999999999909e-02
7.630000000000000000e+02 7.300000000000000000e+01 0.000000000000000000e+00 2.621200000000000205e-07 4.908200000000000063e-02
7.630000000000000000e+02 3.260000000000000000e+02 0.000000000000000000e+00 2.738599999999999919e-07 5.694400000000000156e-02
7.630000000000000000e+02 6.630000000000000000e+02 0.000000000000000000e+00 4.436400000000000206e-07 2.360500000000000098e-02
7.660000000000000000e+02 2.770000000000000000e+02 0.000000000000000000e+00 8.343499999999999788e-04 9.452099999999999391e-02
7.660000000000000000e+02 3.700000000000000000e+02 0.000000000000000000e+00 -1.792699999999999936e-03 8.402900000000000647e-02
7.660000000000000000e+02 7.580000000000000000e+02 0.000000000000000000e+00 -1.837199999999999988e-03 3.699399999999999911e-02
7.670000000000000000e+02 1.470000000000000000e+02 0.000000000000000000e+00 -1.855599999999999988e-05 2.496299999999999908e-02
7.670000000000000000e+02 5.350000000000000000e+02 0.000000000000000000e+00 -2.118699999999999891e-05 2.026700000000000029e-02
7.670000000000000000e+02 6.350000000000000000e+02 0.000000000000000000e+00 5.794100000000000141e-06 6.459199999999999664e-02
7.720000000000000000e+02 3.840000000000000000e+02 0.000000000000000000e+00 3.398300000000000040e-04 8.426599999999999369e-02
7.720000000000000000e+02 5.250000000000000000e+02 0.000000000000000000e+00 -4.217800000000000173e-04 5.357300000000000256e-02
7.720000000000000000e+02 7.260000000000000000e+02 0.000000000000000000e+00 -2.833199999999999911e-04 5.146599999999999786e-02
7.730000000000000000e+02 1.550000000000000000e+02 0.000000000000000000e+00 -2.854300000000000099e-05 5.317500000000000004e-02
7.730000000000000000e+02 4.090000000000000000e+02 0.000000000000000000e+00 -1.466400000000000055e-06 2.283100000000000060e-02
7.730000000000000000e+02 5.960000000000000000e+02 0.000000000000000000e+00 -1.439299999999999925e-05 1.903399999999999884e-02
7.740000000000000000e+02 4.510000000000000000e+02 0.000000000000000000e+00 -5.677100000000000245e-04 2.170000000000000054e-02
7.740000000000000000e+02 5.100000000000000000e+02 0.000000000000000000e+00 5.677100000000000245e-04 2.170000000000000054e-02
7.750000000000000000e+02 6.900000000000000000e+01 0.000000000000000000e+00 -3.856399999999999737e-04 3.894899999999999751e-02
7.750000000000000000e+02 8.700000000000000000e+01 0.000000000000000000e+00 3.183799999999999976e-04 5.082799999999999818e-02
7.750000000000000000e+02 1.840000000000000000e+02 0.000000000000000000e+00 -1.124799999999999937e-04 3.144000000000000267e-02
7.770000000000000000e+02 6.370000000000000000e+02 0.000000000000000000e+00 -1.544099999999999986e-02 3.159300000000000302e-02
7.780000000000000000e+02 3.570000000000000000e+02 0.000000000000000000e+00 -1.326199999999999872e-04 9.156899999999999762e-02
7.780000000000000000e+02 6.260000000000000000e+02 0.000000000000000000e+00 -1.204700000000000036e-04 2.682299999999999962e-02
7.780000000000000000e+02 6.640000000000000000e+02 0.000000000000000000e+00 -4.429899999999999853e-04 5.977600000000000274e-02
7.790000000000000000e+02 5.180000000000000000e+02 0.000000000000000000e+00 8.987699999999999509e-03 3.956699999999999801e-02
7.790000000000000000e+02 7.610000000000000000e+02 0.000000000000000000e+00 -8.987699999999999509e-03 3.956699999999999801e-02
7.800000000000000000e+02 3.910000000000000000e+02 0.000000000000000000e+00 4.005299999999999833e-03 4.948999999999999927e-02
7.800000000000000000e+02 6.600000000000000000e+02 0.000000000000000000e+00 -4.005299999999999833e-03 4.948999999999999927e-02
7.810000000000000000e+02 3.310000000000000000e+02 0.000000000000000000e+00 1.232000000000000063e-05 8.467600000000000127e-02
7.810000000000000000e+02 5.270000000000000000e+02 0.000000000000000000e+00 -1.941799999999999874e-04 3.534000000000000336e-02
7.850000000000000000e+02 4.070000000000000000e+02 0.000000000000000000e+00 1.799299999999999934e-04 3.590100000000000235e-02
7.850000000000000000e+02 7.630000000000000000e+02 0.000000000000000000e+00 -1.799299999999999934e-04 3.590100000000000235e-02
7.860000000000000000e+02 2.810000000000000000e+02 0.000000000000000000e+00 4.946800000000000139e-05 1.345999999999999974e-02
7.860000000000000000e+02 2.980000000000000000e+02 0.000000000000000000e+00 4.700299999999999704e-05 4.876899999999999985e-02
7.860000000000000000e+02 3.920000000000000000e+02 0.000000000000000000e+00 2.748999999999999938e-05 4.062199999999999839e-02
7.860000000000000000e+02 3.960000000000000000e+02 0.000000000000000000e+00 3.127399999999999907e-05 1.782699999999999910e-02
7.870000000000000000e+02 1.450000000000000000e+02 0.000000000000000000e+00 4.625499999999999675e-05 2.768800000000000081e-02
7.870000000000000000e+02 5.100000000000000000e+02 0.000000000000000000e+00 -5.952700000000000114e-05 4.766000000000000097e-02
7.890000000000000000e+02 1.050000000000000000e+02 0.000000000000000000e+00 -1.359400000000000018e-02 2.762699999999999878e-02
7.890000000000000000e+02 3.390000000000000000e+02 0.000000000000000000e+00 1.359400000000000018e-02 2.762699999999999878e-02
7.900000000000000000e+02 6.900000000000000000e+02 0.000000000000000000e+00 7.857799999999999854e-03 1.387999999999999998e-02
7.910000000000000000e+02 2.440000000000000000e+02 0.000000000000000000e+00 -3.988399999999999584e-03 2.320200000000000040e-02
7.910000000000000000e+02 3.690000000000000000e+02 0.000000000000000000e+00 3.988399999999999584e-03 2.320200000000000040e-02
7.920000000000000000e+02 4.500000000000000000e+01 0.000000000000000000e+00 -3.217800000000000261e-04 2.827500000000000152e-02
7.920000000000000000e+02 8.200000000000000000e+01 0.000000000000000000e+00 -1.087099999999999915e-03 5.869900000000000118e-02
7.920000000000000000e+02 9.500000000000000000e+01 0.000000000000000000e+00 -5.506299999999999780e-04 8.296199999999999408e-02
7.920000000000000000e+02 1.870000000000000000e+02 0.000000000000000000e+00 6.712600000000000207e-04 7.133399999999999463e-02
7.930000000000000000e+02 3.620000000000000000e+02 0.000000000000000000e+00 -2.348199999999999940e-03 4.377999999999999947e-02
7.930000000000000000e+02 3.920000000000000000e+02 0.000000000000000000e+00 2.348199999999999940e-03 4.377999999999999947e-02
7.950000000000000000e+02 1.830000000000000000e+02 0.000000000000000000e+00 8.702799999999999414e-05 7.446200000000000041e-02
7.950000000000000000e+02 3.420000000000000000e+02 0.000000000000000000e+00 -1.538499999999999991e-04 5.747200000000000225e-02
7.950000000000000000e+02 5.910000000000000000e+02 0.000000000000000000e+00 -1.041100000000000044e-04 5.369499999999999967e-02
7.950000000000000000e+02 7.770000000000000000e+02 0.000000000000000000e+00 -5.497399999999999916e-05 2.984099999999999947e-02
7.960000000000000000e+02 2.250000000000000000e+02 0.000000000000000000e+00 9.967600000000000071e-03 3.982999999999999735e-02
7.960000000000000000e+02 5.040000000000000000e+02 0.000000000000000000e+00 -9.967600000000000071e-03 3.982999999999999735e-02
7.970000000000000000e+02 1.150000000000000000e+02 0.000000000000000000e+00 -7.128599999999999477e-05 4.450599999999999695e-02
7.970000000000000000e+02 6.410000000000000000e+02 0.000000000000000000e+00 2.372500000000000070e-05 3.505199999999999982e-02
7.970000000000000000e+02 7.530000000000000000e+02 0.000000000000000000e+00 -3.347099999999999853e-05 3.007900000000000157e-02
8.020000000000000000e+02 3.240000000000000000e+02 0.000000000000000000e+00 4.351299999999999786e-03 4.085600000000000342e-02
8.020000000000000000e+02 6.060000000000000000e+02 0.000000000000000000e+00 -4.351299999999999786e-03 4.085600000000000342e-02
8.040000000000000000e+02 7.010000000000000000e+02 0.000000000000000000e+00 -1.068999999999999985e-02 7.561800000000000466e-02
8.070000000000000000e+02 5.270000000000000000e+02 0.000000000000000000e+00 -6.454000000000000210e-05 4.122200000000000170e-02
8.070000000000000000e+02 7.810000000000000000e+02 0.000000000000000000e+00 8.989699999999999666e-06 5.267199999999999660e-02
8.070000000000000000e+02 8.040000000000000000e+02 0.000000000000000000e+00 -1.729900000000000090e-04 5.524899999999999950e-02
8.080000000000000000e+02 2.010000000000000000e+02 0.000000000000000000e+00 1.082400000000000029e-02 3.534899999999999848e-02
8.080000000000000000e+02 6.250000000000000000e+02 0.000000000000000000e+00 -1.082400000000000029e-02 3.534899999999999848e-02
8.090000000000000000e+02 3.520000000000000000e+02 0.000000000000000000e+00 1.096100000000000026e-02 1.073800000000000032e-01
8.100000000000000000e+02 1.030000000000000000e+02 0.000000000000000000e+00 1.052299999999999937e-02 4.714200000000000335e-02
8.100000000000000000e+02 7.870000000000000000e+02 0.000000000000000000e+00 -1.052299999999999937e-02 4.714200000000000335e-02
8.120000000000000000e+02 6.210000000000000000e+02 0.000000000000000000e+00 6.879399999999999491e-04 2.652300000000000144e-02
8.150000000000000000e+02 7.900000000000000000e+02 0.000000000000000000e+00 1.408700000000000082e-05 2.269699999999999843e-02
8.150000000000000000e+02 8.000000000000000000e+02 0.000000000000000000e+00 8.768200000000000516e-05 1.125499999999999938e-02
8.150000000000000000e+02 8.120000000000000000e+02 0.000000000000000000e+00 5.774899999999999885e-05 3.166900000000000270e-02
8.160000000000000000e+02 2.840000000000000000e+02 0.000000000000000000e+00 -1.567699999999999915e-05 4.552699999999999803e-02
8.160000000000000000e+02 3.640000000000000000e+02 0.000000000000000000e+00 -2.877000000000000068e-05 2.692500000000000102e-02
8.160000000000000000e+02 3.880000000000000000e+02 0.000000000000000000e+00 -8.542299999999999511e-06 2.718699999999999936e-02
8.170000000000000000e+02 6.500000000000000000e+01 0.000000000000000000e+00 1.015700000000000023e-03 5.148500000000000298e-02
8.170000000000000000e+02 3.020000000000000000e+02 0.000000000000000000e+00 -1.015700000000000023e-03 5.148500000000000298e-02
8.200000000000000000e+02 4.010000000000000000e+02 0.000000000000000000e+00 2.980800000000000116e-02 6.690799999999999526e-02
8.200000000000000000e+02 6.260000000000000000e+02 0.000000000000000000e+00 -2.980800000000000116e-02 6.690799999999999526e-02
8.230000000000000000e+02 3.120000000000000000e+02 0.000000000000000000e+00 6.636100000000000245e-04 2.537100000000000119e-02
8.230000000000000000e+02 4.540000000000000000e+02 0.000000000000000000e+00 -6.636100000000000245e-04 2.537100000000000119e-02
