4.200000000000000000e+01 1.200000000000000000e+01 0.000000000000000000e+00 -7.994499999999999437e-05 6.990000000000000380e-02
4.600000000000000000e+01 3.200000000000000000e+01 0.000000000000000000e+00 2.617599999999999875e-03 2.073499999999999996e-02
5.400000000000000000e+01 1.400000000000000000e+01 0.000000000000000000e+00 1.411899999999999950e-04 4.128099999999999825e-02
6.600000000000000000e+01 5.600000000000000000e+01 0.000000000000000000e+00 3.474000000000000281e-05 5.291200000000000070e-02
6.700000000000000000e+01 3.800000000000000000e+01 0.000000000000000000e+00 -7.150299999999999625e-05 3.506399999999999795e-02
6.700000000000000000e+01 4.700000000000000000e+01 0.000000000000000000e+00 5.355100000000000279e-05 2.533499999999999988e-02
6.900000000000000000e+01 3.400000000000000000e+01 0.000000000000000000e+00 -4.173599999999999749e-04 3.717700000000000171e-02
7.200000000000000000e+01 1.800000000000000000e+01 0.000000000000000000e+00 -8.880300000000000341e-06 3.366999999999999854e-02
8.000000000000000000e+01 6.800000000000000000e+01 0.000000000000000000e+00 2.551000000000000140e-05 3.147599999999999704e-02
8.200000000000000000e+01 6.900000000000000000e+01 0.000000000000000000e+00 2.204300000000000009e-02 5.804100000000000231e-02
9.900000000000000000e+01 9.700000000000000000e+01 0.000000000000000000e+00 1.016899999999999922e-02 4.427500000000000185e-02
1.000000000000000000e+02 1.400000000000000000e+01 0.000000000000000000e+00 -9.563199999999999511e-05 5.493300000000000266e-02
1.000000000000000000e+02 7.200000000000000000e+01 0.000000000000000000e+00 -1.667000000000000133e-04 4.327099999999999697e-02
1.010000000000000000e+02 4.900000000000000000e+01 0.000000000000000000e+00 -1.947199999999999973e-02 6.247199999999999975e-02
1.060000000000000000e+02 8.900000000000000000e+01 0.000000000000000000e+00 7.256499999999999929e-03 4.091499999999999998e-02
1.080000000000000000e+02 6.800000000000000000e+01 0.000000000000000000e+00 8.288399999999999587e-03 2.257500000000000132e-02
1.120000000000000000e+02 1.000000000000000000e+01 0.000000000000000000e+00 -1.623800000000000005e-04 3.105199999999999974e-02
1.130000000000000000e+02 4.200000000000000000e+01 1.000000000000000000e+00 3.091800000000000104e-02 3.840500000000000164e-02
1.240000000000000000e+02 5.700000000000000000e+01 0.000000000000000000e+00 -5.424599999999999698e-06 2.275399999999999992e-02
1.260000000000000000e+02 7.800000000000000000e+01 0.000000000000000000e+00 -1.215700000000000033e-04 2.638300000000000020e-02
1.390000000000000000e+02 3.700000000000000000e+01 0.000000000000000000e+00 -1.881600000000000077e-05 4.822099999999999997e-02
1.440000000000000000e+02 1.600000000000000000e+01 0.000000000000000000e+00 -1.708300000000000096e-02 3.791300000000000225e-02
1.440000000000000000e+02 7.700000000000000000e+01 0.000000000000000000e+00 1.708300000000000096e-02 3.791300000000000225e-02
1.450000000000000000e+02 4.000000000000000000e+01 0.000000000000000000e+00 4.513800000000000104e-03 4.512800000000000145e-02
1.530000000000000000e+02 7.300000000000000000e+01 0.000000000000000000e+00 8.418499999999999443e-05 3.779199999999999920e-02
1.540000000000000000e+02 1.600000000000000000e+01 0.000000000000000000e+00 1.287499999999999955e-06 3.662100000000000077e-02
1.540000000000000000e+02 7.600000000000000000e+01 0.000000000000000000e+00 -8.294799999999999526e-04 8.982199999999999906e-02
1.540000000000000000e+02 1.200000000000000000e+02 0.000000000000000000e+00 1.678299999999999839e-05 3.513999999999999763e-02
1.570000000000000000e+02 1.200000000000000000e+01 0.000000000000000000e+00 5.396899999999999614e-03 7.349600000000000577e-02
1.580000000000000000e+02 1.540000000000000000e+02 0.000000000000000000e+00 2.186099999999999957e-04 7.640199999999999769e-02
1.600000000000000000e+02 6.700000000000000000e+01 0.000000000000000000e+00 1.229899999999999917e-03 6.251099999999999712e-02
1.690000000000000000e+02 9.300000000000000000e+01 0.000000000000000000e+00 -2.295400000000000080e-05 5.340000000000000302e-02
1.730000000000000000e+02 2.600000000000000000e+01 0.000000000000000000e+00 -4.547999999999999824e-05 8.203599999999999781e-02
1.730000000000000000e+02 3.400000000000000000e+01 0.000000000000000000e+00 -2.932600000000000010e-05 2.974100000000000008e-02
1.770000000000000000e+02 4.600000000000000000e+01 0.000000000000000000e+00 -3.966200000000000075e-05 3.060600000000000126e-02
1.790000000000000000e+02 1.590000000000000000e+02 0.000000000000000000e+00 -4.242499999999999852e-04 2.606199999999999836e-02
1.840000000000000000e+02 1.900000000000000000e+01 0.000000000000000000e+00 1.316200000000000009e-03 2.690199999999999883e-02
1.900000000000000000e+02 9.800000000000000000e+01 0.000000000000000000e+00 -1.170299999999999959e-04 5.821699999999999792e-02
1.920000000000000000e+02 1.730000000000000000e+02 0.000000000000000000e+00 -2.255599999999999885e-05 4.578499999999999931e-02
2.000000000000000000e+02 1.010000000000000000e+02 0.000000000000000000e+00 -4.346999999999999953e-04 5.625100000000000239e-02
2.040000000000000000e+02 4.400000000000000000e+01 0.000000000000000000e+00 -4.603599999999999901e-04 5.873199999999999948e-02
2.040000000000000000e+02 1.810000000000000000e+02 0.000000000000000000e+00 6.487100000000000418e-04 6.351900000000000601e-02
2.050000000000000000e+02 3.700000000000000000e+01 0.000000000000000000e+00 2.635299999999999993e-05 2.368699999999999972e-02
2.060000000000000000e+02 5.400000000000000000e+01 0.000000000000000000e+00 -1.261599999999999983e-04 3.187999999999999862e-02
2.060000000000000000e+02 8.000000000000000000e+01 0.000000000000000000e+00 -1.516499999999999999e-04 3.220800000000000052e-02
2.070000000000000000e+02 1.500000000000000000e+02 0.000000000000000000e+00 5.606400000000000532e-04 4.878899999999999904e-02
2.090000000000000000e+02 1.880000000000000000e+02 0.000000000000000000e+00 -1.133299999999999932e-02 3.040700000000000000e-02
2.150000000000000000e+02 1.570000000000000000e+02 0.000000000000000000e+00 4.333899999999999905e-03 6.715200000000000335e-02
2.170000000000000000e+02 2.030000000000000000e+02 0.000000000000000000e+00 -4.709599999999999767e-05 4.572199999999999875e-02
2.230000000000000000e+02 1.100000000000000000e+01 0.000000000000000000e+00 -6.005699999999999776e-05 4.206100000000000116e-02
2.290000000000000000e+02 3.500000000000000000e+01 0.000000000000000000e+00 -1.002000000000000063e-05 3.149500000000000216e-02
2.290000000000000000e+02 1.140000000000000000e+02 0.000000000000000000e+00 -2.018800000000000051e-05 2.301500000000000073e-02
2.300000000000000000e+02 1.600000000000000000e+02 0.000000000000000000e+00 8.173299999999999825e-05 5.842300000000000271e-02
2.310000000000000000e+02 2.500000000000000000e+01 0.000000000000000000e+00 -4.874899999999999828e-04 8.363199999999999801e-02
2.330000000000000000e+02 1.160000000000000000e+02 0.000000000000000000e+00 7.832499999999999185e-03 3.474800000000000111e-02
2.330000000000000000e+02 1.970000000000000000e+02 0.000000000000000000e+00 -7.832499999999999185e-03 3.474800000000000111e-02
2.360000000000000000e+02 1.160000000000000000e+02 0.000000000000000000e+00 8.982600000000000307e-03 2.060400000000000079e-02
2.390000000000000000e+02 1.060000000000000000e+02 0.000000000000000000e+00 -1.315800000000000108e-04 2.651600000000000137e-02
2.390000000000000000e+02 1.640000000000000000e+02 0.000000000000000000e+00 -1.015200000000000038e-04 1.887600000000000042e-02
2.430000000000000000e+02 2.110000000000000000e+02 0.000000000000000000e+00 1.427000000000000059e-05 2.882900000000000046e-02
2.460000000000000000e+02 1.900000000000000000e+02 0.000000000000000000e+00 1.118000000000000070e-02 3.430799999999999822e-02
2.470000000000000000e+02 6.700000000000000000e+01 0.000000000000000000e+00 -7.321500000000000120e-06 2.724000000000000032e-02
2.470000000000000000e+02 1.600000000000000000e+02 0.000000000000000000e+00 -3.888000000000000044e-05 1.689299999999999830e-02
2.500000000000000000e+02 6.100000000000000000e+01 0.000000000000000000e+00 9.944099999999999879e-05 1.417799999999999963e-02
2.500000000000000000e+02 7.500000000000000000e+01 0.000000000000000000e+00 8.782400000000000482e-05 3.758500000000000035e-02
2.510000000000000000e+02 1.600000000000000000e+02 0.000000000000000000e+00 -3.552399999999999937e-04 1.097700000000000065e-01
2.520000000000000000e+02 1.100000000000000000e+01 0.000000000000000000e+00 2.234000000000000092e-04 4.302799999999999681e-02
2.520000000000000000e+02 2.700000000000000000e+01 0.000000000000000000e+00 2.030000000000000012e-04 2.218699999999999839e-02
2.600000000000000000e+02 6.400000000000000000e+01 0.000000000000000000e+00 -5.911000000000000022e-04 4.186900000000000344e-02
2.700000000000000000e+02 1.110000000000000000e+02 0.000000000000000000e+00 1.615600000000000022e-02 8.688700000000000589e-02
2.700000000000000000e+02 2.080000000000000000e+02 0.000000000000000000e+00 -1.615600000000000022e-02 8.688700000000000589e-02
2.710000000000000000e+02 9.700000000000000000e+01 0.000000000000000000e+00 2.625000000000000109e-05 3.419400000000000217e-02
2.710000000000000000e+02 1.990000000000000000e+02 0.000000000000000000e+00 -2.124299999999999973e-04 5.502100000000000046e-02
2.710000000000000000e+02 2.310000000000000000e+02 0.000000000000000000e+00 1.123499999999999933e-04 6.752099999999999769e-02
2.720000000000000000e+02 1.900000000000000000e+02 0.000000000000000000e+00 6.713799999999999586e-04 3.631100000000000300e-02
2.730000000000000000e+02 2.600000000000000000e+02 0.000000000000000000e+00 -8.812699999999999700e-04 6.874099999999999655e-02
2.760000000000000000e+02 2.180000000000000000e+02 0.000000000000000000e+00 -1.168999999999999955e-04 5.156600000000000072e-02
2.770000000000000000e+02 1.250000000000000000e+02 0.000000000000000000e+00 -4.716000000000000248e-04 7.002899999999999403e-02
2.780000000000000000e+02 2.070000000000000000e+02 0.000000000000000000e+00 2.146100000000000178e-03 4.700900000000000217e-02
2.790000000000000000e+02 3.500000000000000000e+01 0.000000000000000000e+00 -3.875400000000000199e-04 5.020899999999999669e-02
2.790000000000000000e+02 2.460000000000000000e+02 0.000000000000000000e+00 -4.197100000000000049e-04 2.708199999999999844e-02
2.820000000000000000e+02 6.500000000000000000e+01 0.000000000000000000e+00 3.379799999999999726e-05 6.273700000000000110e-02
2.820000000000000000e+02 1.000000000000000000e+02 0.000000000000000000e+00 2.043600000000000017e-04 8.803400000000000114e-02
2.820000000000000000e+02 2.520000000000000000e+02 0.000000000000000000e+00 -5.894500000000000434e-04 6.647200000000000331e-02
2.840000000000000000e+02 1.880000000000000000e+02 0.000000000000000000e+00 -5.649999999999999776e-05 5.805799999999999850e-02
2.840000000000000000e+02 1.960000000000000000e+02 0.000000000000000000e+00 6.050700000000000192e-05 4.755999999999999811e-02
2.850000000000000000e+02 1.210000000000000000e+02 0.000000000000000000e+00 1.570800000000000072e-04 5.075899999999999856e-02
2.850000000000000000e+02 1.320000000000000000e+02 0.000000000000000000e+00 1.116300000000000002e-04 2.044800000000000090e-02
2.860000000000000000e+02 4.400000000000000000e+01 0.000000000000000000e+00 -1.398800000000000058e-06 3.443899999999999739e-02
2.860000000000000000e+02 1.240000000000000000e+02 0.000000000000000000e+00 -4.534999999999999779e-05 3.874799999999999772e-02
2.860000000000000000e+02 1.320000000000000000e+02 0.000000000000000000e+00 -3.580399999999999805e-05 2.983500000000000041e-02
2.870000000000000000e+02 9.800000000000000000e+01 0.000000000000000000e+00 1.363800000000000082e-02 3.568600000000000244e-02
2.880000000000000000e+02 2.110000000000000000e+02 0.000000000000000000e+00 3.371300000000000062e-05 2.804099999999999995e-02
2.900000000000000000e+02 2.800000000000000000e+01 0.000000000000000000e+00 5.003499999999999783e-05 2.586799999999999863e-02
2.930000000000000000e+02 2.290000000000000000e+02 0.000000000000000000e+00 1.798700000000000082e-03 2.218799999999999939e-02
2.940000000000000000e+02 4.000000000000000000e+00 0.000000000000000000e+00 -4.067200000000000090e-04 5.210700000000000054e-02
2.940000000000000000e+02 7.700000000000000000e+01 0.000000000000000000e+00 -9.640200000000000028e-04 4.186000000000000137e-02
2.940000000000000000e+02 2.510000000000000000e+02 0.000000000000000000e+00 -7.040800000000000487e-04 3.581899999999999668e-02
2.960000000000000000e+02 2.290000000000000000e+02 0.000000000000000000e+00 7.198000000000000371e-06 1.696500000000000091e-02
2.960000000000000000e+02 2.350000000000000000e+02 0.000000000000000000e+00 -2.261499999999999862e-06 2.959200000000000025e-02
2.980000000000000000e+02 1.610000000000000000e+02 0.000000000000000000e+00 -8.726600000000000101e-05 4.318700000000000316e-02
2.980000000000000000e+02 2.640000000000000000e+02 0.000000000000000000e+00 -9.500299999999999826e-05 3.401799999999999963e-02
3.000000000000000000e+02 2.080000000000000000e+02 0.000000000000000000e+00 1.078500000000000032e-03 6.703699999999999937e-02
3.010000000000000000e+02 2.740000000000000000e+02 0.000000000000000000e+00 9.126300000000000384e-03 2.653300000000000103e-02
3.020000000000000000e+02 4.900000000000000000e+01 0.000000000000000000e+00 -2.111699999999999992e-04 7.562199999999999478e-02
3.020000000000000000e+02 1.100000000000000000e+02 0.000000000000000000e+00 6.288700000000000149e-04 5.565400000000000208e-02
3.020000000000000000e+02 1.970000000000000000e+02 0.000000000000000000e+00 3.325800000000000175e-04 2.857200000000000017e-02
3.030000000000000000e+02 3.200000000000000000e+01 0.000000000000000000e+00 4.963300000000000350e-03 3.917500000000000149e-02
3.060000000000000000e+02 9.000000000000000000e+01 0.000000000000000000e+00 -5.946400000000000123e-04 6.344700000000000339e-02
3.060000000000000000e+02 1.950000000000000000e+02 0.000000000000000000e+00 4.110699999999999792e-04 5.615499999999999658e-02
3.090000000000000000e+02 7.400000000000000000e+01 0.000000000000000000e+00 9.965299999999999853e-03 3.174500000000000238e-02
3.100000000000000000e+02 9.400000000000000000e+01 0.000000000000000000e+00 1.178699999999999973e-03 2.718599999999999836e-02
3.130000000000000000e+02 2.970000000000000000e+02 0.000000000000000000e+00 6.571200000000000131e-03 3.045499999999999943e-02
3.140000000000000000e+02 2.640000000000000000e+02 0.000000000000000000e+00 4.119600000000000063e-04 2.869999999999999982e-02
3.170000000000000000e+02 2.600000000000000000e+02 0.000000000000000000e+00 1.520800000000000103e-03 4.658199999999999841e-02
3.200000000000000000e+02 1.270000000000000000e+02 0.000000000000000000e+00 -4.623999999999999774e-05 4.769899999999999834e-02
3.200000000000000000e+02 3.180000000000000000e+02 0.000000000000000000e+00 4.671299999999999812e-05 5.769699999999999829e-02
3.220000000000000000e+02 7.800000000000000000e+01 0.000000000000000000e+00 -3.274199999999999789e-04 2.564699999999999966e-02
3.220000000000000000e+02 1.260000000000000000e+02 0.000000000000000000e+00 -3.851899999999999899e-04 3.758800000000000335e-02
3.240000000000000000e+02 2.250000000000000000e+02 0.000000000000000000e+00 -5.833200000000000190e-04 6.025900000000000006e-02
3.240000000000000000e+02 3.150000000000000000e+02 0.000000000000000000e+00 5.289399999999999874e-04 7.652499999999999580e-02
3.290000000000000000e+02 9.400000000000000000e+01 0.000000000000000000e+00 1.343500000000000076e-03 4.621600000000000014e-02
3.300000000000000000e+02 3.200000000000000000e+01 0.000000000000000000e+00 3.501400000000000053e-05 8.675199999999999578e-02
3.300000000000000000e+02 1.550000000000000000e+02 0.000000000000000000e+00 -2.589800000000000175e-04 5.589600000000000124e-02
3.310000000000000000e+02 1.630000000000000000e+02 0.000000000000000000e+00 5.353200000000000449e-04 6.441700000000000204e-02
3.310000000000000000e+02 3.190000000000000000e+02 0.000000000000000000e+00 5.326999999999999921e-04 2.818299999999999972e-02
3.320000000000000000e+02 2.850000000000000000e+02 0.000000000000000000e+00 -2.148700000000000078e-04 3.757599999999999829e-02
3.340000000000000000e+02 5.100000000000000000e+01 0.000000000000000000e+00 3.289500000000000269e-05 1.237100000000000005e-01
3.340000000000000000e+02 2.080000000000000000e+02 0.000000000000000000e+00 -3.413800000000000146e-04 9.463299999999999490e-02
3.340000000000000000e+02 2.900000000000000000e+02 0.000000000000000000e+00 -3.123399999999999809e-04 2.466300000000000089e-02
3.350000000000000000e+02 1.000000000000000000e+00 0.000000000000000000e+00 3.803899999999999816e-04 2.022399999999999892e-02
3.350000000000000000e+02 3.200000000000000000e+01 0.000000000000000000e+00 -9.576799999999999517e-06 1.001699999999999952e-01
3.350000000000000000e+02 1.120000000000000000e+02 0.000000000000000000e+00 3.052199999999999813e-04 5.186799999999999744e-02
3.360000000000000000e+02 1.880000000000000000e+02 0.000000000000000000e+00 -1.175400000000000056e-03 6.949299999999999922e-02
3.360000000000000000e+02 3.160000000000000000e+02 0.000000000000000000e+00 1.175400000000000056e-03 6.949299999999999922e-02
3.370000000000000000e+02 1.810000000000000000e+02 0.000000000000000000e+00 -3.623400000000000037e-04 5.578899999999999831e-02
3.380000000000000000e+02 7.400000000000000000e+01 0.000000000000000000e+00 -8.496000000000000513e-04 2.032799999999999885e-02
3.380000000000000000e+02 2.000000000000000000e+02 0.000000000000000000e+00 8.496000000000000513e-04 2.032799999999999885e-02
3.410000000000000000e+02 9.400000000000000000e+01 0.000000000000000000e+00 3.662200000000000275e-05 2.093199999999999922e-02
3.430000000000000000e+02 1.340000000000000000e+02 0.000000000000000000e+00 1.385399999999999983e-05 2.908499999999999974e-02
3.430000000000000000e+02 3.320000000000000000e+02 0.000000000000000000e+00 4.380399999999999599e-06 2.709400000000000003e-02
3.440000000000000000e+02 2.430000000000000000e+02 0.000000000000000000e+00 4.370999999999999994e-04 4.005800000000000333e-02
3.440000000000000000e+02 2.870000000000000000e+02 0.000000000000000000e+00 -4.370999999999999994e-04 4.005800000000000333e-02
3.450000000000000000e+02 2.730000000000000000e+02 0.000000000000000000e+00 -2.340599999999999918e-05 2.094499999999999834e-02
3.450000000000000000e+02 2.980000000000000000e+02 0.000000000000000000e+00 1.926399999999999886e-06 2.364600000000000035e-02
3.460000000000000000e+02 1.680000000000000000e+02 0.000000000000000000e+00 5.887100000000000145e-03 2.654000000000000109e-02
3.470000000000000000e+02 8.700000000000000000e+01 0.000000000000000000e+00 8.449900000000000531e-05 6.456699999999999939e-02
3.470000000000000000e+02 1.560000000000000000e+02 0.000000000000000000e+00 1.069700000000000007e-04 2.812100000000000016e-02
3.470000000000000000e+02 1.720000000000000000e+02 0.000000000000000000e+00 9.259199999999999711e-05 5.023199999999999887e-02
3.470000000000000000e+02 2.500000000000000000e+02 0.000000000000000000e+00 -2.354100000000000043e-05 5.746699999999999725e-02
3.480000000000000000e+02 1.240000000000000000e+02 0.000000000000000000e+00 4.710699999999999957e-03 2.280099999999999835e-02
3.490000000000000000e+02 2.720000000000000000e+02 0.000000000000000000e+00 1.389300000000000083e-02 5.377900000000000041e-02
3.500000000000000000e+02 2.940000000000000000e+02 0.000000000000000000e+00 1.767699999999999827e-02 5.928200000000000136e-02
3.510000000000000000e+02 3.410000000000000000e+02 0.000000000000000000e+00 -4.012100000000000215e-03 3.734699999999999825e-02
3.510000000000000000e+02 3.480000000000000000e+02 0.000000000000000000e+00 4.012100000000000215e-03 3.734699999999999825e-02
3.520000000000000000e+02 7.800000000000000000e+01 0.000000000000000000e+00 -9.764700000000000072e-04 3.052699999999999858e-02
3.520000000000000000e+02 2.420000000000000000e+02 0.000000000000000000e+00 -9.453400000000000258e-04 6.833599999999999397e-02
3.530000000000000000e+02 2.730000000000000000e+02 0.000000000000000000e+00 4.965199999999999692e-04 5.993199999999999916e-02
3.530000000000000000e+02 3.050000000000000000e+02 0.000000000000000000e+00 -1.279399999999999982e-04 4.356299999999999756e-02
3.550000000000000000e+02 2.490000000000000000e+02 0.000000000000000000e+00 1.389800000000000063e-02 2.869100000000000122e-02
3.560000000000000000e+02 1.180000000000000000e+02 0.000000000000000000e+00 7.961500000000000261e-04 1.195900000000000019e-01
3.560000000000000000e+02 1.390000000000000000e+02 0.000000000000000000e+00 1.032399999999999941e-04 5.934199999999999892e-02
3.570000000000000000e+02 9.000000000000000000e+00 0.000000000000000000e+00 -4.294599999999999980e-04 4.738300000000000151e-02
3.570000000000000000e+02 3.170000000000000000e+02 0.000000000000000000e+00 -2.211500000000000087e-04 5.848400000000000126e-02
3.580000000000000000e+02 3.000000000000000000e+01 0.000000000000000000e+00 2.219600000000000045e-02 3.997300000000000159e-02
3.600000000000000000e+02 1.650000000000000000e+02 0.000000000000000000e+00 -2.313000000000000115e-04 4.024500000000000299e-02
3.600000000000000000e+02 1.810000000000000000e+02 0.000000000000000000e+00 -2.357199999999999996e-04 9.109499999999999542e-02
3.600000000000000000e+02 1.830000000000000000e+02 0.000000000000000000e+00 -1.975099999999999978e-04 7.275700000000000223e-02
3.610000000000000000e+02 2.830000000000000000e+02 0.000000000000000000e+00 -1.680300000000000158e-05 5.887900000000000078e-02
3.610000000000000000e+02 3.160000000000000000e+02 0.000000000000000000e+00 -1.930699999999999997e-05 5.873199999999999948e-02
3.620000000000000000e+02 3.050000000000000000e+02 0.000000000000000000e+00 -4.421599999999999814e-05 2.923999999999999863e-02
3.620000000000000000e+02 3.530000000000000000e+02 0.000000000000000000e+00 -4.547099999999999883e-05 1.466199999999999969e-02
3.640000000000000000e+02 1.960000000000000000e+02 0.000000000000000000e+00 -6.398500000000000487e-05 5.247700000000000281e-02
3.640000000000000000e+02 2.420000000000000000e+02 0.000000000000000000e+00 1.516900000000000063e-04 6.166699999999999959e-02
3.650000000000000000e+02 2.840000000000000000e+02 0.000000000000000000e+00 5.235400000000000297e-03 1.746500000000000136e-02
3.670000000000000000e+02 3.900000000000000000e+01 0.000000000000000000e+00 3.205899999999999917e-05 2.562800000000000147e-02
3.670000000000000000e+02 2.040000000000000000e+02 0.000000000000000000e+00 1.127199999999999982e-05 3.937000000000000222e-02
3.670000000000000000e+02 2.650000000000000000e+02 0.000000000000000000e+00 -3.967700000000000145e-06 3.587400000000000311e-02
3.690000000000000000e+02 2.760000000000000000e+02 0.000000000000000000e+00 -2.402799999999999966e-04 6.345599999999999852e-02
3.710000000000000000e+02 1.380000000000000000e+02 0.000000000000000000e+00 1.681999999999999956e-04 3.194600000000000217e-02
3.710000000000000000e+02 1.630000000000000000e+02 0.000000000000000000e+00 2.286999999999999957e-05 6.079299999999999982e-02
3.720000000000000000e+02 1.830000000000000000e+02 0.000000000000000000e+00 -7.368200000000000097e-04 4.865400000000000280e-02
3.760000000000000000e+02 3.140000000000000000e+02 0.000000000000000000e+00 5.398599999999999927e-03 9.650499999999999357e-02
3.760000000000000000e+02 3.420000000000000000e+02 0.000000000000000000e+00 -5.398599999999999927e-03 9.650499999999999357e-02
3.780000000000000000e+02 1.390000000000000000e+02 0.000000000000000000e+00 1.764399999999999996e-02 3.042200000000000112e-02
3.780000000000000000e+02 1.480000000000000000e+02 0.000000000000000000e+00 -1.764399999999999996e-02 3.042200000000000112e-02
3.800000000000000000e+02 3.710000000000000000e+02 0.000000000000000000e+00 -3.013000000000000053e-04 5.378200000000000341e-02
3.810000000000000000e+02 1.000000000000000000e+00 0.000000000000000000e+00 3.050600000000000066e-06 2.638800000000000173e-02
3.810000000000000000e+02 3.300000000000000000e+01 0.000000000000000000e+00 -1.485700000000000022e-05 1.574599999999999958e-02
3.810000000000000000e+02 1.160000000000000000e+02 0.000000000000000000e+00 -2.658599999999999923e-05 5.938800000000000329e-02
3.830000000000000000e+02 2.580000000000000000e+02 0.000000000000000000e+00 -4.033399999999999702e-05 7.755499999999999894e-02
3.830000000000000000e+02 2.650000000000000000e+02 0.000000000000000000e+00 5.328999999999999970e-05 4.989299999999999985e-02
3.830000000000000000e+02 2.810000000000000000e+02 0.000000000000000000e+00 -5.517500000000000113e-06 1.957599999999999965e-02
3.830000000000000000e+02 3.140000000000000000e+02 0.000000000000000000e+00 -1.326100000000000060e-05 6.485499999999999599e-02
3.840000000000000000e+02 7.500000000000000000e+01 0.000000000000000000e+00 -5.442500000000000289e-04 5.145399999999999974e-02
3.840000000000000000e+02 2.150000000000000000e+02 0.000000000000000000e+00 -5.502400000000000173e-04 7.418600000000000194e-02
3.850000000000000000e+02 2.550000000000000000e+02 0.000000000000000000e+00 -3.041700000000000046e-03 7.996300000000000630e-02
3.850000000000000000e+02 2.740000000000000000e+02 0.000000000000000000e+00 -2.428500000000000103e-03 4.297399999999999831e-02
3.860000000000000000e+02 3.000000000000000000e+01 0.000000000000000000e+00 3.510899999999999877e-05 3.644800000000000123e-02
3.860000000000000000e+02 1.290000000000000000e+02 0.000000000000000000e+00 6.949299999999999347e-05 5.764899999999999886e-02
3.860000000000000000e+02 1.790000000000000000e+02 0.000000000000000000e+00 -2.657000000000000141e-05 6.461899999999999589e-02
3.870000000000000000e+02 2.720000000000000000e+02 0.000000000000000000e+00 -1.137200000000000022e-04 8.412500000000000533e-02
3.870000000000000000e+02 3.290000000000000000e+02 0.000000000000000000e+00 -5.269599999999999827e-05 3.187299999999999855e-02
3.880000000000000000e+02 1.050000000000000000e+02 0.000000000000000000e+00 4.935299999999999995e-05 4.915599999999999831e-02
3.900000000000000000e+02 1.270000000000000000e+02 0.000000000000000000e+00 -1.336400000000000012e-04 5.398800000000000127e-02
3.900000000000000000e+02 1.770000000000000000e+02 0.000000000000000000e+00 1.344100000000000091e-04 5.038900000000000323e-02
3.920000000000000000e+02 2.430000000000000000e+02 0.000000000000000000e+00 -3.129000000000000162e-04 4.608099999999999696e-02
3.930000000000000000e+02 1.610000000000000000e+02 0.000000000000000000e+00 4.317999999999999790e-04 5.217900000000000316e-02
3.930000000000000000e+02 3.570000000000000000e+02 0.000000000000000000e+00 -4.317999999999999790e-04 5.217900000000000316e-02
3.940000000000000000e+02 1.480000000000000000e+02 0.000000000000000000e+00 2.568999999999999967e-05 2.466399999999999842e-02
3.940000000000000000e+02 3.030000000000000000e+02 0.000000000000000000e+00 1.550600000000000028e-05 4.005700000000000233e-02
3.940000000000000000e+02 3.080000000000000000e+02 0.000000000000000000e+00 5.797900000000000173e-05 1.453800000000000057e-02
3.950000000000000000e+02 3.250000000000000000e+02 0.000000000000000000e+00 -1.899499999999999930e-03 2.736200000000000090e-02
3.960000000000000000e+02 2.580000000000000000e+02 0.000000000000000000e+00 -2.282300000000000154e-05 5.404899999999999982e-02
3.960000000000000000e+02 3.100000000000000000e+02 0.000000000000000000e+00 -1.275299999999999936e-04 2.351800000000000071e-02
3.960000000000000000e+02 3.920000000000000000e+02 0.000000000000000000e+00 -1.136700000000000010e-04 4.420000000000000318e-02
3.990000000000000000e+02 2.070000000000000000e+02 0.000000000000000000e+00 -4.039500000000000034e-06 4.250600000000000211e-02
3.990000000000000000e+02 3.180000000000000000e+02 0.000000000000000000e+00 5.724100000000000303e-05 5.665400000000000297e-02
4.030000000000000000e+02 5.700000000000000000e+01 0.000000000000000000e+00 -1.206099999999999989e-04 2.282500000000000154e-02
4.030000000000000000e+02 1.340000000000000000e+02 0.000000000000000000e+00 1.871999999999999966e-04 4.988800000000000179e-02
4.030000000000000000e+02 2.310000000000000000e+02 0.000000000000000000e+00 3.161899999999999932e-04 6.977600000000000469e-02
4.030000000000000000e+02 3.150000000000000000e+02 0.000000000000000000e+00 -5.637899999999999943e-04 8.599400000000000099e-02
4.040000000000000000e+02 2.300000000000000000e+02 0.000000000000000000e+00 -1.521700000000000017e-04 7.201499999999999568e-02
4.050000000000000000e+02 3.870000000000000000e+02 0.000000000000000000e+00 3.105999999999999739e-05 5.430200000000000304e-02
4.060000000000000000e+02 1.960000000000000000e+02 0.000000000000000000e+00 1.330699999999999938e-02 7.493900000000000561e-02
4.060000000000000000e+02 3.700000000000000000e+02 0.000000000000000000e+00 -1.330699999999999938e-02 7.493900000000000561e-02
4.070000000000000000e+02 6.800000000000000000e+01 0.000000000000000000e+00 2.667300000000000161e-04 5.269399999999999779e-02
4.080000000000000000e+02 2.390000000000000000e+02 0.000000000000000000e+00 2.367000000000000072e-04 7.188100000000000045e-02
4.080000000000000000e+02 2.990000000000000000e+02 0.000000000000000000e+00 -1.595900000000000085e-04 3.317099999999999910e-02
4.090000000000000000e+02 3.900000000000000000e+02 0.000000000000000000e+00 -5.095099999999999719e-06 2.136700000000000058e-02
4.100000000000000000e+02 1.140000000000000000e+02 0.000000000000000000e+00 1.967100000000000055e-04 1.171499999999999972e-02
4.100000000000000000e+02 1.420000000000000000e+02 0.000000000000000000e+00 -1.642100000000000016e-04 7.077799999999999370e-02
4.110000000000000000e+02 9.000000000000000000e+00 0.000000000000000000e+00 2.379099999999999965e-02 5.483099999999999780e-02
4.110000000000000000e+02 1.700000000000000000e+02 0.000000000000000000e+00 -2.379099999999999965e-02 5.483099999999999780e-02
4.120000000000000000e+02 2.790000000000000000e+02 0.000000000000000000e+00 1.574199999999999992e-03 3.945699999999999902e-02
4.240000000000000000e+02 1.730000000000000000e+02 0.000000000000000000e+00 1.147899999999999962e-02 2.629000000000000087e-02
4.280000000000000000e+02 3.370000000000000000e+02 0.000000000000000000e+00 1.159899999999999994e-02 2.244200000000000014e-02
4.310000000000000000e+02 1.630000000000000000e+02 0.000000000000000000e+00 5.244000000000000397e-03 3.650500000000000272e-02
4.340000000000000000e+02 1.290000000000000000e+02 0.000000000000000000e+00 3.588699999999999708e-05 3.932599999999999985e-02
4.450000000000000000e+02 5.900000000000000000e+01 0.000000000000000000e+00 -8.271100000000000414e-04 6.553699999999999803e-02
4.460000000000000000e+02 2.120000000000000000e+02 0.000000000000000000e+00 -8.411500000000000357e-05 4.249700000000000005e-02
4.480000000000000000e+02 1.320000000000000000e+02 0.000000000000000000e+00 -9.176300000000000082e-04 2.545999999999999999e-02
4.480000000000000000e+02 1.340000000000000000e+02 0.000000000000000000e+00 9.176300000000000082e-04 2.545999999999999999e-02
4.530000000000000000e+02 4.900000000000000000e+01 0.000000000000000000e+00 -9.220599999999999437e-06 5.124100000000000182e-02
4.530000000000000000e+02 8.400000000000000000e+01 0.000000000000000000e+00 -2.057499999999999867e-05 1.747500000000000095e-02
4.530000000000000000e+02 9.300000000000000000e+01 0.000000000000000000e+00 -1.095599999999999980e-05 3.637699999999999961e-02
4.550000000000000000e+02 3.740000000000000000e+02 0.000000000000000000e+00 2.067499999999999893e-02 6.696799999999999975e-02
4.630000000000000000e+02 3.630000000000000000e+02 0.000000000000000000e+00 1.141200000000000017e-05 2.318900000000000128e-02
4.630000000000000000e+02 3.770000000000000000e+02 0.000000000000000000e+00 -1.787500000000000038e-06 1.227400000000000019e-02
4.630000000000000000e+02 4.280000000000000000e+02 0.000000000000000000e+00 -3.609600000000000135e-06 1.709600000000000009e-02
4.650000000000000000e+02 1.250000000000000000e+02 0.000000000000000000e+00 1.510799999999999990e-02 5.993699999999999722e-02
4.650000000000000000e+02 4.100000000000000000e+02 0.000000000000000000e+00 -1.510799999999999990e-02 5.993699999999999722e-02
4.660000000000000000e+02 1.220000000000000000e+02 0.000000000000000000e+00 3.850600000000000030e-05 1.618599999999999900e-02
4.660000000000000000e+02 2.770000000000000000e+02 0.000000000000000000e+00 1.996900000000000142e-05 7.251100000000000600e-02
4.660000000000000000e+02 3.690000000000000000e+02 0.000000000000000000e+00 2.067899999999999971e-05 4.880799999999999722e-02
4.740000000000000000e+02 1.790000000000000000e+02 0.000000000000000000e+00 -1.912899999999999930e-04 6.403100000000000458e-02
4.740000000000000000e+02 2.120000000000000000e+02 0.000000000000000000e+00 4.070700000000000175e-05 5.014300000000000007e-02
4.750000000000000000e+02 8.000000000000000000e+00 0.000000000000000000e+00 -2.754899999999999797e-04 4.158599999999999797e-02
4.750000000000000000e+02 2.520000000000000000e+02 0.000000000000000000e+00 1.128399999999999971e-04 5.601799999999999835e-02
4.760000000000000000e+02 4.690000000000000000e+02 0.000000000000000000e+00 2.041999999999999978e-03 4.636599999999999749e-02
4.860000000000000000e+02 1.260000000000000000e+02 0.000000000000000000e+00 3.111300000000000112e-04 4.382099999999999884e-02
4.860000000000000000e+02 1.960000000000000000e+02 0.000000000000000000e+00 -3.057099999999999987e-04 4.214899999999999897e-02
4.930000000000000000e+02 2.700000000000000000e+01 0.000000000000000000e+00 4.890499999999999882e-03 1.992499999999999827e-02
4.930000000000000000e+02 4.400000000000000000e+02 0.000000000000000000e+00 -4.890499999999999882e-03 1.992499999999999827e-02
4.950000000000000000e+02 1.070000000000000000e+02 0.000000000000000000e+00 6.734200000000000082e-03 2.727999999999999869e-02
4.970000000000000000e+02 2.740000000000000000e+02 0.000000000000000000e+00 6.231399999999999786e-03 3.047000000000000056e-02
5.000000000000000000e+02 4.180000000000000000e+02 1.000000000000000000e+00 4.267300000000000260e-02 4.257400000000000073e-02
5.010000000000000000e+02 4.000000000000000000e+01 0.000000000000000000e+00 4.678500000000000150e-04 4.406500000000000000e-02
5.010000000000000000e+02 3.950000000000000000e+02 0.000000000000000000e+00 -5.079599999999999952e-05 1.038599999999999940e-01
5.010000000000000000e+02 4.420000000000000000e+02 0.000000000000000000e+00 6.401799999999999592e-04 3.205199999999999716e-02
5.020000000000000000e+02 1.130000000000000000e+02 0.000000000000000000e+00 -2.568100000000000027e-04 3.837000000000000133e-02
5.020000000000000000e+02 4.460000000000000000e+02 0.000000000000000000e+00 -1.179000000000000062e-04 5.708099999999999979e-02
5.030000000000000000e+02 3.570000000000000000e+02 0.000000000000000000e+00 4.419300000000000138e-03 2.261200000000000015e-02
5.060000000000000000e+02 4.690000000000000000e+02 0.000000000000000000e+00 2.864699999999999864e-04 3.270300000000000290e-02
5.070000000000000000e+02 1.300000000000000000e+01 0.000000000000000000e+00 -5.819999999999999843e-05 3.118100000000000038e-02
5.070000000000000000e+02 4.920000000000000000e+02 0.000000000000000000e+00 1.049999999999999942e-05 2.118000000000000091e-02
5.070000000000000000e+02 5.020000000000000000e+02 0.000000000000000000e+00 3.866700000000000096e-05 3.754600000000000298e-02
5.090000000000000000e+02 1.000000000000000000e+01 0.000000000000000000e+00 -6.351699999999999512e-05 3.576700000000000018e-02
5.090000000000000000e+02 1.400000000000000000e+01 0.000000000000000000e+00 -3.820100000000000237e-05 2.774300000000000030e-02
5.090000000000000000e+02 7.200000000000000000e+01 0.000000000000000000e+00 -2.350600000000000161e-05 2.075300000000000061e-02
5.090000000000000000e+02 8.000000000000000000e+01 0.000000000000000000e+00 5.048899999999999721e-05 5.656499999999999723e-02
5.120000000000000000e+02 2.050000000000000000e+02 0.000000000000000000e+00 5.160699999999999836e-04 3.694299999999999667e-02
5.140000000000000000e+02 1.690000000000000000e+02 0.000000000000000000e+00 1.092600000000000008e-05 4.313700000000000173e-02
5.140000000000000000e+02 2.140000000000000000e+02 0.000000000000000000e+00 -1.816599999999999853e-05 2.026199999999999876e-02
5.140000000000000000e+02 2.930000000000000000e+02 0.000000000000000000e+00 -3.966300000000000294e-05 1.754299999999999957e-02
5.150000000000000000e+02 4.090000000000000000e+02 0.000000000000000000e+00 -6.266800000000000376e-05 3.094299999999999828e-02
5.210000000000000000e+02 3.410000000000000000e+02 0.000000000000000000e+00 6.415800000000000149e-03 2.544099999999999834e-02
5.240000000000000000e+02 4.340000000000000000e+02 0.000000000000000000e+00 -4.635999999999999930e-04 3.632400000000000212e-02
5.240000000000000000e+02 5.060000000000000000e+02 0.000000000000000000e+00 4.635999999999999930e-04 3.632400000000000212e-02
5.250000000000000000e+02 3.050000000000000000e+02 0.000000000000000000e+00 7.532800000000000086e-03 5.718499999999999972e-02
5.270000000000000000e+02 2.100000000000000000e+01 0.000000000000000000e+00 4.935200000000000047e-04 6.901500000000000690e-02
5.280000000000000000e+02 4.740000000000000000e+02 0.000000000000000000e+00 -9.607699999999999403e-08 3.773200000000000165e-02
5.280000000000000000e+02 5.260000000000000000e+02 0.000000000000000000e+00 2.597799999999999827e-04 4.848199999999999732e-02
5.310000000000000000e+02 2.140000000000000000e+02 0.000000000000000000e+00 -2.267400000000000009e-05 4.595899999999999985e-02
5.310000000000000000e+02 2.210000000000000000e+02 0.000000000000000000e+00 8.811199999999999935e-05 1.829700000000000076e-02
5.330000000000000000e+02 8.900000000000000000e+01 0.000000000000000000e+00 5.465899999999999963e-05 2.552400000000000155e-02
5.330000000000000000e+02 2.100000000000000000e+02 0.000000000000000000e+00 2.409100000000000024e-05 4.414900000000000074e-02
5.330000000000000000e+02 5.310000000000000000e+02 0.000000000000000000e+00 3.895400000000000007e-05 2.504500000000000129e-02
5.350000000000000000e+02 3.700000000000000000e+02 0.000000000000000000e+00 1.034900000000000056e-02 2.457900000000000015e-02
5.360000000000000000e+02 2.390000000000000000e+02 0.000000000000000000e+00 1.837900000000000140e-05 3.249599999999999711e-02
5.360000000000000000e+02 2.880000000000000000e+02 0.000000000000000000e+00 -3.090899999999999832e-05 1.939499999999999905e-02
5.360000000000000000e+02 4.950000000000000000e+02 0.000000000000000000e+00 -3.627200000000000102e-05 1.446099999999999990e-02
5.390000000000000000e+02 8.000000000000000000e+00 0.000000000000000000e+00 1.270400000000000034e-04 5.278399999999999759e-02
5.390000000000000000e+02 1.920000000000000000e+02 0.000000000000000000e+00 -4.308499999999999830e-05 3.257000000000000173e-02
5.390000000000000000e+02 4.240000000000000000e+02 0.000000000000000000e+00 -4.967200000000000147e-05 3.275900000000000339e-02
5.410000000000000000e+02 9.500000000000000000e+01 0.000000000000000000e+00 8.504800000000000294e-05 7.789799999999999502e-02
5.410000000000000000e+02 1.910000000000000000e+02 0.000000000000000000e+00 -3.876099999999999836e-04 5.489999999999999741e-02
5.420000000000000000e+02 3.490000000000000000e+02 0.000000000000000000e+00 -6.041399999999999722e-04 6.191800000000000082e-02
5.420000000000000000e+02 4.120000000000000000e+02 0.000000000000000000e+00 -2.392999999999999891e-04 9.034000000000000363e-02
5.450000000000000000e+02 1.110000000000000000e+02 0.000000000000000000e+00 -2.375499999999999872e-05 7.671699999999999353e-02
5.450000000000000000e+02 1.910000000000000000e+02 0.000000000000000000e+00 1.347499999999999956e-04 5.824700000000000016e-02
5.450000000000000000e+02 5.070000000000000000e+02 0.000000000000000000e+00 -2.804400000000000119e-05 4.678199999999999720e-02
5.490000000000000000e+02 5.100000000000000000e+01 0.000000000000000000e+00 1.021099999999999959e-02 6.270199999999999385e-02
5.500000000000000000e+02 4.700000000000000000e+01 0.000000000000000000e+00 2.771000000000000026e-03 2.900900000000000006e-02
5.530000000000000000e+02 1.210000000000000000e+02 0.000000000000000000e+00 1.722999999999999879e-02 4.805799999999999655e-02
5.530000000000000000e+02 3.370000000000000000e+02 0.000000000000000000e+00 -1.722999999999999879e-02 4.805799999999999655e-02
5.540000000000000000e+02 4.910000000000000000e+02 0.000000000000000000e+00 1.018600000000000061e-02 2.710600000000000162e-02
5.550000000000000000e+02 9.900000000000000000e+01 0.000000000000000000e+00 4.287199999999999692e-03 4.801300000000000012e-02
5.570000000000000000e+02 2.760000000000000000e+02 0.000000000000000000e+00 8.396699999999999997e-03 5.681800000000000045e-02
5.580000000000000000e+02 1.400000000000000000e+02 0.000000000000000000e+00 9.690800000000000119e-05 2.473200000000000051e-02
5.580000000000000000e+02 4.220000000000000000e+02 0.000000000000000000e+00 -1.310399999999999922e-04 2.679799999999999890e-02
5.590000000000000000e+02 3.200000000000000000e+02 0.000000000000000000e+00 -5.189599999999999915e-05 3.556900000000000339e-02
5.590000000000000000e+02 5.220000000000000000e+02 0.000000000000000000e+00 4.703999999999999685e-05 7.472600000000000076e-02
5.620000000000000000e+02 4.450000000000000000e+02 0.000000000000000000e+00 8.635900000000000173e-03 3.270499999999999796e-02
5.640000000000000000e+02 7.400000000000000000e+01 0.000000000000000000e+00 -1.238100000000000055e-05 4.085799999999999849e-02
5.640000000000000000e+02 1.690000000000000000e+02 0.000000000000000000e+00 1.995699999999999883e-05 2.017100000000000143e-02
5.640000000000000000e+02 2.350000000000000000e+02 0.000000000000000000e+00 2.128599999999999915e-05 2.078299999999999939e-02
5.650000000000000000e+02 1.300000000000000000e+01 0.000000000000000000e+00 1.252400000000000071e-05 2.586899999999999963e-02
5.650000000000000000e+02 1.900000000000000000e+01 0.000000000000000000e+00 7.642899999999999279e-06 2.292800000000000046e-02
5.650000000000000000e+02 4.200000000000000000e+01 0.000000000000000000e+00 -2.801900000000000058e-05 5.478100000000000330e-02
5.650000000000000000e+02 5.410000000000000000e+02 0.000000000000000000e+00 3.124899999999999846e-05 4.161999999999999728e-02
5.660000000000000000e+02 5.600000000000000000e+01 0.000000000000000000e+00 3.718099999999999791e-03 2.786999999999999894e-02
5.670000000000000000e+02 3.090000000000000000e+02 0.000000000000000000e+00 6.021999999999999575e-03 2.794599999999999862e-02
5.680000000000000000e+02 2.900000000000000000e+02 0.000000000000000000e+00 9.130599999999999133e-03 1.482799999999999917e-02
5.740000000000000000e+02 3.060000000000000000e+02 0.000000000000000000e+00 -1.362399999999999939e-03 2.695000000000000173e-02
5.740000000000000000e+02 3.740000000000000000e+02 0.000000000000000000e+00 1.874400000000000024e-03 6.982499999999999818e-02
5.750000000000000000e+02 4.000000000000000000e+02 0.000000000000000000e+00 1.969799999999999850e-03 2.976099999999999926e-02
5.780000000000000000e+02 3.070000000000000000e+02 0.000000000000000000e+00 7.807199999999999383e-05 1.459099999999999980e-02
5.780000000000000000e+02 4.100000000000000000e+02 0.000000000000000000e+00 -7.807199999999999383e-05 1.459099999999999980e-02
5.810000000000000000e+02 9.800000000000000000e+01 0.000000000000000000e+00 1.460700000000000106e-03 1.549200000000000056e-02
5.810000000000000000e+02 2.880000000000000000e+02 0.000000000000000000e+00 -1.460700000000000106e-03 1.549200000000000056e-02
5.830000000000000000e+02 3.000000000000000000e+02 0.000000000000000000e+00 1.353299999999999989e-02 5.147700000000000192e-02
5.840000000000000000e+02 4.450000000000000000e+02 0.000000000000000000e+00 -7.866400000000000443e-05 3.753900000000000292e-02
5.860000000000000000e+02 1.700000000000000000e+02 0.000000000000000000e+00 1.385100000000000003e-03 2.046299999999999855e-02
5.860000000000000000e+02 2.020000000000000000e+02 0.000000000000000000e+00 -1.385100000000000003e-03 2.046299999999999855e-02
5.870000000000000000e+02 3.230000000000000000e+02 0.000000000000000000e+00 3.651499999999999798e-03 5.081499999999999906e-02
5.870000000000000000e+02 4.020000000000000000e+02 0.000000000000000000e+00 -3.651499999999999798e-03 5.081499999999999906e-02
5.880000000000000000e+02 9.000000000000000000e+01 0.000000000000000000e+00 -6.352400000000000234e-04 4.569200000000000345e-02
5.880000000000000000e+02 1.650000000000000000e+02 0.000000000000000000e+00 8.061099999999999646e-04 5.673799999999999677e-02
5.880000000000000000e+02 3.720000000000000000e+02 0.000000000000000000e+00 -9.992500000000000297e-05 1.249600000000000016e-01
5.880000000000000000e+02 3.740000000000000000e+02 0.000000000000000000e+00 -8.638300000000000015e-04 7.643500000000000294e-02
5.900000000000000000e+02 2.180000000000000000e+02 0.000000000000000000e+00 5.046000000000000138e-03 3.882000000000000034e-02
5.900000000000000000e+02 5.550000000000000000e+02 0.000000000000000000e+00 -5.046000000000000138e-03 3.882000000000000034e-02
5.910000000000000000e+02 2.740000000000000000e+02 0.000000000000000000e+00 -8.911200000000000197e-04 4.739499999999999963e-02
5.910000000000000000e+02 3.720000000000000000e+02 0.000000000000000000e+00 3.094999999999999878e-04 7.915300000000000114e-02
5.920000000000000000e+02 4.860000000000000000e+02 0.000000000000000000e+00 5.462700000000000021e-03 2.429299999999999862e-02
5.980000000000000000e+02 3.700000000000000000e+01 0.000000000000000000e+00 -1.116200000000000053e-04 2.463200000000000112e-02
5.980000000000000000e+02 2.050000000000000000e+02 0.000000000000000000e+00 1.111800000000000028e-04 4.096400000000000041e-02
5.980000000000000000e+02 3.680000000000000000e+02 0.000000000000000000e+00 -1.764600000000000012e-04 3.355299999999999949e-02
6.000000000000000000e+02 2.550000000000000000e+02 0.000000000000000000e+00 4.420099999999999724e-03 2.922800000000000051e-02
6.020000000000000000e+02 1.600000000000000000e+01 0.000000000000000000e+00 -3.456100000000000144e-03 3.574499999999999900e-02
6.020000000000000000e+02 2.230000000000000000e+02 0.000000000000000000e+00 3.456100000000000144e-03 3.574499999999999900e-02
6.060000000000000000e+02 4.050000000000000000e+02 0.000000000000000000e+00 -5.458699999999999761e-05 2.867300000000000057e-02
6.060000000000000000e+02 5.210000000000000000e+02 0.000000000000000000e+00 -1.530799999999999980e-05 1.476899999999999914e-02
6.080000000000000000e+02 1.510000000000000000e+02 0.000000000000000000e+00 -1.213000000000000102e-03 5.942499999999999866e-02
6.080000000000000000e+02 2.000000000000000000e+02 0.000000000000000000e+00 5.751299999999999772e-04 6.670800000000000340e-02
6.080000000000000000e+02 2.360000000000000000e+02 0.000000000000000000e+00 -1.024200000000000067e-03 2.139999999999999888e-02
6.090000000000000000e+02 3.610000000000000000e+02 0.000000000000000000e+00 -3.050600000000000066e-06 6.120799999999999852e-02
6.090000000000000000e+02 3.800000000000000000e+02 0.000000000000000000e+00 6.927900000000000196e-06 2.804600000000000148e-02
6.090000000000000000e+02 4.310000000000000000e+02 0.000000000000000000e+00 5.372399999999999588e-06 2.392499999999999835e-02
6.110000000000000000e+02 2.430000000000000000e+02 0.000000000000000000e+00 1.534500000000000057e-03 3.506700000000000095e-02
6.110000000000000000e+02 2.990000000000000000e+02 0.000000000000000000e+00 -1.534500000000000057e-03 3.506700000000000095e-02
6.150000000000000000e+02 2.440000000000000000e+02 0.000000000000000000e+00 7.096200000000000424e-03 1.990300000000000055e-02
6.150000000000000000e+02 3.660000000000000000e+02 0.000000000000000000e+00 -7.096200000000000424e-03 1.990300000000000055e-02
6.160000000000000000e+02 5.840000000000000000e+02 0.000000000000000000e+00 -1.617699999999999911e-04 5.535299999999999943e-02
6.170000000000000000e+02 1.550000000000000000e+02 0.000000000000000000e+00 1.932599999999999943e-02 6.652199999999999780e-02
6.170000000000000000e+02 3.560000000000000000e+02 0.000000000000000000e+00 -1.932599999999999943e-02 6.652199999999999780e-02
6.180000000000000000e+02 6.600000000000000000e+01 0.000000000000000000e+00 -1.652800000000000167e-05 2.064600000000000116e-02
6.180000000000000000e+02 1.720000000000000000e+02 0.000000000000000000e+00 1.874899999999999955e-05 5.360700000000000187e-02
6.180000000000000000e+02 3.910000000000000000e+02 0.000000000000000000e+00 -4.025900000000000198e-05 3.127400000000000319e-02
6.220000000000000000e+02 4.420000000000000000e+02 0.000000000000000000e+00 -9.695300000000000161e-06 2.182900000000000118e-02
6.220000000000000000e+02 4.640000000000000000e+02 0.000000000000000000e+00 3.480200000000000323e-05 2.894000000000000045e-02
6.230000000000000000e+02 3.800000000000000000e+01 0.000000000000000000e+00 -2.966200000000000162e-05 3.560399999999999676e-02
6.230000000000000000e+02 4.700000000000000000e+01 0.000000000000000000e+00 7.716300000000000643e-05 4.646700000000000136e-02
6.230000000000000000e+02 3.000000000000000000e+02 0.000000000000000000e+00 -2.951899999999999977e-05 7.200499999999999956e-02
6.230000000000000000e+02 5.680000000000000000e+02 0.000000000000000000e+00 2.377399999999999972e-05 1.859299999999999842e-02
6.240000000000000000e+02 1.170000000000000000e+02 0.000000000000000000e+00 9.530499999999999909e-04 2.479599999999999860e-02
6.240000000000000000e+02 3.910000000000000000e+02 0.000000000000000000e+00 -9.530499999999999909e-04 2.479599999999999860e-02
6.250000000000000000e+02 3.000000000000000000e+01 0.000000000000000000e+00 9.279199999999999601e-03 3.497499999999999915e-02
6.250000000000000000e+02 6.160000000000000000e+02 0.000000000000000000e+00 -9.279199999999999601e-03 3.497499999999999915e-02
6.260000000000000000e+02 5.900000000000000000e+01 0.000000000000000000e+00 1.241600000000000039e-03 7.335200000000000053e-02
6.270000000000000000e+02 4.000000000000000000e+01 0.000000000000000000e+00 -2.037800000000000039e-05 1.558299999999999963e-02
6.270000000000000000e+02 6.220000000000000000e+02 0.000000000000000000e+00 -2.065999999999999871e-05 2.714799999999999852e-02
6.300000000000000000e+02 1.800000000000000000e+01 0.000000000000000000e+00 1.573700000000000099e-02 3.529199999999999698e-02
6.300000000000000000e+02 3.350000000000000000e+02 0.000000000000000000e+00 -1.573700000000000099e-02 3.529199999999999698e-02
6.310000000000000000e+02 1.890000000000000000e+02 0.000000000000000000e+00 1.201000000000000021e-05 3.523799999999999849e-02
6.310000000000000000e+02 3.070000000000000000e+02 0.000000000000000000e+00 -1.406099999999999971e-05 3.243999999999999662e-02
6.310000000000000000e+02 5.570000000000000000e+02 0.000000000000000000e+00 4.456700000000000207e-05 5.101499999999999785e-02
6.320000000000000000e+02 3.700000000000000000e+02 0.000000000000000000e+00 6.671700000000000026e-03 3.917099999999999749e-02
6.320000000000000000e+02 5.920000000000000000e+02 0.000000000000000000e+00 -6.671700000000000026e-03 3.917099999999999749e-02
6.330000000000000000e+02 3.800000000000000000e+01 0.000000000000000000e+00 1.084700000000000074e-02 2.627000000000000168e-02
6.330000000000000000e+02 4.040000000000000000e+02 0.000000000000000000e+00 -1.084700000000000074e-02 2.627000000000000168e-02
6.370000000000000000e+02 1.700000000000000000e+02 0.000000000000000000e+00 -6.778700000000000133e-04 4.259500000000000092e-02
6.370000000000000000e+02 3.420000000000000000e+02 0.000000000000000000e+00 -9.027700000000000048e-04 9.322500000000000231e-02
6.370000000000000000e+02 3.850000000000000000e+02 0.000000000000000000e+00 6.300700000000000441e-04 8.585600000000000176e-02
6.380000000000000000e+02 1.500000000000000000e+02 0.000000000000000000e+00 -2.659299999999999967e-04 5.706599999999999867e-02
6.380000000000000000e+02 3.710000000000000000e+02 0.000000000000000000e+00 5.048200000000000083e-04 4.955400000000000083e-02
6.390000000000000000e+02 3.410000000000000000e+02 0.000000000000000000e+00 6.803400000000000246e-03 3.467599999999999849e-02
6.390000000000000000e+02 4.050000000000000000e+02 0.000000000000000000e+00 -6.803400000000000246e-03 3.467599999999999849e-02
6.410000000000000000e+02 6.380000000000000000e+02 0.000000000000000000e+00 4.141099999999999772e-04 3.436800000000000271e-02
6.460000000000000000e+02 1.920000000000000000e+02 0.000000000000000000e+00 6.935799999999999778e-03 2.084700000000000095e-02
6.460000000000000000e+02 5.660000000000000000e+02 0.000000000000000000e+00 -6.935799999999999778e-03 2.084700000000000095e-02
6.470000000000000000e+02 1.110000000000000000e+02 0.000000000000000000e+00 1.831899999999999848e-02 6.623099999999999821e-02
6.470000000000000000e+02 3.950000000000000000e+02 0.000000000000000000e+00 -1.831899999999999848e-02 6.623099999999999821e-02
6.560000000000000000e+02 3.250000000000000000e+02 0.000000000000000000e+00 -1.673699999999999917e-05 3.621200000000000113e-02
6.560000000000000000e+02 4.460000000000000000e+02 0.000000000000000000e+00 1.945000000000000013e-07 2.712699999999999834e-02
6.560000000000000000e+02 4.920000000000000000e+02 0.000000000000000000e+00 1.517099999999999925e-05 2.862200000000000161e-02
6.560000000000000000e+02 5.260000000000000000e+02 0.000000000000000000e+00 2.655799999999999882e-05 5.617599999999999677e-02
6.580000000000000000e+02 1.180000000000000000e+02 0.000000000000000000e+00 -2.865899999999999954e-06 2.402400000000000022e-02
6.590000000000000000e+02 4.220000000000000000e+02 0.000000000000000000e+00 2.343900000000000107e-04 4.336799999999999683e-02
6.590000000000000000e+02 5.150000000000000000e+02 0.000000000000000000e+00 -8.141500000000000570e-05 4.879100000000000104e-02
6.600000000000000000e+02 5.330000000000000000e+02 0.000000000000000000e+00 4.262799999999999749e-03 5.112699999999999884e-02
6.620000000000000000e+02 3.230000000000000000e+02 1.000000000000000000e+00 1.698200000000000057e-02 1.946900000000000019e-02
6.640000000000000000e+02 5.900000000000000000e+01 0.000000000000000000e+00 -1.239099999999999978e-04 1.835099999999999926e-02
6.640000000000000000e+02 5.840000000000000000e+02 0.000000000000000000e+00 -8.106999999999999461e-05 5.834299999999999903e-02
6.660000000000000000e+02 1.150000000000000000e+02 0.000000000000000000e+00 1.629199999999999919e-04 6.293400000000000383e-02
6.660000000000000000e+02 2.780000000000000000e+02 0.000000000000000000e+00 -2.739600000000000130e-04 4.983599999999999836e-02
6.660000000000000000e+02 5.670000000000000000e+02 0.000000000000000000e+00 -1.761800000000000106e-04 2.965900000000000133e-02
6.670000000000000000e+02 1.510000000000000000e+02 0.000000000000000000e+00 -8.219800000000000413e-04 6.017299999999999732e-02
6.670000000000000000e+02 3.180000000000000000e+02 0.000000000000000000e+00 1.258100000000000060e-03 5.784899999999999765e-02
6.670000000000000000e+02 3.820000000000000000e+02 0.000000000000000000e+00 5.632299999999999590e-04 5.402800000000000137e-03
6.730000000000000000e+02 5.420000000000000000e+02 0.000000000000000000e+00 -7.894399999999999334e-03 4.992300000000000210e-02
6.730000000000000000e+02 6.310000000000000000e+02 0.000000000000000000e+00 7.894399999999999334e-03 4.992300000000000210e-02
6.750000000000000000e+02 1.150000000000000000e+02 0.000000000000000000e+00 -3.016700000000000102e-05 5.443300000000000222e-02
6.750000000000000000e+02 1.420000000000000000e+02 0.000000000000000000e+00 3.928100000000000016e-04 7.721400000000000485e-02
6.750000000000000000e+02 3.550000000000000000e+02 0.000000000000000000e+00 1.870700000000000097e-04 3.364600000000000229e-02
6.790000000000000000e+02 5.100000000000000000e+01 0.000000000000000000e+00 1.062499999999999941e-04 6.976799999999999669e-02
6.790000000000000000e+02 1.030000000000000000e+02 0.000000000000000000e+00 -1.158700000000000002e-04 5.310100000000000237e-02
6.790000000000000000e+02 6.360000000000000000e+02 0.000000000000000000e+00 -7.275500000000000052e-06 2.024199999999999958e-02
6.800000000000000000e+02 1.530000000000000000e+02 0.000000000000000000e+00 1.230099999999999943e-02 4.174300000000000233e-02
6.800000000000000000e+02 3.680000000000000000e+02 0.000000000000000000e+00 -1.230099999999999943e-02 4.174300000000000233e-02
6.810000000000000000e+02 3.400000000000000000e+02 0.000000000000000000e+00 8.107599999999999963e-04 8.170199999999999685e-02
6.810000000000000000e+02 5.740000000000000000e+02 0.000000000000000000e+00 -1.172199999999999978e-03 6.474299999999999500e-02
6.810000000000000000e+02 6.710000000000000000e+02 0.000000000000000000e+00 -1.806799999999999899e-03 2.909899999999999987e-02
6.830000000000000000e+02 4.000000000000000000e+00 0.000000000000000000e+00 -3.562500000000000128e-04 2.609300000000000161e-02
6.830000000000000000e+02 2.510000000000000000e+02 0.000000000000000000e+00 -1.810000000000000085e-04 5.590500000000000330e-02
6.830000000000000000e+02 2.940000000000000000e+02 0.000000000000000000e+00 -3.970000000000000005e-04 3.585300000000000292e-02
6.840000000000000000e+02 4.910000000000000000e+02 0.000000000000000000e+00 -1.378399999999999894e-03 4.108799999999999952e-02
6.850000000000000000e+02 2.170000000000000000e+02 0.000000000000000000e+00 1.224899999999999947e-02 3.835199999999999720e-02
6.850000000000000000e+02 3.660000000000000000e+02 0.000000000000000000e+00 -1.224899999999999947e-02 3.835199999999999720e-02
6.870000000000000000e+02 2.600000000000000000e+01 0.000000000000000000e+00 5.773200000000000033e-03 4.307600000000000318e-02
6.880000000000000000e+02 2.550000000000000000e+02 0.000000000000000000e+00 1.444999999999999930e-02 5.615900000000000059e-02
6.880000000000000000e+02 4.010000000000000000e+02 0.000000000000000000e+00 -1.444999999999999930e-02 5.615900000000000059e-02
6.900000000000000000e+02 1.040000000000000000e+02 0.000000000000000000e+00 -1.145400000000000079e-05 1.728199999999999875e-02
6.900000000000000000e+02 5.850000000000000000e+02 0.000000000000000000e+00 -2.288100000000000167e-06 1.684599999999999986e-02
6.910000000000000000e+02 4.300000000000000000e+01 0.000000000000000000e+00 1.829400000000000137e-05 4.309299999999999936e-02
6.910000000000000000e+02 5.150000000000000000e+02 0.000000000000000000e+00 -4.043899999999999687e-05 4.518199999999999994e-02
6.910000000000000000e+02 6.100000000000000000e+02 0.000000000000000000e+00 2.808199999999999981e-05 2.513500000000000109e-02
6.930000000000000000e+02 5.000000000000000000e+01 0.000000000000000000e+00 -1.534399999999999946e-04 2.683299999999999921e-02
6.930000000000000000e+02 1.100000000000000000e+02 0.000000000000000000e+00 -1.677600000000000066e-04 8.270800000000000374e-02
6.960000000000000000e+02 1.030000000000000000e+02 0.000000000000000000e+00 9.159599999999999513e-06 1.554099999999999926e-02
6.990000000000000000e+02 4.570000000000000000e+02 0.000000000000000000e+00 9.604299999999999643e-03 3.269400000000000084e-02
6.990000000000000000e+02 5.960000000000000000e+02 0.000000000000000000e+00 -9.604299999999999643e-03 3.269400000000000084e-02
7.010000000000000000e+02 4.300000000000000000e+01 0.000000000000000000e+00 1.955600000000000047e-04 3.580900000000000055e-02
7.010000000000000000e+02 5.220000000000000000e+02 0.000000000000000000e+00 3.257099999999999969e-04 5.161999999999999922e-02
7.020000000000000000e+02 4.000000000000000000e+00 0.000000000000000000e+00 -6.015600000000000070e-04 7.896899999999999753e-02
7.020000000000000000e+02 7.600000000000000000e+01 0.000000000000000000e+00 8.878999999999999523e-05 7.933600000000000374e-02
7.040000000000000000e+02 4.020000000000000000e+02 0.000000000000000000e+00 7.421999999999999778e-03 7.891299999999999704e-02
7.050000000000000000e+02 4.750000000000000000e+02 0.000000000000000000e+00 -8.882299999999999224e-03 2.094800000000000134e-02
7.060000000000000000e+02 6.400000000000000000e+01 0.000000000000000000e+00 1.337599999999999933e-04 2.940900000000000111e-02
7.060000000000000000e+02 1.680000000000000000e+02 0.000000000000000000e+00 8.349499999999999934e-05 2.408400000000000124e-02
7.060000000000000000e+02 3.580000000000000000e+02 0.000000000000000000e+00 -6.689199999999999584e-05 6.221100000000000241e-02
7.070000000000000000e+02 3.220000000000000000e+02 0.000000000000000000e+00 1.606100000000000062e-03 6.719999999999999585e-02
7.070000000000000000e+02 4.000000000000000000e+02 0.000000000000000000e+00 -1.606100000000000062e-03 6.719999999999999585e-02
7.100000000000000000e+02 1.580000000000000000e+02 0.000000000000000000e+00 -4.556699999999999791e-04 4.854699999999999988e-02
7.100000000000000000e+02 2.060000000000000000e+02 0.000000000000000000e+00 6.419200000000000340e-04 6.274000000000000410e-02
7.110000000000000000e+02 1.990000000000000000e+02 0.000000000000000000e+00 -9.055900000000000408e-03 4.407400000000000206e-02
7.110000000000000000e+02 2.030000000000000000e+02 0.000000000000000000e+00 9.055900000000000408e-03 4.407400000000000206e-02
7.140000000000000000e+02 4.340000000000000000e+02 0.000000000000000000e+00 1.791700000000000142e-05 5.385399999999999909e-02
7.140000000000000000e+02 5.620000000000000000e+02 0.000000000000000000e+00 -5.130700000000000191e-05 2.859499999999999889e-02
7.140000000000000000e+02 6.160000000000000000e+02 0.000000000000000000e+00 -7.403599999999999385e-05 2.119300000000000003e-02
7.160000000000000000e+02 2.830000000000000000e+02 1.000000000000000000e+00 8.618499999999999772e-02 5.979299999999999893e-02
7.160000000000000000e+02 4.540000000000000000e+02 1.000000000000000000e+00 -8.618499999999999772e-02 5.979299999999999893e-02
7.210000000000000000e+02 2.490000000000000000e+02 0.000000000000000000e+00 1.261600000000000048e-02 3.054000000000000117e-02
7.220000000000000000e+02 3.130000000000000000e+02 0.000000000000000000e+00 -1.398100000000000048e-05 2.477199999999999888e-02
7.220000000000000000e+02 3.180000000000000000e+02 0.000000000000000000e+00 -1.639099999999999943e-05 1.822599999999999915e-02
7.220000000000000000e+02 3.990000000000000000e+02 0.000000000000000000e+00 2.798700000000000157e-05 2.665000000000000008e-02
7.220000000000000000e+02 5.590000000000000000e+02 0.000000000000000000e+00 -2.843699999999999895e-05 5.598199999999999704e-02
7.230000000000000000e+02 3.500000000000000000e+01 0.000000000000000000e+00 -2.788700000000000185e-04 1.854700000000000099e-02
7.230000000000000000e+02 2.140000000000000000e+02 0.000000000000000000e+00 2.788700000000000185e-04 1.854700000000000099e-02
7.240000000000000000e+02 2.580000000000000000e+02 0.000000000000000000e+00 1.783899999999999939e-03 5.902400000000000008e-02
7.240000000000000000e+02 3.410000000000000000e+02 0.000000000000000000e+00 -1.783899999999999939e-03 5.902400000000000008e-02
7.260000000000000000e+02 4.080000000000000000e+02 0.000000000000000000e+00 7.567700000000000121e-03 4.463199999999999806e-02
7.270000000000000000e+02 3.220000000000000000e+02 0.000000000000000000e+00 5.516599999999999976e-03 2.026100000000000123e-02
7.270000000000000000e+02 6.040000000000000000e+02 0.000000000000000000e+00 -5.516599999999999976e-03 2.026100000000000123e-02
7.290000000000000000e+02 3.010000000000000000e+02 0.000000000000000000e+00 9.660399999999999543e-03 2.505999999999999894e-02
7.310000000000000000e+02 3.850000000000000000e+02 0.000000000000000000e+00 1.386300000000000032e-03 8.614800000000000235e-02
7.320000000000000000e+02 1.400000000000000000e+02 0.000000000000000000e+00 1.309100000000000107e-03 8.135199999999999376e-02
7.320000000000000000e+02 7.010000000000000000e+02 0.000000000000000000e+00 -1.309100000000000107e-03 8.135199999999999376e-02
7.330000000000000000e+02 1.770000000000000000e+02 0.000000000000000000e+00 -4.887599999999999757e-05 1.516400000000000040e-02
7.330000000000000000e+02 3.300000000000000000e+02 0.000000000000000000e+00 5.009299999999999625e-06 4.078500000000000181e-02
7.330000000000000000e+02 6.130000000000000000e+02 0.000000000000000000e+00 -5.953600000000000054e-05 1.484100000000000003e-02
7.360000000000000000e+02 6.600000000000000000e+01 0.000000000000000000e+00 -7.818499999999999495e-04 6.058600000000000096e-02
7.360000000000000000e+02 3.910000000000000000e+02 0.000000000000000000e+00 -2.605999999999999918e-04 6.911100000000000576e-02
7.360000000000000000e+02 6.930000000000000000e+02 0.000000000000000000e+00 5.562600000000000443e-04 5.606499999999999678e-02
7.380000000000000000e+02 1.080000000000000000e+02 0.000000000000000000e+00 3.097700000000000005e-06 2.122200000000000128e-02
7.380000000000000000e+02 1.120000000000000000e+02 0.000000000000000000e+00 1.155699999999999963e-05 3.097100000000000200e-03
7.380000000000000000e+02 3.080000000000000000e+02 0.000000000000000000e+00 8.224600000000000842e-06 2.455399999999999944e-02
7.400000000000000000e+02 2.300000000000000000e+02 0.000000000000000000e+00 4.513800000000000104e-03 2.360500000000000098e-02
7.400000000000000000e+02 2.940000000000000000e+02 0.000000000000000000e+00 -4.513800000000000104e-03 2.360500000000000098e-02
7.420000000000000000e+02 1.890000000000000000e+02 0.000000000000000000e+00 1.492100000000000024e-02 4.773100000000000259e-02
7.420000000000000000e+02 5.040000000000000000e+02 0.000000000000000000e+00 -1.492100000000000024e-02 4.773100000000000259e-02
7.440000000000000000e+02 3.500000000000000000e+02 0.000000000000000000e+00 -4.885999999999999501e-04 6.432799999999999629e-02
7.440000000000000000e+02 4.040000000000000000e+02 0.000000000000000000e+00 3.585799999999999990e-04 4.081599999999999812e-02
7.440000000000000000e+02 6.870000000000000000e+02 0.000000000000000000e+00 4.634300000000000268e-04 4.134199999999999681e-02
7.480000000000000000e+02 2.600000000000000000e+01 0.000000000000000000e+00 2.080200000000000039e-04 3.690600000000000130e-02
7.480000000000000000e+02 4.500000000000000000e+01 0.000000000000000000e+00 2.516099999999999847e-04 1.668400000000000091e-02
7.480000000000000000e+02 4.040000000000000000e+02 0.000000000000000000e+00 -7.318999999999999551e-05 4.560499999999999970e-02
7.490000000000000000e+02 1.620000000000000000e+02 0.000000000000000000e+00 -1.609000000000000011e-05 1.028199999999999947e-02
7.490000000000000000e+02 4.070000000000000000e+02 0.000000000000000000e+00 9.941700000000000038e-05 3.057400000000000048e-02
7.500000000000000000e+02 3.500000000000000000e+01 0.000000000000000000e+00 -1.357500000000000026e-02 4.959100000000000313e-02
7.500000000000000000e+02 2.100000000000000000e+02 0.000000000000000000e+00 1.357500000000000026e-02 4.959100000000000313e-02
7.510000000000000000e+02 1.870000000000000000e+02 0.000000000000000000e+00 1.518300000000000032e-02 6.103000000000000091e-02
7.510000000000000000e+02 4.040000000000000000e+02 0.000000000000000000e+00 -1.518300000000000032e-02 6.103000000000000091e-02
7.530000000000000000e+02 1.380000000000000000e+02 0.000000000000000000e+00 -3.215900000000000160e-04 4.331200000000000327e-02
7.530000000000000000e+02 2.490000000000000000e+02 0.000000000000000000e+00 6.040299999999999749e-04 3.203399999999999997e-02
7.540000000000000000e+02 4.570000000000000000e+02 0.000000000000000000e+00 3.403400000000000110e-04 3.109299999999999911e-02
7.540000000000000000e+02 6.590000000000000000e+02 0.000000000000000000e+00 -3.403400000000000110e-04 3.109299999999999911e-02
7.550000000000000000e+02 3.800000000000000000e+02 0.000000000000000000e+00 1.156300000000000036e-02 5.451199999999999796e-02
7.550000000000000000e+02 6.350000000000000000e+02 0.000000000000000000e+00 -1.156300000000000036e-02 5.451199999999999796e-02
7.560000000000000000e+02 4.100000000000000000e+02 0.000000000000000000e+00 -1.448400000000000035e-02 6.568999999999999839e-02
7.560000000000000000e+02 4.120000000000000000e+02 0.000000000000000000e+00 1.448400000000000035e-02 6.568999999999999839e-02
7.570000000000000000e+02 3.800000000000000000e+01 0.000000000000000000e+00 1.071099999999999960e-03 6.076299999999999757e-02
7.570000000000000000e+02 1.870000000000000000e+02 0.000000000000000000e+00 -1.102799999999999917e-03 6.162299999999999722e-02
7.570000000000000000e+02 5.830000000000000000e+02 0.000000000000000000e+00 1.692399999999999937e-03 3.959300000000000319e-02
7.580000000000000000e+02 7.210000000000000000e+02 0.000000000000000000e+00 1.433399999999999952e-02 3.512099999999999944e-02
7.590000000000000000e+02 4.760000000000000000e+02 0.000000000000000000e+00 8.901600000000000289e-05 4.402899999999999869e-02
7.590000000000000000e+02 5.280000000000000000e+02 0.000000000000000000e+00 -8.545999999999999831e-05 5.242399999999999838e-02
7.590000000000000000e+02 6.840000000000000000e+02 0.000000000000000000e+00 -3.594800000000000209e-04 4.457599999999999757e-02
7.600000000000000000e+02 1.580000000000000000e+02 0.000000000000000000e+00 3.848799999999999878e-04 2.724999999999999992e-02
7.600000000000000000e+02 1.620000000000000000e+02 0.000000000000000000e+00 3.301000000000000006e-04 1.458399999999999974e-02
7.600000000000000000e+02 5.180000000000000000e+02 0.000000000000000000e+00 -2.349799999999999932e-06 8.766999999999999793e-02
7.600000000000000000e+02 7.100000000000000000e+02 0.000000000000000000e+00 3.109499999999999959e-04 6.578799999999999926e-02
7.610000000000000000e+02 7.490000000000000000e+02 0.000000000000000000e+00 2.609799999999999794e-03 4.261999999999999816e-02
7.630000000000000000e+02 7.300000000000000000e+01 0.000000000000000000e+00 -8.712699999999999438e-05 3.729099999999999776e-02
7.630000000000000000e+02 3.260000000000000000e+02 0.000000000000000000e+00 4.151600000000000028e-05 6.702500000000000124e-02
7.660000000000000000e+02 2.770000000000000000e+02 0.000000000000000000e+00 1.189699999999999916e-03 9.317799999999999694e-02
7.660000000000000000e+02 3.700000000000000000e+02 0.000000000000000000e+00 -2.926199999999999895e-03 9.036600000000000188e-02
7.660000000000000000e+02 7.580000000000000000e+02 0.000000000000000000e+00 -3.732300000000000027e-03 5.409200000000000119e-02
7.670000000000000000e+02 1.470000000000000000e+02 0.000000000000000000e+00 -2.063399999999999929e-05 1.998300000000000076e-02
7.670000000000000000e+02 5.350000000000000000e+02 0.000000000000000000e+00 -2.555800000000000162e-05 2.061599999999999891e-02
7.670000000000000000e+02 6.350000000000000000e+02 0.000000000000000000e+00 9.379300000000000137e-06 5.675199999999999689e-02
7.680000000000000000e+02 2.170000000000000000e+02 0.000000000000000000e+00 2.140700000000000155e-03 2.401700000000000015e-02
7.680000000000000000e+02 5.750000000000000000e+02 0.000000000000000000e+00 -2.140700000000000155e-03 2.401700000000000015e-02
7.720000000000000000e+02 3.840000000000000000e+02 0.000000000000000000e+00 3.648000000000000201e-03 8.492399999999999949e-02
7.720000000000000000e+02 5.250000000000000000e+02 0.000000000000000000e+00 -1.905500000000000076e-03 6.817399999999999849e-02
7.720000000000000000e+02 7.260000000000000000e+02 0.000000000000000000e+00 -2.165999999999999957e-03 5.771699999999999747e-02
7.730000000000000000e+02 1.550000000000000000e+02 0.000000000000000000e+00 -4.628599999999999696e-05 5.304299999999999987e-02
7.730000000000000000e+02 4.090000000000000000e+02 0.000000000000000000e+00 2.228800000000000074e-05 3.059399999999999967e-02
7.730000000000000000e+02 5.960000000000000000e+02 0.000000000000000000e+00 -1.698500000000000086e-05 1.311000000000000013e-02
7.740000000000000000e+02 4.510000000000000000e+02 0.000000000000000000e+00 -5.292899999999999688e-04 2.146599999999999897e-02
7.740000000000000000e+02 5.100000000000000000e+02 0.000000000000000000e+00 5.292899999999999688e-04 2.146599999999999897e-02
7.750000000000000000e+02 6.900000000000000000e+01 0.000000000000000000e+00 -3.570399999999999833e-04 3.666400000000000214e-02
7.750000000000000000e+02 8.700000000000000000e+01 0.000000000000000000e+00 1.901999999999999882e-04 6.937799999999999523e-02
7.750000000000000000e+02 1.840000000000000000e+02 0.000000000000000000e+00 -2.640899999999999736e-04 3.354700000000000043e-02
7.770000000000000000e+02 6.370000000000000000e+02 0.000000000000000000e+00 -1.937399999999999886e-02 3.956300000000000094e-02
7.780000000000000000e+02 3.570000000000000000e+02 0.000000000000000000e+00 -1.279300000000000033e-04 7.503700000000000647e-02
7.780000000000000000e+02 6.260000000000000000e+02 0.000000000000000000e+00 -8.367100000000000579e-05 2.459400000000000128e-02
7.780000000000000000e+02 6.640000000000000000e+02 0.000000000000000000e+00 -1.823100000000000079e-04 5.148900000000000005e-02
7.800000000000000000e+02 3.910000000000000000e+02 0.000000000000000000e+00 4.546699999999999874e-03 5.923300000000000093e-02
7.800000000000000000e+02 6.600000000000000000e+02 0.000000000000000000e+00 -4.546699999999999874e-03 5.923300000000000093e-02
7.810000000000000000e+02 2.970000000000000000e+02 0.000000000000000000e+00 1.760599999999999969e-03 1.617599999999999941e-02
7.810000000000000000e+02 3.310000000000000000e+02 0.000000000000000000e+00 1.829799999999999916e-03 8.514800000000000146e-02
7.810000000000000000e+02 5.270000000000000000e+02 0.000000000000000000e+00 1.076200000000000030e-03 3.432600000000000234e-02
7.820000000000000000e+02 6.620000000000000000e+02 0.000000000000000000e+00 -9.840200000000000335e-03 1.992100000000000121e-02
7.850000000000000000e+02 4.070000000000000000e+02 0.000000000000000000e+00 5.533400000000000249e-05 4.089399999999999979e-02
7.850000000000000000e+02 7.630000000000000000e+02 0.000000000000000000e+00 -5.533400000000000249e-05 4.089399999999999979e-02
7.860000000000000000e+02 2.810000000000000000e+02 0.000000000000000000e+00 2.141500000000000012e-04 2.468499999999999861e-02
7.860000000000000000e+02 2.980000000000000000e+02 0.000000000000000000e+00 -4.803599999999999884e-05 5.437100000000000266e-02
7.860000000000000000e+02 3.920000000000000000e+02 0.000000000000000000e+00 4.816399999999999761e-04 3.773300000000000265e-02
7.870000000000000000e+02 1.450000000000000000e+02 0.000000000000000000e+00 1.781099999999999871e-04 2.661799999999999930e-02
7.870000000000000000e+02 5.100000000000000000e+02 0.000000000000000000e+00 -1.683099999999999928e-04 4.748299999999999743e-02
7.890000000000000000e+02 1.050000000000000000e+02 0.000000000000000000e+00 -1.936300000000000011e-04 4.526199999999999668e-02
7.890000000000000000e+02 3.390000000000000000e+02 0.000000000000000000e+00 2.809299999999999818e-04 4.038599999999999829e-02
7.890000000000000000e+02 3.520000000000000000e+02 0.000000000000000000e+00 1.467399999999999944e-04 5.925899999999999571e-03
7.900000000000000000e+02 5.510000000000000000e+02 0.000000000000000000e+00 -3.731700000000000202e-06 2.604400000000000118e-02
7.900000000000000000e+02 6.900000000000000000e+02 0.000000000000000000e+00 -4.989699999999999847e-06 2.170100000000000154e-02
7.910000000000000000e+02 2.440000000000000000e+02 0.000000000000000000e+00 3.743600000000000139e-03 2.207299999999999887e-02
7.910000000000000000e+02 3.690000000000000000e+02 0.000000000000000000e+00 -3.743600000000000139e-03 2.207299999999999887e-02
7.920000000000000000e+02 4.500000000000000000e+01 0.000000000000000000e+00 2.894999999999999895e-05 4.386500000000000121e-02
7.920000000000000000e+02 8.200000000000000000e+01 0.000000000000000000e+00 -1.288799999999999993e-04 6.947399999999999409e-02
7.920000000000000000e+02 9.500000000000000000e+01 0.000000000000000000e+00 -1.003299999999999966e-04 7.029000000000000525e-02
7.920000000000000000e+02 1.870000000000000000e+02 0.000000000000000000e+00 1.719800000000000034e-05 9.644199999999999995e-02
7.930000000000000000e+02 3.620000000000000000e+02 0.000000000000000000e+00 1.529999999999999893e-03 3.838500000000000245e-02
7.930000000000000000e+02 3.920000000000000000e+02 0.000000000000000000e+00 -1.529999999999999893e-03 3.838500000000000245e-02
7.950000000000000000e+02 1.830000000000000000e+02 0.000000000000000000e+00 -5.486599999999999951e-05 5.985000000000000042e-02
7.950000000000000000e+02 3.420000000000000000e+02 0.000000000000000000e+00 -1.710400000000000090e-05 5.836700000000000221e-02
7.950000000000000000e+02 5.910000000000000000e+02 0.000000000000000000e+00 2.019199999999999912e-05 4.459099999999999869e-02
7.950000000000000000e+02 7.770000000000000000e+02 0.000000000000000000e+00 -2.262099999999999907e-05 2.574900000000000105e-02
7.960000000000000000e+02 2.250000000000000000e+02 0.000000000000000000e+00 1.178599999999999960e-02 4.466400000000000231e-02
7.960000000000000000e+02 5.040000000000000000e+02 0.000000000000000000e+00 -1.178599999999999960e-02 4.466400000000000231e-02
7.970000000000000000e+02 1.150000000000000000e+02 0.000000000000000000e+00 -2.571800000000000008e-05 4.370799999999999685e-02
7.970000000000000000e+02 6.410000000000000000e+02 0.000000000000000000e+00 4.376100000000000335e-05 2.901000000000000106e-02
7.970000000000000000e+02 7.530000000000000000e+02 0.000000000000000000e+00 7.584799999999999996e-07 2.342100000000000085e-02
7.990000000000000000e+02 3.120000000000000000e+02 0.000000000000000000e+00 3.188100000000000135e-03 1.457499999999999941e-02
8.000000000000000000e+02 2.050000000000000000e+02 0.000000000000000000e+00 1.619799999999999975e-05 2.173599999999999838e-02
8.000000000000000000e+02 4.610000000000000000e+02 0.000000000000000000e+00 4.268499999999999874e-06 1.983400000000000094e-02
8.020000000000000000e+02 3.240000000000000000e+02 0.000000000000000000e+00 3.879399999999999862e-03 3.693500000000000255e-02
8.020000000000000000e+02 6.060000000000000000e+02 0.000000000000000000e+00 -3.879399999999999862e-03 3.693500000000000255e-02
8.030000000000000000e+02 7.820000000000000000e+02 0.000000000000000000e+00 -2.103799999999999854e-03 1.973799999999999860e-02
8.030000000000000000e+02 7.990000000000000000e+02 0.000000000000000000e+00 2.103799999999999854e-03 1.973799999999999860e-02
8.040000000000000000e+02 7.010000000000000000e+02 0.000000000000000000e+00 5.239100000000000007e-03 8.116800000000000403e-02
8.070000000000000000e+02 5.270000000000000000e+02 0.000000000000000000e+00 -5.724600000000000044e-05 3.985099999999999754e-02
8.070000000000000000e+02 7.810000000000000000e+02 0.000000000000000000e+00 2.571599999999999841e-04 7.321900000000000630e-02
8.070000000000000000e+02 8.040000000000000000e+02 0.000000000000000000e+00 -1.483699999999999906e-04 6.044599999999999973e-02
8.090000000000000000e+02 3.520000000000000000e+02 0.000000000000000000e+00 1.099999999999999936e-02 9.682100000000000428e-02
8.100000000000000000e+02 1.030000000000000000e+02 0.000000000000000000e+00 9.687899999999999290e-03 4.838400000000000339e-02
8.100000000000000000e+02 7.870000000000000000e+02 0.000000000000000000e+00 -9.687899999999999290e-03 4.838400000000000339e-02
8.150000000000000000e+02 7.900000000000000000e+02 0.000000000000000000e+00 -5.208700000000000135e-03 2.675800000000000053e-02
8.150000000000000000e+02 8.000000000000000000e+02 0.000000000000000000e+00 5.208700000000000135e-03 2.675800000000000053e-02
8.160000000000000000e+02 1.960000000000000000e+02 0.000000000000000000e+00 1.395700000000000037e-05 1.573899999999999952e-02
8.160000000000000000e+02 2.840000000000000000e+02 0.000000000000000000e+00 1.213000000000000075e-05 4.052100000000000146e-02
8.160000000000000000e+02 3.640000000000000000e+02 0.000000000000000000e+00 1.222100000000000039e-05 1.576200000000000170e-02
8.160000000000000000e+02 3.880000000000000000e+02 0.000000000000000000e+00 7.265100000000000118e-06 4.922300000000000286e-02
8.170000000000000000e+02 6.500000000000000000e+01 0.000000000000000000e+00 1.794500000000000088e-03 5.218099999999999822e-02
8.170000000000000000e+02 3.020000000000000000e+02 0.000000000000000000e+00 -1.794500000000000088e-03 5.218099999999999822e-02
8.200000000000000000e+02 4.010000000000000000e+02 0.000000000000000000e+00 1.284999999999999901e-03 7.467600000000000626e-02
8.200000000000000000e+02 4.770000000000000000e+02 0.000000000000000000e+00 -1.132799999999999996e-03 3.147300000000000098e-02
8.200000000000000000e+02 5.030000000000000000e+02 0.000000000000000000e+00 -9.147600000000000306e-04 1.870399999999999840e-02
8.200000000000000000e+02 6.260000000000000000e+02 0.000000000000000000e+00 -2.301899999999999953e-03 5.811399999999999899e-02
8.230000000000000000e+02 3.120000000000000000e+02 0.000000000000000000e+00 1.562599999999999981e-04 4.100299999999999778e-02
8.230000000000000000e+02 4.540000000000000000e+02 0.000000000000000000e+00 -1.562599999999999981e-04 4.100299999999999778e-02
