2.900000000000000000e+01 2.000000000000000000e+00 0.000000000000000000e+00 -9.690199999999999508e-03 3.494300000000000184e-02
2.900000000000000000e+01 1.900000000000000000e+01 0.000000000000000000e+00 9.690199999999999508e-03 3.494300000000000184e-02
4.200000000000000000e+01 1.200000000000000000e+01 0.000000000000000000e+00 7.004999999999999847e-06 5.210200000000000248e-02
4.600000000000000000e+01 3.200000000000000000e+01 0.000000000000000000e+00 -1.577599999999999939e-05 2.451400000000000107e-02
5.400000000000000000e+01 1.400000000000000000e+01 0.000000000000000000e+00 3.379400000000000069e-04 7.606799999999999673e-02
6.300000000000000000e+01 4.100000000000000000e+01 0.000000000000000000e+00 2.608700000000000146e-04 4.122800000000000076e-02
6.600000000000000000e+01 5.600000000000000000e+01 0.000000000000000000e+00 -1.739699999999999894e-04 9.836300000000000598e-02
6.700000000000000000e+01 3.800000000000000000e+01 0.000000000000000000e+00 -1.491200000000000088e-04 4.824599999999999722e-02
6.700000000000000000e+01 4.700000000000000000e+01 0.000000000000000000e+00 6.580800000000000419e-05 2.542099999999999915e-02
6.900000000000000000e+01 3.400000000000000000e+01 0.000000000000000000e+00 -1.886599999999999996e-04 2.946199999999999861e-02
7.200000000000000000e+01 1.000000000000000000e+01 0.000000000000000000e+00 -3.035799999999999970e-05 4.141199999999999742e-02
7.200000000000000000e+01 1.800000000000000000e+01 0.000000000000000000e+00 -4.149399999999999812e-04 6.214399999999999785e-02
8.200000000000000000e+01 6.900000000000000000e+01 0.000000000000000000e+00 2.254300000000000054e-02 6.030200000000000143e-02
8.800000000000000000e+01 5.000000000000000000e+01 0.000000000000000000e+00 -4.223499999999999797e-05 3.359100000000000280e-02
9.300000000000000000e+01 8.800000000000000000e+01 0.000000000000000000e+00 5.325400000000000207e-05 3.320399999999999741e-02
9.500000000000000000e+01 1.900000000000000000e+01 0.000000000000000000e+00 7.392699999999999879e-04 3.576599999999999918e-02
9.900000000000000000e+01 9.700000000000000000e+01 0.000000000000000000e+00 9.115699999999999151e-03 4.314300000000000079e-02
1.000000000000000000e+02 1.400000000000000000e+01 0.000000000000000000e+00 -8.759099999999999536e-05 7.212200000000000555e-02
1.000000000000000000e+02 7.200000000000000000e+01 0.000000000000000000e+00 2.030500000000000024e-04 6.211400000000000254e-02
1.010000000000000000e+02 4.900000000000000000e+01 0.000000000000000000e+00 7.232200000000000044e-04 9.090399999999999869e-02
1.060000000000000000e+02 8.900000000000000000e+01 0.000000000000000000e+00 8.186199999999999380e-03 4.312900000000000067e-02
1.110000000000000000e+02 1.700000000000000000e+01 0.000000000000000000e+00 -2.525900000000000194e-03 2.792199999999999890e-02
1.120000000000000000e+02 1.800000000000000000e+01 0.000000000000000000e+00 6.585200000000000072e-06 2.718500000000000083e-02
1.130000000000000000e+02 4.200000000000000000e+01 1.000000000000000000e+00 2.513100000000000056e-02 2.888599999999999848e-02
1.170000000000000000e+02 1.020000000000000000e+02 0.000000000000000000e+00 4.491900000000000059e-03 2.711500000000000021e-02
1.240000000000000000e+02 5.700000000000000000e+01 0.000000000000000000e+00 -1.055799999999999968e-03 2.966500000000000040e-02
1.260000000000000000e+02 7.800000000000000000e+01 0.000000000000000000e+00 -1.707500000000000169e-05 5.273200000000000109e-02
1.340000000000000000e+02 2.500000000000000000e+01 0.000000000000000000e+00 1.329000000000000049e-04 2.868599999999999969e-02
1.390000000000000000e+02 3.700000000000000000e+01 0.000000000000000000e+00 -1.144000000000000058e-05 5.716000000000000247e-02
1.420000000000000000e+02 1.300000000000000000e+02 0.000000000000000000e+00 2.650199999999999800e-04 2.525000000000000161e-02
1.430000000000000000e+02 1.210000000000000000e+02 0.000000000000000000e+00 3.336200000000000103e-03 1.698099999999999957e-02
1.440000000000000000e+02 1.600000000000000000e+01 0.000000000000000000e+00 1.157299999999999995e-02 2.670600000000000057e-02
1.440000000000000000e+02 7.700000000000000000e+01 0.000000000000000000e+00 -1.157299999999999995e-02 2.670600000000000057e-02
1.450000000000000000e+02 4.000000000000000000e+01 0.000000000000000000e+00 4.120699999999999710e-03 4.269400000000000278e-02
1.480000000000000000e+02 6.000000000000000000e+01 0.000000000000000000e+00 -3.653500000000000063e-03 2.070999999999999924e-02
1.490000000000000000e+02 1.100000000000000000e+02 0.000000000000000000e+00 6.895000000000000087e-03 5.161000000000000310e-02
1.530000000000000000e+02 7.300000000000000000e+01 0.000000000000000000e+00 4.760899999999999768e-05 3.385699999999999821e-02
1.540000000000000000e+02 1.600000000000000000e+01 0.000000000000000000e+00 -5.436800000000000191e-06 2.233999999999999875e-02
1.540000000000000000e+02 7.600000000000000000e+01 0.000000000000000000e+00 -3.693200000000000215e-04 8.475000000000000588e-02
1.540000000000000000e+02 1.200000000000000000e+02 0.000000000000000000e+00 1.034399999999999990e-04 3.664099999999999996e-02
1.560000000000000000e+02 5.600000000000000000e+01 0.000000000000000000e+00 -1.377600000000000092e-03 8.142000000000000626e-02
1.570000000000000000e+02 2.000000000000000000e+00 0.000000000000000000e+00 3.058399999999999805e-06 2.574399999999999952e-02
1.570000000000000000e+02 1.200000000000000000e+01 0.000000000000000000e+00 -9.152500000000000208e-05 9.006500000000000616e-02
1.580000000000000000e+02 1.540000000000000000e+02 0.000000000000000000e+00 3.376600000000000163e-05 6.428899999999999892e-02
1.600000000000000000e+02 6.700000000000000000e+01 0.000000000000000000e+00 2.915599999999999963e-03 8.321900000000000130e-02
1.690000000000000000e+02 9.300000000000000000e+01 0.000000000000000000e+00 -7.034800000000000341e-04 6.332799999999999541e-02
1.710000000000000000e+02 1.480000000000000000e+02 0.000000000000000000e+00 8.203399999999999581e-03 2.610300000000000120e-02
1.730000000000000000e+02 2.600000000000000000e+01 0.000000000000000000e+00 2.033199999999999981e-04 9.668799999999999617e-02
1.730000000000000000e+02 3.400000000000000000e+01 0.000000000000000000e+00 -4.660999999999999996e-04 4.444599999999999940e-02
1.740000000000000000e+02 1.650000000000000000e+02 0.000000000000000000e+00 5.676500000000000122e-03 1.933999999999999955e-02
1.770000000000000000e+02 4.600000000000000000e+01 0.000000000000000000e+00 -6.357900000000000097e-04 5.201100000000000168e-02
1.790000000000000000e+02 1.590000000000000000e+02 0.000000000000000000e+00 -2.989800000000000140e-04 4.479799999999999754e-02
1.890000000000000000e+02 7.100000000000000000e+01 0.000000000000000000e+00 -7.744000000000000734e-06 1.310900000000000086e-02
1.900000000000000000e+02 9.800000000000000000e+01 0.000000000000000000e+00 -2.745800000000000036e-05 5.260399999999999798e-02
1.920000000000000000e+02 1.730000000000000000e+02 0.000000000000000000e+00 -4.808700000000000225e-05 5.404799999999999882e-02
1.940000000000000000e+02 1.770000000000000000e+02 0.000000000000000000e+00 1.440500000000000049e-04 3.191100000000000186e-02
2.000000000000000000e+02 1.010000000000000000e+02 0.000000000000000000e+00 -4.518999999999999797e-04 6.885600000000000054e-02
2.010000000000000000e+02 1.310000000000000000e+02 0.000000000000000000e+00 1.004700000000000037e-02 1.491600000000000044e-02
2.040000000000000000e+02 4.400000000000000000e+01 0.000000000000000000e+00 -4.073600000000000029e-04 5.228200000000000208e-02
2.040000000000000000e+02 1.810000000000000000e+02 0.000000000000000000e+00 1.946399999999999931e-04 8.334400000000000142e-02
2.060000000000000000e+02 5.400000000000000000e+01 0.000000000000000000e+00 -2.044299999999999926e-04 7.127500000000000502e-02
2.070000000000000000e+02 1.500000000000000000e+02 0.000000000000000000e+00 1.624999999999999925e-04 5.312200000000000255e-02
2.150000000000000000e+02 1.570000000000000000e+02 0.000000000000000000e+00 7.113200000000000078e-03 7.380399999999999461e-02
2.170000000000000000e+02 2.030000000000000000e+02 0.000000000000000000e+00 -9.932099999999999317e-07 1.977999999999999897e-02
2.200000000000000000e+02 4.600000000000000000e+01 0.000000000000000000e+00 8.536699999999999497e-03 2.866300000000000098e-02
2.210000000000000000e+02 8.800000000000000000e+01 0.000000000000000000e+00 5.797600000000000193e-06 2.184900000000000037e-02
2.210000000000000000e+02 2.190000000000000000e+02 0.000000000000000000e+00 -6.708400000000000010e-06 4.293099999999999694e-02
2.230000000000000000e+02 1.100000000000000000e+01 0.000000000000000000e+00 -6.563900000000000166e-07 4.402299999999999963e-02
2.240000000000000000e+02 9.400000000000000000e+01 0.000000000000000000e+00 -4.120400000000000055e-05 4.268799999999999678e-02
2.240000000000000000e+02 1.660000000000000000e+02 0.000000000000000000e+00 4.637699999999999765e-07 1.808900000000000091e-02
2.290000000000000000e+02 1.140000000000000000e+02 0.000000000000000000e+00 5.836499999999999674e-03 3.166900000000000270e-02
2.300000000000000000e+02 1.600000000000000000e+02 0.000000000000000000e+00 1.054700000000000082e-02 5.513300000000000145e-02
2.310000000000000000e+02 2.500000000000000000e+01 0.000000000000000000e+00 -8.961200000000000328e-04 9.800100000000000477e-02
2.320000000000000000e+02 3.700000000000000000e+01 0.000000000000000000e+00 1.330000000000000019e-03 4.952800000000000258e-02
2.330000000000000000e+02 1.010000000000000000e+02 0.000000000000000000e+00 2.516299999999999744e-04 1.623000000000000137e-02
2.330000000000000000e+02 1.160000000000000000e+02 0.000000000000000000e+00 -1.281300000000000082e-05 4.194200000000000012e-02
2.330000000000000000e+02 1.970000000000000000e+02 0.000000000000000000e+00 2.470300000000000252e-04 1.352700000000000083e-02
2.360000000000000000e+02 1.160000000000000000e+02 0.000000000000000000e+00 1.723699999999999885e-02 4.056900000000000089e-02
2.390000000000000000e+02 1.060000000000000000e+02 0.000000000000000000e+00 4.625899999999999874e-05 2.044599999999999890e-02
2.400000000000000000e+02 5.500000000000000000e+01 0.000000000000000000e+00 -9.339799999999999922e-06 1.984000000000000000e-02
2.400000000000000000e+02 1.170000000000000000e+02 0.000000000000000000e+00 1.068500000000000019e-05 3.959800000000000125e-02
2.460000000000000000e+02 1.900000000000000000e+02 0.000000000000000000e+00 7.565800000000000129e-03 2.265899999999999859e-02
2.470000000000000000e+02 6.700000000000000000e+01 0.000000000000000000e+00 7.548799999999999824e-04 3.830499999999999877e-02
2.500000000000000000e+02 6.100000000000000000e+01 0.000000000000000000e+00 2.011700000000000001e-04 1.724699999999999844e-02
2.500000000000000000e+02 7.500000000000000000e+01 0.000000000000000000e+00 4.706299999999999850e-04 5.884400000000000047e-02
2.510000000000000000e+02 1.600000000000000000e+02 0.000000000000000000e+00 -3.315699999999999984e-03 1.029400000000000037e-01
2.520000000000000000e+02 1.100000000000000000e+01 0.000000000000000000e+00 5.012999999999999878e-04 3.931300000000000072e-02
2.600000000000000000e+02 6.400000000000000000e+01 0.000000000000000000e+00 -1.220100000000000004e-03 7.377000000000000224e-02
2.680000000000000000e+02 1.080000000000000000e+02 0.000000000000000000e+00 2.610499999999999973e-03 3.618400000000000089e-02
2.690000000000000000e+02 5.300000000000000000e+01 0.000000000000000000e+00 7.896499999999999697e-06 2.888100000000000042e-02
2.700000000000000000e+02 1.110000000000000000e+02 0.000000000000000000e+00 2.347499999999999934e-02 1.098999999999999977e-01
2.700000000000000000e+02 2.080000000000000000e+02 0.000000000000000000e+00 -2.347499999999999934e-02 1.098999999999999977e-01
2.710000000000000000e+02 9.700000000000000000e+01 0.000000000000000000e+00 -8.901699999999999831e-06 4.129900000000000237e-02
2.710000000000000000e+02 1.990000000000000000e+02 0.000000000000000000e+00 -5.013399999999999806e-05 4.845900000000000207e-02
2.710000000000000000e+02 2.310000000000000000e+02 0.000000000000000000e+00 -9.651899999999999865e-06 5.388799999999999840e-02
2.730000000000000000e+02 2.600000000000000000e+02 0.000000000000000000e+00 2.669999999999999847e-04 7.177500000000000546e-02
2.760000000000000000e+02 2.180000000000000000e+02 0.000000000000000000e+00 1.173800000000000044e-04 5.147700000000000192e-02
2.770000000000000000e+02 1.250000000000000000e+02 0.000000000000000000e+00 -1.229800000000000077e-03 6.910299999999999776e-02
2.780000000000000000e+02 2.070000000000000000e+02 0.000000000000000000e+00 -1.832199999999999839e-05 3.075400000000000009e-02
2.790000000000000000e+02 3.500000000000000000e+01 0.000000000000000000e+00 -5.632900000000000363e-04 5.457100000000000145e-02
2.790000000000000000e+02 2.460000000000000000e+02 0.000000000000000000e+00 -5.346399999999999634e-04 2.216500000000000067e-02
2.820000000000000000e+02 6.500000000000000000e+01 0.000000000000000000e+00 7.077799999999999760e-04 6.237199999999999689e-02
2.820000000000000000e+02 1.000000000000000000e+02 0.000000000000000000e+00 2.985199999999999811e-04 8.380700000000000649e-02
2.820000000000000000e+02 2.520000000000000000e+02 0.000000000000000000e+00 -5.473299999999999520e-04 6.579000000000000126e-02
2.840000000000000000e+02 1.880000000000000000e+02 0.000000000000000000e+00 -3.199300000000000082e-04 5.737099999999999839e-02
2.840000000000000000e+02 1.960000000000000000e+02 0.000000000000000000e+00 8.840099999999999607e-05 3.756600000000000217e-02
2.850000000000000000e+02 1.210000000000000000e+02 0.000000000000000000e+00 2.276799999999999953e-05 3.023100000000000093e-02
2.850000000000000000e+02 1.320000000000000000e+02 0.000000000000000000e+00 3.990400000000000284e-05 2.257500000000000132e-02
2.860000000000000000e+02 4.400000000000000000e+01 0.000000000000000000e+00 1.550699999999999908e-05 3.319199999999999928e-02
2.860000000000000000e+02 1.320000000000000000e+02 0.000000000000000000e+00 -5.423700000000000266e-05 5.021799999999999875e-02
2.870000000000000000e+02 9.800000000000000000e+01 0.000000000000000000e+00 6.899399999999999706e-05 4.440500000000000003e-02
2.880000000000000000e+02 7.000000000000000000e+00 0.000000000000000000e+00 1.045800000000000028e-02 1.870399999999999840e-02
2.900000000000000000e+02 2.800000000000000000e+01 0.000000000000000000e+00 1.436800000000000067e-04 5.887599999999999778e-02
2.930000000000000000e+02 2.290000000000000000e+02 0.000000000000000000e+00 4.093500000000000025e-05 4.527899999999999980e-02
2.940000000000000000e+02 4.000000000000000000e+00 0.000000000000000000e+00 -2.192500000000000004e-03 6.155599999999999961e-02
2.940000000000000000e+02 7.700000000000000000e+01 0.000000000000000000e+00 -3.306400000000000138e-03 2.611899999999999986e-02
2.950000000000000000e+02 1.740000000000000000e+02 0.000000000000000000e+00 4.976399999999999747e-03 2.064200000000000063e-02
2.950000000000000000e+02 1.950000000000000000e+02 0.000000000000000000e+00 -4.976399999999999747e-03 2.064200000000000063e-02
2.960000000000000000e+02 1.300000000000000000e+02 0.000000000000000000e+00 9.591300000000000520e-03 2.803699999999999942e-02
2.960000000000000000e+02 2.930000000000000000e+02 0.000000000000000000e+00 -9.591300000000000520e-03 2.803699999999999942e-02
2.980000000000000000e+02 1.610000000000000000e+02 0.000000000000000000e+00 -7.843899999999999896e-05 5.072999999999999732e-02
2.980000000000000000e+02 2.810000000000000000e+02 0.000000000000000000e+00 1.509899999999999892e-04 1.442900000000000085e-02
3.000000000000000000e+02 2.080000000000000000e+02 0.000000000000000000e+00 1.661099999999999990e-03 9.062900000000000122e-02
3.010000000000000000e+02 2.740000000000000000e+02 0.000000000000000000e+00 -8.584899999999999476e-04 4.450599999999999695e-02
3.020000000000000000e+02 4.900000000000000000e+01 0.000000000000000000e+00 -5.902200000000000241e-04 9.063000000000000222e-02
3.020000000000000000e+02 1.100000000000000000e+02 0.000000000000000000e+00 8.700700000000000231e-04 6.965300000000000658e-02
3.030000000000000000e+02 3.200000000000000000e+01 0.000000000000000000e+00 5.340100000000000402e-03 4.557300000000000240e-02
3.060000000000000000e+02 9.000000000000000000e+01 0.000000000000000000e+00 -1.446199999999999916e-03 7.242899999999999339e-02
3.060000000000000000e+02 1.950000000000000000e+02 0.000000000000000000e+00 1.226599999999999999e-03 7.166500000000000647e-02
3.090000000000000000e+02 7.400000000000000000e+01 0.000000000000000000e+00 1.511499999999999996e-02 5.122399999999999870e-02
3.130000000000000000e+02 2.970000000000000000e+02 0.000000000000000000e+00 -9.962600000000000549e-07 3.418999999999999817e-02
3.170000000000000000e+02 2.600000000000000000e+02 0.000000000000000000e+00 8.134400000000000181e-04 4.360900000000000193e-02
3.200000000000000000e+02 1.270000000000000000e+02 0.000000000000000000e+00 2.017999999999999991e-04 4.662399999999999878e-02
3.200000000000000000e+02 3.180000000000000000e+02 0.000000000000000000e+00 -7.276100000000000352e-05 6.008200000000000346e-02
3.240000000000000000e+02 2.250000000000000000e+02 0.000000000000000000e+00 -7.967599999999999813e-04 5.409900000000000125e-02
3.240000000000000000e+02 3.150000000000000000e+02 0.000000000000000000e+00 5.382499999999999915e-04 7.185999999999999333e-02
3.260000000000000000e+02 2.480000000000000000e+02 0.000000000000000000e+00 -1.014200000000000014e-04 2.496900000000000161e-02
3.280000000000000000e+02 3.190000000000000000e+02 0.000000000000000000e+00 2.024300000000000144e-03 1.942400000000000029e-02
3.290000000000000000e+02 9.400000000000000000e+01 0.000000000000000000e+00 1.031299999999999968e-04 7.056900000000000672e-02
3.300000000000000000e+02 3.200000000000000000e+01 0.000000000000000000e+00 -1.111099999999999984e-04 5.193699999999999706e-02
3.300000000000000000e+02 6.000000000000000000e+01 0.000000000000000000e+00 -2.223899999999999900e-04 2.596599999999999950e-02
3.300000000000000000e+02 1.550000000000000000e+02 0.000000000000000000e+00 -2.572599999999999865e-04 5.975300000000000056e-02
3.310000000000000000e+02 1.630000000000000000e+02 0.000000000000000000e+00 4.503900000000000026e-05 5.152199999999999835e-02
3.310000000000000000e+02 2.970000000000000000e+02 0.000000000000000000e+00 -7.796099999999999439e-05 2.447900000000000076e-02
3.310000000000000000e+02 3.190000000000000000e+02 0.000000000000000000e+00 -3.368000000000000280e-05 3.333799999999999958e-02
3.320000000000000000e+02 2.850000000000000000e+02 0.000000000000000000e+00 5.121399999999999911e-03 2.570100000000000162e-02
3.340000000000000000e+02 5.100000000000000000e+01 0.000000000000000000e+00 -5.039600000000000199e-04 1.011100000000000054e-01
3.340000000000000000e+02 2.080000000000000000e+02 0.000000000000000000e+00 1.501399999999999957e-04 1.126000000000000056e-01
3.340000000000000000e+02 2.900000000000000000e+02 0.000000000000000000e+00 -3.950700000000000240e-04 3.102800000000000002e-02
3.350000000000000000e+02 1.000000000000000000e+00 0.000000000000000000e+00 3.110400000000000035e-04 2.442199999999999926e-02
3.350000000000000000e+02 3.200000000000000000e+01 0.000000000000000000e+00 -6.786199999999999503e-05 8.292399999999999771e-02
3.350000000000000000e+02 1.120000000000000000e+02 0.000000000000000000e+00 3.403300000000000162e-04 3.905000000000000138e-02
3.360000000000000000e+02 1.880000000000000000e+02 0.000000000000000000e+00 2.813199999999999967e-04 5.577000000000000013e-02
3.360000000000000000e+02 3.160000000000000000e+02 0.000000000000000000e+00 -2.813199999999999967e-04 5.577000000000000013e-02
3.370000000000000000e+02 1.810000000000000000e+02 0.000000000000000000e+00 1.902999999999999906e-05 6.572999999999999676e-02
3.380000000000000000e+02 7.400000000000000000e+01 0.000000000000000000e+00 -1.292299999999999916e-03 2.919199999999999920e-02
3.380000000000000000e+02 2.000000000000000000e+02 0.000000000000000000e+00 1.292299999999999916e-03 2.919199999999999920e-02
3.410000000000000000e+02 9.400000000000000000e+01 0.000000000000000000e+00 8.306900000000000037e-05 7.163799999999999335e-02
3.440000000000000000e+02 2.240000000000000000e+02 0.000000000000000000e+00 7.201300000000000322e-05 2.261799999999999922e-02
3.440000000000000000e+02 2.430000000000000000e+02 0.000000000000000000e+00 2.027200000000000106e-04 5.498200000000000309e-02
3.440000000000000000e+02 2.870000000000000000e+02 0.000000000000000000e+00 -1.314300000000000071e-04 4.355300000000000143e-02
3.450000000000000000e+02 1.930000000000000000e+02 0.000000000000000000e+00 -3.487000000000000191e-04 2.085700000000000054e-02
3.450000000000000000e+02 2.730000000000000000e+02 0.000000000000000000e+00 -4.690300000000000003e-04 3.982100000000000223e-02
3.450000000000000000e+02 2.980000000000000000e+02 0.000000000000000000e+00 2.996699999999999955e-05 4.762299999999999867e-02
3.460000000000000000e+02 1.680000000000000000e+02 0.000000000000000000e+00 1.068099999999999952e-02 4.539300000000000279e-02
3.470000000000000000e+02 8.700000000000000000e+01 0.000000000000000000e+00 5.917599999999999721e-05 7.149199999999999999e-02
3.470000000000000000e+02 1.560000000000000000e+02 0.000000000000000000e+00 4.480600000000000164e-04 8.104100000000000192e-02
3.470000000000000000e+02 2.500000000000000000e+02 0.000000000000000000e+00 -1.521000000000000108e-04 5.855400000000000188e-02
3.480000000000000000e+02 1.240000000000000000e+02 0.000000000000000000e+00 -1.335899999999999991e-06 2.948900000000000132e-02
3.490000000000000000e+02 1.900000000000000000e+02 0.000000000000000000e+00 2.790399999999999847e-04 3.291199999999999681e-02
3.490000000000000000e+02 2.720000000000000000e+02 0.000000000000000000e+00 2.294499999999999936e-04 3.676200000000000301e-02
3.500000000000000000e+02 2.940000000000000000e+02 0.000000000000000000e+00 5.983399999999999830e-03 1.281899999999999984e-01
3.510000000000000000e+02 3.410000000000000000e+02 0.000000000000000000e+00 -6.473900000000000314e-03 5.091199999999999892e-02
3.510000000000000000e+02 3.480000000000000000e+02 0.000000000000000000e+00 6.473900000000000314e-03 5.091199999999999892e-02
3.520000000000000000e+02 7.800000000000000000e+01 0.000000000000000000e+00 -1.224800000000000021e-02 5.970799999999999719e-02
3.520000000000000000e+02 2.420000000000000000e+02 0.000000000000000000e+00 -1.294299999999999964e-02 1.234600000000000003e-01
3.530000000000000000e+02 2.730000000000000000e+02 0.000000000000000000e+00 -1.364100000000000035e-03 4.513600000000000251e-02
3.530000000000000000e+02 3.050000000000000000e+02 0.000000000000000000e+00 1.364100000000000035e-03 4.513600000000000251e-02
3.540000000000000000e+02 1.940000000000000000e+02 0.000000000000000000e+00 5.615499999999999832e-03 2.491300000000000112e-02
3.560000000000000000e+02 1.180000000000000000e+02 0.000000000000000000e+00 1.944399999999999883e-04 8.463500000000000190e-02
3.560000000000000000e+02 1.390000000000000000e+02 0.000000000000000000e+00 -9.215999999999999854e-05 3.921499999999999986e-02
3.570000000000000000e+02 9.000000000000000000e+00 0.000000000000000000e+00 5.748399999999999647e-04 6.006800000000000334e-02
3.570000000000000000e+02 3.170000000000000000e+02 0.000000000000000000e+00 2.385599999999999928e-04 4.441400000000000209e-02
3.580000000000000000e+02 3.000000000000000000e+01 0.000000000000000000e+00 4.377800000000000268e-04 4.983599999999999836e-02
3.580000000000000000e+02 1.590000000000000000e+02 0.000000000000000000e+00 -4.211199999999999796e-04 5.837900000000000034e-02
3.600000000000000000e+02 3.900000000000000000e+01 0.000000000000000000e+00 3.025799999999999931e-04 2.708699999999999997e-02
3.600000000000000000e+02 1.650000000000000000e+02 0.000000000000000000e+00 -1.872500000000000114e-05 5.189799999999999969e-02
3.600000000000000000e+02 1.810000000000000000e+02 0.000000000000000000e+00 6.174800000000000037e-04 9.019599999999999840e-02
3.600000000000000000e+02 1.830000000000000000e+02 0.000000000000000000e+00 -1.663900000000000112e-04 6.889099999999999391e-02
3.610000000000000000e+02 2.830000000000000000e+02 0.000000000000000000e+00 1.808099999999999985e-04 6.610199999999999410e-02
3.610000000000000000e+02 3.160000000000000000e+02 0.000000000000000000e+00 4.778199999999999754e-05 4.347100000000000269e-02
3.610000000000000000e+02 3.280000000000000000e+02 0.000000000000000000e+00 7.140800000000000478e-05 2.417599999999999957e-02
3.620000000000000000e+02 3.050000000000000000e+02 0.000000000000000000e+00 2.622699999999999945e-03 4.030899999999999761e-02
3.640000000000000000e+02 1.960000000000000000e+02 0.000000000000000000e+00 -1.296700000000000023e-03 8.662499999999999367e-02
3.640000000000000000e+02 2.420000000000000000e+02 0.000000000000000000e+00 2.036700000000000066e-04 9.720099999999999574e-02
3.650000000000000000e+02 2.840000000000000000e+02 0.000000000000000000e+00 1.029599999999999960e-02 3.297900000000000137e-02
3.670000000000000000e+02 3.900000000000000000e+01 0.000000000000000000e+00 2.631199999999999880e-04 2.883799999999999905e-02
3.670000000000000000e+02 2.040000000000000000e+02 0.000000000000000000e+00 4.363099999999999748e-04 5.326100000000000279e-02
3.670000000000000000e+02 2.650000000000000000e+02 0.000000000000000000e+00 -1.741599999999999995e-04 5.866699999999999693e-02
3.690000000000000000e+02 2.760000000000000000e+02 0.000000000000000000e+00 -2.612399999999999925e-05 5.545800000000000035e-02
3.710000000000000000e+02 1.630000000000000000e+02 0.000000000000000000e+00 1.036499999999999986e-04 4.029100000000000042e-02
3.720000000000000000e+02 1.830000000000000000e+02 0.000000000000000000e+00 3.309300000000000045e-04 5.705099999999999755e-02
3.720000000000000000e+02 3.010000000000000000e+02 0.000000000000000000e+00 1.017899999999999968e-03 5.464999999999999719e-02
3.760000000000000000e+02 3.140000000000000000e+02 0.000000000000000000e+00 2.312699999999999999e-03 4.889899999999999802e-02
3.760000000000000000e+02 3.420000000000000000e+02 0.000000000000000000e+00 -2.312699999999999999e-03 4.889899999999999802e-02
3.790000000000000000e+02 3.400000000000000000e+01 0.000000000000000000e+00 -1.548399999999999950e-02 4.150700000000000223e-02
3.790000000000000000e+02 1.560000000000000000e+02 0.000000000000000000e+00 1.548399999999999950e-02 4.150700000000000223e-02
3.800000000000000000e+02 3.710000000000000000e+02 0.000000000000000000e+00 -3.722299999999999784e-04 7.477899999999999825e-02
3.810000000000000000e+02 1.000000000000000000e+00 0.000000000000000000e+00 -1.145099999999999929e-05 3.728000000000000064e-02
3.810000000000000000e+02 3.300000000000000000e+01 0.000000000000000000e+00 6.891399999999999783e-05 4.055799999999999683e-02
3.810000000000000000e+02 1.160000000000000000e+02 0.000000000000000000e+00 -5.765100000000000080e-05 9.262299999999999700e-02
3.810000000000000000e+02 2.200000000000000000e+02 0.000000000000000000e+00 -5.399800000000000037e-05 2.750100000000000114e-02
3.830000000000000000e+02 2.580000000000000000e+02 0.000000000000000000e+00 1.535899999999999982e-04 5.885599999999999860e-02
3.830000000000000000e+02 2.650000000000000000e+02 0.000000000000000000e+00 3.879999999999999985e-04 6.604000000000000148e-02
3.830000000000000000e+02 2.810000000000000000e+02 0.000000000000000000e+00 3.634799999999999826e-05 5.254299999999999943e-02
3.830000000000000000e+02 3.140000000000000000e+02 0.000000000000000000e+00 3.786999999999999893e-04 3.183400000000000118e-02
3.840000000000000000e+02 7.500000000000000000e+01 0.000000000000000000e+00 -2.147099999999999877e-03 6.110299999999999759e-02
3.840000000000000000e+02 2.150000000000000000e+02 0.000000000000000000e+00 -1.818600000000000078e-03 7.792999999999999927e-02
3.850000000000000000e+02 2.550000000000000000e+02 0.000000000000000000e+00 -9.050799999999999471e-04 7.024500000000000188e-02
3.850000000000000000e+02 2.740000000000000000e+02 0.000000000000000000e+00 4.380100000000000161e-04 6.149099999999999705e-02
3.860000000000000000e+02 3.000000000000000000e+01 0.000000000000000000e+00 1.677899999999999910e-04 3.978500000000000092e-02
3.860000000000000000e+02 1.290000000000000000e+02 0.000000000000000000e+00 2.912799999999999894e-04 4.708999999999999991e-02
3.860000000000000000e+02 1.790000000000000000e+02 0.000000000000000000e+00 -1.851099999999999946e-04 5.773199999999999860e-02
3.870000000000000000e+02 2.720000000000000000e+02 0.000000000000000000e+00 8.080599999999999849e-04 7.725400000000000322e-02
3.870000000000000000e+02 3.290000000000000000e+02 0.000000000000000000e+00 -8.892799999999999967e-04 8.017100000000000615e-02
3.880000000000000000e+02 1.050000000000000000e+02 0.000000000000000000e+00 1.020899999999999933e-03 4.527400000000000174e-02
3.900000000000000000e+02 1.270000000000000000e+02 0.000000000000000000e+00 -2.936799999999999936e-04 6.332000000000000128e-02
3.900000000000000000e+02 1.770000000000000000e+02 0.000000000000000000e+00 2.915999999999999864e-04 6.119100000000000233e-02
3.910000000000000000e+02 6.600000000000000000e+01 0.000000000000000000e+00 5.864600000000000195e-03 3.243200000000000249e-02
3.920000000000000000e+02 2.430000000000000000e+02 0.000000000000000000e+00 2.449700000000000076e-04 4.680200000000000332e-02
3.930000000000000000e+02 1.610000000000000000e+02 0.000000000000000000e+00 1.228399999999999935e-03 5.516999999999999682e-02
3.930000000000000000e+02 3.570000000000000000e+02 0.000000000000000000e+00 -1.228399999999999935e-03 5.516999999999999682e-02
3.940000000000000000e+02 3.030000000000000000e+02 0.000000000000000000e+00 -1.213900000000000016e-05 5.738999999999999657e-02
3.940000000000000000e+02 3.080000000000000000e+02 0.000000000000000000e+00 6.367500000000000276e-05 2.775899999999999895e-02
3.950000000000000000e+02 3.250000000000000000e+02 0.000000000000000000e+00 -8.152899999999999817e-04 3.535200000000000148e-02
3.960000000000000000e+02 2.580000000000000000e+02 0.000000000000000000e+00 -2.434799999999999931e-04 5.213099999999999679e-02
3.960000000000000000e+02 3.920000000000000000e+02 0.000000000000000000e+00 7.634200000000000531e-06 4.809499999999999886e-02
3.990000000000000000e+02 2.070000000000000000e+02 0.000000000000000000e+00 1.357300000000000000e-02 3.965099999999999875e-02
3.990000000000000000e+02 3.180000000000000000e+02 0.000000000000000000e+00 -1.357300000000000000e-02 3.965099999999999875e-02
4.030000000000000000e+02 5.700000000000000000e+01 0.000000000000000000e+00 -9.527399999999999617e-05 2.923200000000000104e-02
4.030000000000000000e+02 1.340000000000000000e+02 0.000000000000000000e+00 2.112299999999999952e-04 4.447600000000000164e-02
4.030000000000000000e+02 2.310000000000000000e+02 0.000000000000000000e+00 5.726499999999999603e-04 6.724199999999999622e-02
4.030000000000000000e+02 3.150000000000000000e+02 0.000000000000000000e+00 -6.310000000000000504e-04 8.903400000000000203e-02
4.040000000000000000e+02 2.300000000000000000e+02 0.000000000000000000e+00 -9.079100000000000538e-04 4.841999999999999776e-02
4.050000000000000000e+02 3.290000000000000000e+02 0.000000000000000000e+00 1.263500000000000040e-02 2.586000000000000104e-02
4.060000000000000000e+02 1.470000000000000000e+02 0.000000000000000000e+00 1.026800000000000022e-03 3.266000000000000153e-02
4.060000000000000000e+02 1.960000000000000000e+02 0.000000000000000000e+00 -9.038299999999999980e-04 1.285000000000000031e-01
4.060000000000000000e+02 3.700000000000000000e+02 0.000000000000000000e+00 1.577899999999999919e-03 6.071599999999999914e-02
4.080000000000000000e+02 7.000000000000000000e+00 0.000000000000000000e+00 6.845400000000000562e-05 2.187300000000000008e-02
4.080000000000000000e+02 5.500000000000000000e+01 0.000000000000000000e+00 7.049200000000000203e-05 1.810700000000000157e-02
4.080000000000000000e+02 2.390000000000000000e+02 0.000000000000000000e+00 8.978200000000000200e-05 5.472799999999999887e-02
4.080000000000000000e+02 2.990000000000000000e+02 0.000000000000000000e+00 1.074199999999999981e-04 4.003600000000000214e-02
4.090000000000000000e+02 3.900000000000000000e+02 0.000000000000000000e+00 2.175299999999999993e-05 3.111200000000000077e-02
4.100000000000000000e+02 1.140000000000000000e+02 0.000000000000000000e+00 3.598699999999999816e-04 2.555299999999999933e-02
4.100000000000000000e+02 1.420000000000000000e+02 0.000000000000000000e+00 -5.609999999999999752e-04 8.835099999999999898e-02
4.110000000000000000e+02 9.000000000000000000e+00 0.000000000000000000e+00 -1.312300000000000022e-04 6.243200000000000138e-02
4.110000000000000000e+02 1.700000000000000000e+02 0.000000000000000000e+00 1.248900000000000053e-04 5.705799999999999761e-02
4.120000000000000000e+02 2.790000000000000000e+02 0.000000000000000000e+00 1.469299999999999990e-03 8.150200000000000500e-02
4.160000000000000000e+02 2.400000000000000000e+02 0.000000000000000000e+00 -5.975699999999999588e-03 3.479299999999999754e-02
4.160000000000000000e+02 2.500000000000000000e+02 0.000000000000000000e+00 5.975699999999999588e-03 3.479299999999999754e-02
4.240000000000000000e+02 1.360000000000000000e+02 0.000000000000000000e+00 -1.784499999999999940e-05 2.309399999999999994e-02
4.240000000000000000e+02 1.730000000000000000e+02 0.000000000000000000e+00 -2.801399999999999978e-05 1.705399999999999971e-02
4.280000000000000000e+02 3.370000000000000000e+02 0.000000000000000000e+00 1.702199999999999894e-02 3.195599999999999830e-02
4.310000000000000000e+02 1.630000000000000000e+02 0.000000000000000000e+00 3.931500000000000099e-03 2.398300000000000085e-02
4.320000000000000000e+02 2.780000000000000000e+02 0.000000000000000000e+00 9.058099999999999485e-03 3.527000000000000274e-02
4.320000000000000000e+02 3.820000000000000000e+02 0.000000000000000000e+00 -9.058099999999999485e-03 3.527000000000000274e-02
4.340000000000000000e+02 1.290000000000000000e+02 0.000000000000000000e+00 -1.501399999999999957e-04 4.457900000000000057e-02
4.360000000000000000e+02 3.870000000000000000e+02 0.000000000000000000e+00 1.085499999999999958e-04 2.427599999999999897e-02
4.370000000000000000e+02 3.050000000000000000e+02 0.000000000000000000e+00 3.904200000000000330e-05 1.826200000000000045e-02
4.370000000000000000e+02 3.460000000000000000e+02 0.000000000000000000e+00 -1.754000000000000147e-05 4.284899999999999820e-02
4.390000000000000000e+02 1.980000000000000000e+02 0.000000000000000000e+00 5.052499999999999700e-03 3.824000000000000316e-02
4.390000000000000000e+02 3.660000000000000000e+02 0.000000000000000000e+00 -5.052499999999999700e-03 3.824000000000000316e-02
4.450000000000000000e+02 5.900000000000000000e+01 0.000000000000000000e+00 -1.234199999999999967e-03 7.089900000000000369e-02
4.460000000000000000e+02 2.120000000000000000e+02 0.000000000000000000e+00 6.185300000000000346e-03 2.431399999999999881e-02
4.480000000000000000e+02 5.700000000000000000e+01 0.000000000000000000e+00 7.084199999999999699e-05 1.852900000000000033e-02
4.480000000000000000e+02 1.320000000000000000e+02 0.000000000000000000e+00 8.357200000000000555e-05 3.623400000000000232e-02
4.480000000000000000e+02 1.340000000000000000e+02 0.000000000000000000e+00 3.587700000000000226e-05 3.748599999999999849e-02
4.530000000000000000e+02 4.900000000000000000e+01 0.000000000000000000e+00 -4.652299999999999838e-03 4.815200000000000036e-02
4.530000000000000000e+02 9.300000000000000000e+01 0.000000000000000000e+00 4.652299999999999838e-03 4.815200000000000036e-02
4.550000000000000000e+02 3.740000000000000000e+02 0.000000000000000000e+00 2.098399999999999918e-02 6.875900000000000067e-02
4.600000000000000000e+02 2.790000000000000000e+02 0.000000000000000000e+00 3.072500000000000144e-04 2.692900000000000155e-02
4.630000000000000000e+02 3.630000000000000000e+02 0.000000000000000000e+00 6.403599999999999744e-03 2.567799999999999944e-02
4.630000000000000000e+02 4.280000000000000000e+02 0.000000000000000000e+00 -6.403599999999999744e-03 2.567799999999999944e-02
4.650000000000000000e+02 1.250000000000000000e+02 0.000000000000000000e+00 1.595399999999999943e-02 6.973699999999999344e-02
4.650000000000000000e+02 4.100000000000000000e+02 0.000000000000000000e+00 -1.595399999999999943e-02 6.973699999999999344e-02
4.660000000000000000e+02 1.220000000000000000e+02 0.000000000000000000e+00 4.051900000000000288e-05 3.927300000000000235e-02
4.660000000000000000e+02 2.770000000000000000e+02 0.000000000000000000e+00 -3.479599999999999685e-05 4.906100000000000044e-02
4.660000000000000000e+02 3.690000000000000000e+02 0.000000000000000000e+00 2.408599999999999945e-05 4.002300000000000302e-02
4.660000000000000000e+02 4.170000000000000000e+02 0.000000000000000000e+00 1.732599999999999937e-06 1.838000000000000050e-02
4.690000000000000000e+02 4.200000000000000000e+02 0.000000000000000000e+00 -1.600999999999999884e-04 1.921199999999999991e-02
4.740000000000000000e+02 6.300000000000000000e+01 0.000000000000000000e+00 -1.142400000000000013e-03 4.376399999999999735e-02
4.740000000000000000e+02 1.790000000000000000e+02 0.000000000000000000e+00 -1.138499999999999972e-03 9.326299999999999868e-02
4.740000000000000000e+02 2.120000000000000000e+02 0.000000000000000000e+00 -7.091699999999999610e-04 3.631800000000000306e-02
4.750000000000000000e+02 8.000000000000000000e+00 0.000000000000000000e+00 -1.463299999999999898e-04 4.010199999999999876e-02
4.750000000000000000e+02 2.520000000000000000e+02 0.000000000000000000e+00 2.275699999999999913e-05 7.133000000000000451e-02
4.760000000000000000e+02 4.690000000000000000e+02 0.000000000000000000e+00 1.802299999999999952e-03 5.648500000000000049e-02
4.790000000000000000e+02 2.870000000000000000e+02 0.000000000000000000e+00 4.496499999999999629e-03 3.351300000000000112e-02
4.790000000000000000e+02 3.290000000000000000e+02 0.000000000000000000e+00 -4.496499999999999629e-03 3.351300000000000112e-02
4.860000000000000000e+02 1.260000000000000000e+02 0.000000000000000000e+00 6.334800000000000402e-05 5.086100000000000343e-02
4.860000000000000000e+02 1.960000000000000000e+02 0.000000000000000000e+00 -2.279200000000000133e-05 3.407400000000000012e-02
4.900000000000000000e+02 1.070000000000000000e+02 0.000000000000000000e+00 1.029000000000000054e-02 1.878799999999999915e-02
4.900000000000000000e+02 4.600000000000000000e+02 0.000000000000000000e+00 -1.029000000000000054e-02 1.878799999999999915e-02
4.920000000000000000e+02 1.700000000000000000e+01 0.000000000000000000e+00 1.521299999999999953e-04 2.813600000000000129e-02
4.920000000000000000e+02 3.250000000000000000e+02 0.000000000000000000e+00 1.209700000000000022e-04 2.539999999999999897e-02
4.940000000000000000e+02 7.300000000000000000e+01 0.000000000000000000e+00 -5.724199999999999601e-03 4.463199999999999806e-02
4.940000000000000000e+02 3.080000000000000000e+02 0.000000000000000000e+00 5.724199999999999601e-03 4.463199999999999806e-02
4.950000000000000000e+02 1.070000000000000000e+02 0.000000000000000000e+00 7.125399999999999616e-03 3.019900000000000015e-02
4.970000000000000000e+02 2.740000000000000000e+02 0.000000000000000000e+00 7.472799999999999929e-03 3.765199999999999797e-02
5.000000000000000000e+02 4.180000000000000000e+02 1.000000000000000000e+00 4.194400000000000212e-02 4.244200000000000056e-02
5.010000000000000000e+02 4.000000000000000000e+01 0.000000000000000000e+00 5.622399999999999837e-04 4.690500000000000225e-02
5.010000000000000000e+02 3.950000000000000000e+02 0.000000000000000000e+00 9.820999999999999652e-05 1.112699999999999939e-01
5.010000000000000000e+02 4.420000000000000000e+02 0.000000000000000000e+00 8.445899999999999892e-04 3.397599999999999926e-02
5.020000000000000000e+02 1.130000000000000000e+02 0.000000000000000000e+00 -5.819299999999999663e-05 3.638899999999999774e-02
5.020000000000000000e+02 4.460000000000000000e+02 0.000000000000000000e+00 3.126999999999999707e-05 2.786599999999999841e-02
5.060000000000000000e+02 4.690000000000000000e+02 0.000000000000000000e+00 4.895000000000000262e-04 5.232200000000000045e-02
5.070000000000000000e+02 1.300000000000000000e+01 0.000000000000000000e+00 -6.591300000000000403e-05 4.762399999999999967e-02
5.070000000000000000e+02 4.920000000000000000e+02 0.000000000000000000e+00 1.554000000000000097e-04 5.549099999999999866e-02
5.070000000000000000e+02 5.020000000000000000e+02 0.000000000000000000e+00 2.468399999999999948e-05 3.589500000000000329e-02
5.090000000000000000e+02 1.000000000000000000e+01 0.000000000000000000e+00 -5.353600000000000025e-03 1.913400000000000170e-02
5.090000000000000000e+02 1.400000000000000000e+01 0.000000000000000000e+00 5.353600000000000025e-03 1.913400000000000170e-02
5.120000000000000000e+02 2.050000000000000000e+02 0.000000000000000000e+00 5.848799999999999702e-04 3.692999999999999755e-02
5.140000000000000000e+02 1.690000000000000000e+02 0.000000000000000000e+00 4.756700000000000045e-05 5.382599999999999885e-02
5.140000000000000000e+02 2.140000000000000000e+02 0.000000000000000000e+00 3.944799999999999907e-05 1.496399999999999987e-02
5.140000000000000000e+02 2.930000000000000000e+02 0.000000000000000000e+00 -1.693100000000000103e-05 3.561000000000000276e-02
5.150000000000000000e+02 4.090000000000000000e+02 0.000000000000000000e+00 -1.284400000000000103e-04 4.357599999999999668e-02
5.170000000000000000e+02 5.400000000000000000e+01 0.000000000000000000e+00 -1.958599999999999848e-05 4.485700000000000104e-02
5.170000000000000000e+02 1.200000000000000000e+02 0.000000000000000000e+00 -6.754500000000000467e-05 3.235099999999999781e-02
5.170000000000000000e+02 2.230000000000000000e+02 0.000000000000000000e+00 -2.457300000000000003e-05 2.935099999999999862e-02
5.190000000000000000e+02 1.220000000000000000e+02 0.000000000000000000e+00 -4.904800000000000202e-05 3.659199999999999953e-02
5.190000000000000000e+02 2.440000000000000000e+02 0.000000000000000000e+00 7.841000000000000313e-05 1.405200000000000025e-02
5.190000000000000000e+02 2.910000000000000000e+02 0.000000000000000000e+00 6.956000000000000486e-05 3.068600000000000147e-02
5.210000000000000000e+02 3.410000000000000000e+02 0.000000000000000000e+00 8.370900000000000563e-03 2.910700000000000093e-02
5.240000000000000000e+02 4.340000000000000000e+02 0.000000000000000000e+00 -4.042900000000000204e-04 4.726899999999999852e-02
5.240000000000000000e+02 5.060000000000000000e+02 0.000000000000000000e+00 4.042900000000000204e-04 4.726899999999999852e-02
5.250000000000000000e+02 3.050000000000000000e+02 0.000000000000000000e+00 1.635800000000000025e-04 3.941399999999999765e-02
5.250000000000000000e+02 4.370000000000000000e+02 0.000000000000000000e+00 1.725800000000000045e-04 2.331799999999999845e-02
5.270000000000000000e+02 2.100000000000000000e+01 0.000000000000000000e+00 6.220199999999999839e-05 6.493799999999999573e-02
5.280000000000000000e+02 4.740000000000000000e+02 0.000000000000000000e+00 5.811699999999999939e-04 8.928899999999999337e-02
5.280000000000000000e+02 5.260000000000000000e+02 0.000000000000000000e+00 -4.084199999999999962e-04 7.721999999999999698e-02
5.300000000000000000e+02 1.910000000000000000e+02 0.000000000000000000e+00 4.504400000000000417e-03 3.724500000000000033e-02
5.310000000000000000e+02 2.140000000000000000e+02 0.000000000000000000e+00 6.522800000000000635e-05 5.219900000000000234e-02
5.310000000000000000e+02 2.210000000000000000e+02 0.000000000000000000e+00 4.038699999999999804e-05 3.810600000000000098e-02
5.330000000000000000e+02 8.900000000000000000e+01 0.000000000000000000e+00 -5.007700000000000352e-06 2.506299999999999847e-02
5.330000000000000000e+02 2.100000000000000000e+02 0.000000000000000000e+00 -4.218100000000000153e-05 4.536799999999999861e-02
5.330000000000000000e+02 5.310000000000000000e+02 0.000000000000000000e+00 -1.061700000000000016e-05 2.318500000000000075e-02
5.370000000000000000e+02 2.720000000000000000e+02 0.000000000000000000e+00 1.050500000000000045e-02 2.222999999999999976e-02
5.370000000000000000e+02 5.290000000000000000e+02 0.000000000000000000e+00 -1.050500000000000045e-02 2.222999999999999976e-02
5.390000000000000000e+02 8.000000000000000000e+00 0.000000000000000000e+00 5.497800000000000115e-05 3.751299999999999774e-02
5.390000000000000000e+02 1.920000000000000000e+02 0.000000000000000000e+00 -1.775000000000000116e-05 2.641100000000000045e-02
5.390000000000000000e+02 4.240000000000000000e+02 0.000000000000000000e+00 -2.679200000000000030e-05 3.411100000000000243e-02
5.410000000000000000e+02 9.500000000000000000e+01 0.000000000000000000e+00 -6.412899999999999536e-05 4.940599999999999853e-02
5.410000000000000000e+02 1.910000000000000000e+02 0.000000000000000000e+00 -3.939499999999999805e-05 3.047599999999999962e-02
5.420000000000000000e+02 3.490000000000000000e+02 0.000000000000000000e+00 1.922799999999999954e-04 6.121900000000000258e-02
5.420000000000000000e+02 4.120000000000000000e+02 0.000000000000000000e+00 -8.570599999999999833e-04 9.915300000000000502e-02
5.450000000000000000e+02 1.110000000000000000e+02 0.000000000000000000e+00 -3.103100000000000156e-05 7.247099999999999376e-02
5.450000000000000000e+02 1.910000000000000000e+02 0.000000000000000000e+00 7.021199999999999794e-05 6.001800000000000190e-02
5.450000000000000000e+02 5.070000000000000000e+02 0.000000000000000000e+00 -9.907200000000000284e-05 5.665900000000000103e-02
5.470000000000000000e+02 1.870000000000000000e+02 0.000000000000000000e+00 8.855599999999999713e-04 3.671100000000000058e-02
5.470000000000000000e+02 5.300000000000000000e+02 0.000000000000000000e+00 -8.855599999999999713e-04 3.671100000000000058e-02
5.490000000000000000e+02 5.100000000000000000e+01 0.000000000000000000e+00 8.862899999999999945e-03 5.781200000000000228e-02
5.500000000000000000e+02 4.700000000000000000e+01 0.000000000000000000e+00 5.768900000000000416e-03 6.457200000000000439e-02
5.530000000000000000e+02 1.210000000000000000e+02 0.000000000000000000e+00 1.532099999999999955e-02 4.306900000000000311e-02
5.530000000000000000e+02 3.370000000000000000e+02 0.000000000000000000e+00 -1.532099999999999955e-02 4.306900000000000311e-02
5.540000000000000000e+02 4.640000000000000000e+02 0.000000000000000000e+00 -2.809199999999999870e-04 5.063100000000000239e-02
5.540000000000000000e+02 4.910000000000000000e+02 0.000000000000000000e+00 -8.729500000000000023e-06 1.049199999999999994e-01
5.550000000000000000e+02 9.900000000000000000e+01 0.000000000000000000e+00 4.369800000000000073e-03 4.924499999999999711e-02
5.570000000000000000e+02 2.760000000000000000e+02 0.000000000000000000e+00 9.806199999999999292e-03 6.262199999999999711e-02
5.580000000000000000e+02 1.400000000000000000e+02 0.000000000000000000e+00 1.986900000000000103e-04 1.839999999999999969e-02
5.580000000000000000e+02 4.220000000000000000e+02 0.000000000000000000e+00 -1.879600000000000097e-04 3.120099999999999957e-02
5.590000000000000000e+02 5.220000000000000000e+02 0.000000000000000000e+00 -1.301599999999999979e-02 3.577299999999999924e-02
5.620000000000000000e+02 4.450000000000000000e+02 0.000000000000000000e+00 9.810799999999999729e-03 3.768599999999999728e-02
5.640000000000000000e+02 7.400000000000000000e+01 0.000000000000000000e+00 1.083300000000000061e-02 2.936000000000000068e-02
5.640000000000000000e+02 1.690000000000000000e+02 0.000000000000000000e+00 -1.083300000000000061e-02 2.936000000000000068e-02
5.650000000000000000e+02 1.300000000000000000e+01 0.000000000000000000e+00 -4.979500000000000351e-07 3.864000000000000073e-02
5.650000000000000000e+02 1.900000000000000000e+01 0.000000000000000000e+00 2.902299999999999978e-05 3.811699999999999811e-02
5.650000000000000000e+02 4.200000000000000000e+01 0.000000000000000000e+00 -1.225500000000000040e-05 3.348299999999999887e-02
5.650000000000000000e+02 5.410000000000000000e+02 0.000000000000000000e+00 3.770499999999999899e-05 3.117699999999999985e-02
5.660000000000000000e+02 5.600000000000000000e+01 0.000000000000000000e+00 1.476500000000000009e-05 6.223499999999999865e-02
5.660000000000000000e+02 1.350000000000000000e+02 0.000000000000000000e+00 1.085500000000000026e-05 1.791999999999999843e-02
5.670000000000000000e+02 3.090000000000000000e+02 0.000000000000000000e+00 8.926699999999999219e-03 4.293399999999999994e-02
5.680000000000000000e+02 2.900000000000000000e+02 0.000000000000000000e+00 1.266600000000000018e-02 2.066499999999999934e-02
5.690000000000000000e+02 2.990000000000000000e+02 0.000000000000000000e+00 1.058599999999999992e-02 3.085699999999999901e-02
5.690000000000000000e+02 5.250000000000000000e+02 0.000000000000000000e+00 -1.058599999999999992e-02 3.085699999999999901e-02
5.740000000000000000e+02 3.060000000000000000e+02 0.000000000000000000e+00 -3.523299999999999826e-04 3.841200000000000170e-02
5.740000000000000000e+02 3.740000000000000000e+02 0.000000000000000000e+00 7.998900000000000411e-04 5.332900000000000140e-02
5.830000000000000000e+02 3.000000000000000000e+02 0.000000000000000000e+00 1.390199999999999943e-02 5.419399999999999912e-02
5.840000000000000000e+02 4.450000000000000000e+02 0.000000000000000000e+00 -1.215900000000000065e-04 4.200500000000000067e-02
5.850000000000000000e+02 3.680000000000000000e+02 0.000000000000000000e+00 -2.300599999999999962e-05 4.295199999999999713e-02
5.860000000000000000e+02 1.700000000000000000e+02 0.000000000000000000e+00 -1.338299999999999950e-03 1.506799999999999980e-02
5.860000000000000000e+02 2.020000000000000000e+02 0.000000000000000000e+00 1.338299999999999950e-03 1.506799999999999980e-02
5.870000000000000000e+02 3.230000000000000000e+02 0.000000000000000000e+00 2.136199999999999991e-03 3.870799999999999935e-02
5.870000000000000000e+02 4.020000000000000000e+02 0.000000000000000000e+00 -2.136199999999999991e-03 3.870799999999999935e-02
5.880000000000000000e+02 9.000000000000000000e+01 0.000000000000000000e+00 2.504199999999999829e-03 3.722600000000000214e-02
5.880000000000000000e+02 1.650000000000000000e+02 0.000000000000000000e+00 2.782000000000000185e-03 6.006999999999999840e-02
5.880000000000000000e+02 3.720000000000000000e+02 0.000000000000000000e+00 2.347700000000000036e-04 1.213100000000000012e-01
5.880000000000000000e+02 3.740000000000000000e+02 0.000000000000000000e+00 1.708899999999999959e-03 6.489899999999999836e-02
5.900000000000000000e+02 2.180000000000000000e+02 0.000000000000000000e+00 4.739100000000000430e-03 3.811900000000000011e-02
5.900000000000000000e+02 5.550000000000000000e+02 0.000000000000000000e+00 -4.739100000000000430e-03 3.811900000000000011e-02
5.910000000000000000e+02 2.740000000000000000e+02 0.000000000000000000e+00 -1.114900000000000049e-04 2.759199999999999847e-02
5.910000000000000000e+02 3.720000000000000000e+02 0.000000000000000000e+00 1.367399999999999986e-05 3.779600000000000320e-02
5.920000000000000000e+02 4.860000000000000000e+02 0.000000000000000000e+00 6.084899999999999858e-03 2.393599999999999894e-02
5.980000000000000000e+02 3.700000000000000000e+01 0.000000000000000000e+00 -2.248300000000000141e-05 6.423199999999999743e-02
5.980000000000000000e+02 2.050000000000000000e+02 0.000000000000000000e+00 7.079199999999999577e-05 1.730399999999999994e-02
5.980000000000000000e+02 3.680000000000000000e+02 0.000000000000000000e+00 5.590200000000000111e-05 6.292499999999999483e-02
6.000000000000000000e+02 2.550000000000000000e+02 0.000000000000000000e+00 -2.053799999999999886e-05 4.075700000000000156e-02
6.010000000000000000e+02 4.300000000000000000e+01 0.000000000000000000e+00 1.850400000000000092e-03 1.946700000000000166e-02
6.010000000000000000e+02 3.200000000000000000e+02 0.000000000000000000e+00 -1.850400000000000092e-03 1.946700000000000166e-02
6.020000000000000000e+02 1.600000000000000000e+01 0.000000000000000000e+00 1.774200000000000083e-03 2.186199999999999949e-02
6.020000000000000000e+02 2.230000000000000000e+02 0.000000000000000000e+00 -1.774200000000000083e-03 2.186199999999999949e-02
6.060000000000000000e+02 4.050000000000000000e+02 0.000000000000000000e+00 -1.893300000000000050e-04 3.287400000000000044e-02
6.060000000000000000e+02 5.210000000000000000e+02 0.000000000000000000e+00 -3.469499999999999901e-05 1.044499999999999942e-02
6.080000000000000000e+02 1.510000000000000000e+02 0.000000000000000000e+00 -6.797999999999999627e-05 8.421499999999999819e-02
6.080000000000000000e+02 2.000000000000000000e+02 0.000000000000000000e+00 1.749499999999999970e-04 6.414400000000000657e-02
6.080000000000000000e+02 2.360000000000000000e+02 0.000000000000000000e+00 -5.058800000000000015e-04 5.789300000000000002e-02
6.090000000000000000e+02 1.860000000000000000e+02 0.000000000000000000e+00 3.971200000000000196e-05 1.386100000000000006e-02
6.090000000000000000e+02 3.610000000000000000e+02 0.000000000000000000e+00 -1.178899999999999978e-04 6.930000000000000049e-02
6.090000000000000000e+02 3.800000000000000000e+02 0.000000000000000000e+00 1.202499999999999956e-04 4.412900000000000156e-02
6.090000000000000000e+02 4.310000000000000000e+02 0.000000000000000000e+00 7.881399999999999452e-05 1.689999999999999836e-02
6.100000000000000000e+02 1.270000000000000000e+02 0.000000000000000000e+00 1.148899999999999921e-02 2.642900000000000110e-02
6.110000000000000000e+02 2.430000000000000000e+02 0.000000000000000000e+00 -2.674999999999999861e-03 5.097399999999999848e-02
6.110000000000000000e+02 2.990000000000000000e+02 0.000000000000000000e+00 2.674999999999999861e-03 5.097399999999999848e-02
6.140000000000000000e+02 1.350000000000000000e+02 0.000000000000000000e+00 1.136900000000000042e-04 4.305400000000000199e-02
6.140000000000000000e+02 1.490000000000000000e+02 0.000000000000000000e+00 -1.425900000000000019e-04 4.506600000000000189e-02
6.150000000000000000e+02 2.440000000000000000e+02 0.000000000000000000e+00 1.152899999999999932e-02 2.999200000000000130e-02
6.150000000000000000e+02 3.660000000000000000e+02 0.000000000000000000e+00 -1.152899999999999932e-02 2.999200000000000130e-02
6.160000000000000000e+02 5.840000000000000000e+02 0.000000000000000000e+00 -5.064899999999999567e-04 4.990399999999999697e-02
6.170000000000000000e+02 1.550000000000000000e+02 0.000000000000000000e+00 1.717899999999999983e-02 6.060499999999999915e-02
6.170000000000000000e+02 3.560000000000000000e+02 0.000000000000000000e+00 -1.717899999999999983e-02 6.060499999999999915e-02
6.220000000000000000e+02 4.420000000000000000e+02 0.000000000000000000e+00 -8.653700000000000172e-05 5.376600000000000129e-02
6.220000000000000000e+02 4.640000000000000000e+02 0.000000000000000000e+00 1.696000000000000025e-04 3.627600000000000269e-02
6.230000000000000000e+02 3.800000000000000000e+01 0.000000000000000000e+00 -1.516899999999999995e-05 5.409499999999999725e-02
6.230000000000000000e+02 4.700000000000000000e+01 0.000000000000000000e+00 4.542799999999999941e-05 6.210999999999999854e-02
6.230000000000000000e+02 3.000000000000000000e+02 0.000000000000000000e+00 -5.411499999999999942e-05 7.112599999999999478e-02
6.230000000000000000e+02 5.680000000000000000e+02 0.000000000000000000e+00 -1.622099999999999936e-05 1.911399999999999905e-02
6.250000000000000000e+02 3.000000000000000000e+01 0.000000000000000000e+00 -5.537400000000000210e-05 3.625199999999999950e-02
6.250000000000000000e+02 6.160000000000000000e+02 0.000000000000000000e+00 -1.121500000000000020e-05 4.451900000000000301e-02
6.260000000000000000e+02 5.900000000000000000e+01 0.000000000000000000e+00 2.533600000000000001e-03 9.802400000000000002e-02
6.270000000000000000e+02 4.000000000000000000e+01 0.000000000000000000e+00 -3.080600000000000287e-05 1.646399999999999947e-02
6.270000000000000000e+02 6.220000000000000000e+02 0.000000000000000000e+00 -3.374400000000000083e-05 2.700500000000000123e-02
6.280000000000000000e+02 1.050000000000000000e+02 0.000000000000000000e+00 -2.789300000000000199e-03 1.640600000000000044e-02
6.280000000000000000e+02 2.670000000000000000e+02 0.000000000000000000e+00 2.789300000000000199e-03 1.640600000000000044e-02
6.300000000000000000e+02 1.800000000000000000e+01 0.000000000000000000e+00 3.761700000000000254e-05 2.568199999999999997e-02
6.300000000000000000e+02 3.300000000000000000e+01 0.000000000000000000e+00 1.684400000000000000e-05 2.547900000000000165e-02
6.300000000000000000e+02 3.350000000000000000e+02 0.000000000000000000e+00 -4.575000000000000137e-07 3.952800000000000064e-02
6.310000000000000000e+02 1.890000000000000000e+02 0.000000000000000000e+00 1.379399999999999973e-04 2.712200000000000027e-02
6.310000000000000000e+02 3.070000000000000000e+02 0.000000000000000000e+00 1.218600000000000022e-04 2.599500000000000074e-02
6.310000000000000000e+02 5.570000000000000000e+02 0.000000000000000000e+00 1.905200000000000123e-04 5.802800000000000319e-02
6.320000000000000000e+02 3.700000000000000000e+02 0.000000000000000000e+00 3.876800000000000124e-03 2.202799999999999897e-02
6.320000000000000000e+02 5.920000000000000000e+02 0.000000000000000000e+00 -3.876800000000000124e-03 2.202799999999999897e-02
6.330000000000000000e+02 3.800000000000000000e+01 0.000000000000000000e+00 1.264299999999999972e-02 3.094200000000000075e-02
6.330000000000000000e+02 4.040000000000000000e+02 0.000000000000000000e+00 -1.264299999999999972e-02 3.094200000000000075e-02
6.340000000000000000e+02 3.450000000000000000e+02 0.000000000000000000e+00 1.756900000000000069e-05 5.609999999999999709e-02
6.340000000000000000e+02 3.920000000000000000e+02 0.000000000000000000e+00 -5.868799999999999782e-05 2.665400000000000061e-02
6.370000000000000000e+02 1.700000000000000000e+02 0.000000000000000000e+00 -3.709499999999999907e-04 5.192299999999999693e-02
6.370000000000000000e+02 3.420000000000000000e+02 0.000000000000000000e+00 -1.116599999999999982e-04 4.854100000000000081e-02
6.370000000000000000e+02 3.850000000000000000e+02 0.000000000000000000e+00 6.658600000000000250e-05 3.802799999999999930e-02
6.380000000000000000e+02 1.500000000000000000e+02 0.000000000000000000e+00 -4.667000000000000141e-04 7.524500000000000632e-02
6.380000000000000000e+02 3.710000000000000000e+02 0.000000000000000000e+00 6.757799999999999571e-04 8.027900000000000313e-02
6.410000000000000000e+02 6.380000000000000000e+02 0.000000000000000000e+00 -1.539800000000000131e-04 3.333699999999999858e-02
6.460000000000000000e+02 1.350000000000000000e+02 0.000000000000000000e+00 -1.889299999999999953e-04 3.651700000000000085e-02
6.460000000000000000e+02 1.920000000000000000e+02 0.000000000000000000e+00 1.953099999999999986e-04 6.439300000000000579e-02
6.460000000000000000e+02 5.660000000000000000e+02 0.000000000000000000e+00 -2.033799999999999942e-04 4.445600000000000246e-02
6.470000000000000000e+02 1.110000000000000000e+02 0.000000000000000000e+00 1.675099999999999853e-02 6.921099999999999475e-02
6.470000000000000000e+02 3.950000000000000000e+02 0.000000000000000000e+00 -1.675099999999999853e-02 6.921099999999999475e-02
6.540000000000000000e+02 1.530000000000000000e+02 0.000000000000000000e+00 8.577299999999999508e-03 3.207700000000000135e-02
6.540000000000000000e+02 3.940000000000000000e+02 0.000000000000000000e+00 -8.577299999999999508e-03 3.207700000000000135e-02
6.550000000000000000e+02 2.870000000000000000e+02 0.000000000000000000e+00 6.941799999999999707e-03 3.219899999999999846e-02
6.550000000000000000e+02 2.880000000000000000e+02 0.000000000000000000e+00 -6.941799999999999707e-03 3.219899999999999846e-02
6.560000000000000000e+02 3.250000000000000000e+02 0.000000000000000000e+00 -2.886400000000000012e-04 1.587399999999999922e-02
6.560000000000000000e+02 4.920000000000000000e+02 0.000000000000000000e+00 1.128600000000000003e-04 5.327599999999999697e-02
6.560000000000000000e+02 5.260000000000000000e+02 0.000000000000000000e+00 -6.229200000000000058e-04 9.823900000000000687e-02
6.590000000000000000e+02 4.220000000000000000e+02 0.000000000000000000e+00 4.159599999999999951e-04 3.943300000000000277e-02
6.590000000000000000e+02 5.150000000000000000e+02 0.000000000000000000e+00 1.631000000000000139e-05 5.530999999999999805e-02
6.600000000000000000e+02 1.020000000000000000e+02 0.000000000000000000e+00 -4.379899999999999858e-05 1.264000000000000019e-02
6.600000000000000000e+02 5.330000000000000000e+02 0.000000000000000000e+00 -3.842300000000000126e-05 5.918999999999999956e-02
6.620000000000000000e+02 2.380000000000000000e+02 0.000000000000000000e+00 8.894100000000000107e-06 2.296799999999999883e-02
6.620000000000000000e+02 3.230000000000000000e+02 0.000000000000000000e+00 -2.710400000000000003e-05 3.248600000000000099e-02
6.630000000000000000e+02 6.200000000000000000e+01 0.000000000000000000e+00 -3.317099999999999801e-05 3.457799999999999763e-02
6.630000000000000000e+02 6.610000000000000000e+02 0.000000000000000000e+00 4.471199999999999644e-06 1.827000000000000152e-02
6.640000000000000000e+02 5.900000000000000000e+01 0.000000000000000000e+00 -4.639600000000000099e-05 1.768099999999999880e-02
6.640000000000000000e+02 5.840000000000000000e+02 0.000000000000000000e+00 -1.883599999999999923e-04 5.150699999999999723e-02
6.660000000000000000e+02 1.150000000000000000e+02 0.000000000000000000e+00 1.029600000000000036e-04 7.371700000000000474e-02
6.660000000000000000e+02 2.780000000000000000e+02 0.000000000000000000e+00 -2.886100000000000167e-04 5.363300000000000012e-02
6.660000000000000000e+02 5.670000000000000000e+02 0.000000000000000000e+00 5.451500000000000237e-05 3.590299999999999742e-02
6.670000000000000000e+02 1.510000000000000000e+02 0.000000000000000000e+00 -3.009800000000000084e-04 5.916600000000000331e-02
6.670000000000000000e+02 3.180000000000000000e+02 0.000000000000000000e+00 2.415499999999999895e-04 4.139600000000000224e-02
6.670000000000000000e+02 3.820000000000000000e+02 0.000000000000000000e+00 1.397000000000000075e-04 2.855900000000000105e-02
6.730000000000000000e+02 5.420000000000000000e+02 0.000000000000000000e+00 1.052999999999999943e-02 5.974600000000000050e-02
6.730000000000000000e+02 6.310000000000000000e+02 0.000000000000000000e+00 -1.052999999999999943e-02 5.974600000000000050e-02
6.750000000000000000e+02 1.150000000000000000e+02 0.000000000000000000e+00 -7.376200000000000291e-05 8.272300000000000486e-02
6.750000000000000000e+02 1.420000000000000000e+02 0.000000000000000000e+00 8.295400000000000571e-05 6.239100000000000201e-02
6.750000000000000000e+02 3.550000000000000000e+02 0.000000000000000000e+00 -3.911599999999999954e-06 9.847800000000000303e-03
6.790000000000000000e+02 5.100000000000000000e+01 0.000000000000000000e+00 5.590600000000000311e-05 6.951499999999999346e-02
6.790000000000000000e+02 1.030000000000000000e+02 0.000000000000000000e+00 -9.387599999999999363e-05 4.626999999999999863e-02
6.790000000000000000e+02 6.360000000000000000e+02 0.000000000000000000e+00 -3.440300000000000248e-05 2.393299999999999941e-02
6.800000000000000000e+02 1.530000000000000000e+02 0.000000000000000000e+00 -4.076000000000000277e-05 3.643699999999999717e-02
6.800000000000000000e+02 1.710000000000000000e+02 0.000000000000000000e+00 -4.405199999999999768e-05 2.498099999999999973e-02
6.800000000000000000e+02 3.680000000000000000e+02 0.000000000000000000e+00 5.940199999999999810e-05 6.169899999999999690e-02
6.810000000000000000e+02 3.400000000000000000e+02 0.000000000000000000e+00 9.896299999999999422e-05 4.891100000000000309e-02
6.810000000000000000e+02 5.740000000000000000e+02 0.000000000000000000e+00 -6.271800000000000497e-05 3.593699999999999672e-02
6.810000000000000000e+02 6.710000000000000000e+02 0.000000000000000000e+00 -9.871699999999999692e-05 2.695000000000000173e-02
6.830000000000000000e+02 4.000000000000000000e+00 0.000000000000000000e+00 -4.904900000000000232e-03 6.153600000000000389e-03
6.830000000000000000e+02 2.510000000000000000e+02 0.000000000000000000e+00 -4.218500000000000028e-03 8.036200000000000288e-02
6.830000000000000000e+02 2.940000000000000000e+02 0.000000000000000000e+00 -5.101999999999999764e-03 1.084299999999999986e-01
6.840000000000000000e+02 4.910000000000000000e+02 0.000000000000000000e+00 -1.206000000000000041e-04 8.732299999999999784e-02
6.840000000000000000e+02 5.610000000000000000e+02 0.000000000000000000e+00 1.095100000000000001e-04 1.593100000000000072e-02
6.860000000000000000e+02 5.280000000000000000e+02 0.000000000000000000e+00 -6.411299999999999551e-04 5.588800000000000018e-02
6.860000000000000000e+02 6.840000000000000000e+02 0.000000000000000000e+00 4.159000000000000262e-04 5.810499999999999693e-02
6.870000000000000000e+02 2.600000000000000000e+01 0.000000000000000000e+00 -3.855899999999999996e-04 8.922499999999999876e-02
6.870000000000000000e+02 4.040000000000000000e+02 0.000000000000000000e+00 4.272899999999999832e-04 5.056000000000000077e-02
6.880000000000000000e+02 2.550000000000000000e+02 0.000000000000000000e+00 9.688400000000000007e-04 6.953499999999999959e-02
6.880000000000000000e+02 4.010000000000000000e+02 0.000000000000000000e+00 -5.541600000000000475e-04 8.199199999999999544e-02
6.880000000000000000e+02 4.110000000000000000e+02 0.000000000000000000e+00 5.179400000000000453e-04 3.577400000000000024e-02
6.890000000000000000e+02 1.500000000000000000e+02 0.000000000000000000e+00 -5.640499999999999681e-03 2.200099999999999972e-02
6.890000000000000000e+02 3.130000000000000000e+02 0.000000000000000000e+00 5.640499999999999681e-03 2.200099999999999972e-02
6.900000000000000000e+02 5.850000000000000000e+02 0.000000000000000000e+00 -4.528000000000000015e-05 4.424299999999999761e-02
6.910000000000000000e+02 4.300000000000000000e+01 0.000000000000000000e+00 5.046000000000000138e-05 2.675500000000000100e-02
6.910000000000000000e+02 5.150000000000000000e+02 0.000000000000000000e+00 1.175699999999999941e-05 4.968199999999999700e-02
6.910000000000000000e+02 6.100000000000000000e+02 0.000000000000000000e+00 7.131699999999999498e-05 1.580799999999999914e-02
6.930000000000000000e+02 5.000000000000000000e+01 0.000000000000000000e+00 1.608600000000000015e-04 3.552999999999999908e-02
6.930000000000000000e+02 1.100000000000000000e+02 0.000000000000000000e+00 -5.378300000000000328e-05 7.728500000000000647e-02
6.950000000000000000e+02 1.360000000000000000e+02 0.000000000000000000e+00 3.282399999999999988e-03 3.275900000000000339e-02
6.960000000000000000e+02 1.030000000000000000e+02 0.000000000000000000e+00 3.131099999999999888e-05 1.526800000000000032e-02
7.010000000000000000e+02 4.300000000000000000e+01 0.000000000000000000e+00 6.460599999999999774e-05 4.541900000000000104e-02
7.010000000000000000e+02 5.220000000000000000e+02 0.000000000000000000e+00 1.377700000000000040e-04 3.956500000000000294e-02
7.020000000000000000e+02 4.000000000000000000e+00 0.000000000000000000e+00 1.329299999999999926e-02 6.539499999999999480e-02
7.020000000000000000e+02 7.600000000000000000e+01 0.000000000000000000e+00 -1.329299999999999926e-02 6.539499999999999480e-02
7.030000000000000000e+02 6.200000000000000000e+01 0.000000000000000000e+00 1.379900000000000050e-02 2.792499999999999843e-02
7.030000000000000000e+02 5.850000000000000000e+02 0.000000000000000000e+00 -1.379900000000000050e-02 2.792499999999999843e-02
7.040000000000000000e+02 4.020000000000000000e+02 0.000000000000000000e+00 5.331899999999999661e-03 4.356600000000000056e-02
7.050000000000000000e+02 4.750000000000000000e+02 0.000000000000000000e+00 -5.819200000000000067e-03 3.051699999999999899e-02
7.050000000000000000e+02 6.140000000000000000e+02 0.000000000000000000e+00 5.819200000000000067e-03 3.051699999999999899e-02
7.060000000000000000e+02 6.400000000000000000e+01 0.000000000000000000e+00 -5.389300000000000053e-05 6.514899999999999858e-02
7.060000000000000000e+02 1.680000000000000000e+02 0.000000000000000000e+00 -2.447400000000000183e-04 3.330799999999999733e-02
7.060000000000000000e+02 3.580000000000000000e+02 0.000000000000000000e+00 -6.328199999999999754e-04 7.388699999999999435e-02
7.070000000000000000e+02 3.220000000000000000e+02 0.000000000000000000e+00 1.721499999999999940e-03 2.927899999999999947e-02
7.070000000000000000e+02 4.000000000000000000e+02 0.000000000000000000e+00 -1.721499999999999940e-03 2.927899999999999947e-02
7.100000000000000000e+02 1.580000000000000000e+02 0.000000000000000000e+00 -1.033500000000000049e-04 3.565299999999999719e-02
7.100000000000000000e+02 2.060000000000000000e+02 0.000000000000000000e+00 4.048999999999999756e-04 4.496599999999999903e-02
7.110000000000000000e+02 1.990000000000000000e+02 0.000000000000000000e+00 4.675699999999999648e-03 2.303600000000000092e-02
7.110000000000000000e+02 2.030000000000000000e+02 0.000000000000000000e+00 -4.675699999999999648e-03 2.303600000000000092e-02
7.130000000000000000e+02 2.060000000000000000e+02 0.000000000000000000e+00 1.963599999999999807e-03 4.957700000000000301e-02
7.130000000000000000e+02 4.070000000000000000e+02 0.000000000000000000e+00 -1.963599999999999807e-03 4.957700000000000301e-02
7.140000000000000000e+02 4.340000000000000000e+02 0.000000000000000000e+00 -3.422400000000000030e-04 6.569500000000000339e-02
7.140000000000000000e+02 5.620000000000000000e+02 0.000000000000000000e+00 3.903999999999999891e-05 4.622099999999999820e-02
7.140000000000000000e+02 6.160000000000000000e+02 0.000000000000000000e+00 2.421199999999999926e-04 5.111199999999999771e-02
7.160000000000000000e+02 2.830000000000000000e+02 1.000000000000000000e+00 9.412099999999999633e-02 6.429400000000000392e-02
7.160000000000000000e+02 4.540000000000000000e+02 1.000000000000000000e+00 -9.412099999999999633e-02 6.429400000000000392e-02
7.170000000000000000e+02 3.650000000000000000e+02 0.000000000000000000e+00 7.820900000000000421e-04 3.055000000000000077e-02
7.180000000000000000e+02 1.860000000000000000e+02 0.000000000000000000e+00 4.299200000000000417e-03 1.937099999999999933e-02
7.180000000000000000e+02 7.170000000000000000e+02 0.000000000000000000e+00 -4.299200000000000417e-03 1.937099999999999933e-02
7.200000000000000000e+02 3.730000000000000000e+02 0.000000000000000000e+00 6.722299999999999630e-03 1.176800000000000068e-02
7.210000000000000000e+02 2.490000000000000000e+02 0.000000000000000000e+00 8.916900000000000173e-03 2.099399999999999877e-02
7.220000000000000000e+02 3.130000000000000000e+02 0.000000000000000000e+00 3.216099999999999921e-05 2.250600000000000170e-02
7.220000000000000000e+02 3.180000000000000000e+02 0.000000000000000000e+00 -6.592199999999999666e-05 5.072299999999999726e-02
7.220000000000000000e+02 5.590000000000000000e+02 0.000000000000000000e+00 8.125499999999999368e-05 3.879099999999999909e-02
7.230000000000000000e+02 3.500000000000000000e+01 0.000000000000000000e+00 1.502899999999999959e-05 1.383000000000000028e-02
7.230000000000000000e+02 2.140000000000000000e+02 0.000000000000000000e+00 -1.257100000000000043e-05 3.308300000000000129e-02
7.230000000000000000e+02 2.930000000000000000e+02 0.000000000000000000e+00 1.854600000000000167e-05 2.378800000000000012e-02
7.240000000000000000e+02 2.580000000000000000e+02 0.000000000000000000e+00 2.180100000000000083e-04 5.935700000000000004e-02
7.240000000000000000e+02 3.410000000000000000e+02 0.000000000000000000e+00 -9.338900000000000066e-07 6.884999999999999454e-02
7.240000000000000000e+02 6.190000000000000000e+02 0.000000000000000000e+00 2.214700000000000056e-04 1.892299999999999885e-02
7.260000000000000000e+02 4.080000000000000000e+02 0.000000000000000000e+00 8.473500000000000129e-03 4.940900000000000153e-02
7.270000000000000000e+02 1.260000000000000000e+02 0.000000000000000000e+00 -1.055399999999999915e-02 3.088600000000000026e-02
7.270000000000000000e+02 2.910000000000000000e+02 0.000000000000000000e+00 1.055399999999999915e-02 3.088600000000000026e-02
7.290000000000000000e+02 3.010000000000000000e+02 0.000000000000000000e+00 1.099900000000000010e-02 2.842000000000000082e-02
7.310000000000000000e+02 3.850000000000000000e+02 0.000000000000000000e+00 3.375199999999999804e-05 2.157500000000000043e-02
7.310000000000000000e+02 6.000000000000000000e+02 0.000000000000000000e+00 1.542999999999999965e-05 2.602600000000000052e-02
7.320000000000000000e+02 1.400000000000000000e+02 0.000000000000000000e+00 8.525899999999999451e-03 6.781299999999999828e-02
7.320000000000000000e+02 7.010000000000000000e+02 0.000000000000000000e+00 -8.525899999999999451e-03 6.781299999999999828e-02
7.330000000000000000e+02 1.770000000000000000e+02 0.000000000000000000e+00 1.790999999999999884e-02 4.329299999999999815e-02
7.330000000000000000e+02 3.300000000000000000e+02 0.000000000000000000e+00 -1.790999999999999884e-02 4.329299999999999815e-02
7.340000000000000000e+02 6.900000000000000000e+02 0.000000000000000000e+00 7.429200000000000387e-03 4.720799999999999996e-02
7.360000000000000000e+02 6.600000000000000000e+01 0.000000000000000000e+00 -3.585600000000000094e-04 8.449900000000000466e-02
7.360000000000000000e+02 2.190000000000000000e+02 0.000000000000000000e+00 2.648900000000000168e-06 1.513300000000000062e-02
7.360000000000000000e+02 6.930000000000000000e+02 0.000000000000000000e+00 3.451899999999999934e-04 7.378099999999999936e-02
7.380000000000000000e+02 1.000000000000000000e+01 0.000000000000000000e+00 3.558200000000000186e-04 4.742299999999999988e-02
7.380000000000000000e+02 1.080000000000000000e+02 0.000000000000000000e+00 3.064000000000000209e-04 3.105799999999999880e-02
7.380000000000000000e+02 1.120000000000000000e+02 0.000000000000000000e+00 1.438400000000000052e-04 5.784700000000000258e-02
7.380000000000000000e+02 3.080000000000000000e+02 0.000000000000000000e+00 1.573099999999999965e-04 4.655000000000000110e-02
7.410000000000000000e+02 3.500000000000000000e+02 0.000000000000000000e+00 7.214899999999999786e-03 2.357800000000000173e-02
7.410000000000000000e+02 6.950000000000000000e+02 0.000000000000000000e+00 -7.214899999999999786e-03 2.357800000000000173e-02
7.420000000000000000e+02 1.890000000000000000e+02 0.000000000000000000e+00 6.282399999999999617e-03 2.097299999999999859e-02
7.420000000000000000e+02 5.040000000000000000e+02 0.000000000000000000e+00 -6.282399999999999617e-03 2.097299999999999859e-02
7.440000000000000000e+02 3.500000000000000000e+02 0.000000000000000000e+00 -1.394800000000000076e-03 8.503199999999999648e-02
7.440000000000000000e+02 4.040000000000000000e+02 0.000000000000000000e+00 1.972799999999999814e-03 6.276700000000000335e-02
7.440000000000000000e+02 6.870000000000000000e+02 0.000000000000000000e+00 2.787200000000000094e-03 8.591100000000000125e-02
7.500000000000000000e+02 3.500000000000000000e+01 0.000000000000000000e+00 -1.401200000000000015e-02 5.076200000000000156e-02
7.500000000000000000e+02 2.100000000000000000e+02 0.000000000000000000e+00 1.401200000000000015e-02 5.076200000000000156e-02
7.510000000000000000e+02 1.870000000000000000e+02 0.000000000000000000e+00 1.854400000000000145e-02 7.446899999999999353e-02
7.510000000000000000e+02 4.040000000000000000e+02 0.000000000000000000e+00 -1.854400000000000145e-02 7.446899999999999353e-02
7.540000000000000000e+02 4.570000000000000000e+02 0.000000000000000000e+00 1.749200000000000125e-04 2.141200000000000048e-02
7.540000000000000000e+02 6.590000000000000000e+02 0.000000000000000000e+00 -1.749200000000000125e-04 2.141200000000000048e-02
7.550000000000000000e+02 3.800000000000000000e+02 0.000000000000000000e+00 9.227700000000000138e-03 4.454000000000000320e-02
7.550000000000000000e+02 6.350000000000000000e+02 0.000000000000000000e+00 -9.227700000000000138e-03 4.454000000000000320e-02
7.560000000000000000e+02 4.100000000000000000e+02 0.000000000000000000e+00 -1.541499999999999988e-02 6.808799999999999575e-02
7.560000000000000000e+02 4.120000000000000000e+02 0.000000000000000000e+00 1.541499999999999988e-02 6.808799999999999575e-02
7.570000000000000000e+02 3.800000000000000000e+01 0.000000000000000000e+00 2.665899999999999802e-04 6.999800000000000466e-02
7.570000000000000000e+02 1.870000000000000000e+02 0.000000000000000000e+00 -6.069900000000000279e-05 1.154899999999999954e-01
7.570000000000000000e+02 5.830000000000000000e+02 0.000000000000000000e+00 8.362000000000000509e-04 4.299399999999999750e-02
7.580000000000000000e+02 7.210000000000000000e+02 0.000000000000000000e+00 7.243600000000000212e-03 1.760400000000000159e-02
7.590000000000000000e+02 4.760000000000000000e+02 0.000000000000000000e+00 1.883800000000000090e-04 5.135699999999999987e-02
7.590000000000000000e+02 5.280000000000000000e+02 0.000000000000000000e+00 -3.368300000000000260e-05 6.702700000000000324e-02
7.590000000000000000e+02 6.840000000000000000e+02 0.000000000000000000e+00 -1.357700000000000096e-04 5.815000000000000030e-02
7.590000000000000000e+02 6.860000000000000000e+02 0.000000000000000000e+00 5.355700000000000239e-06 8.056499999999999426e-03
7.600000000000000000e+02 1.580000000000000000e+02 0.000000000000000000e+00 4.302699999999999987e-05 1.911099999999999952e-02
7.600000000000000000e+02 5.180000000000000000e+02 0.000000000000000000e+00 4.268200000000000233e-05 7.259699999999999487e-02
7.600000000000000000e+02 7.100000000000000000e+02 0.000000000000000000e+00 -6.470399999999999494e-07 3.550500000000000184e-02
7.610000000000000000e+02 2.480000000000000000e+02 0.000000000000000000e+00 -2.363999999999999993e-07 1.622300000000000131e-02
7.630000000000000000e+02 7.300000000000000000e+01 0.000000000000000000e+00 -2.678800000000000170e-04 7.810300000000000575e-02
7.630000000000000000e+02 3.260000000000000000e+02 0.000000000000000000e+00 3.554099999999999734e-05 9.409599999999999909e-02
7.630000000000000000e+02 6.630000000000000000e+02 0.000000000000000000e+00 -2.747399999999999886e-04 3.230899999999999744e-02
7.660000000000000000e+02 2.770000000000000000e+02 0.000000000000000000e+00 1.730100000000000041e-03 8.320299999999999918e-02
7.660000000000000000e+02 3.700000000000000000e+02 0.000000000000000000e+00 -2.518199999999999952e-03 7.879099999999999993e-02
7.660000000000000000e+02 7.580000000000000000e+02 0.000000000000000000e+00 -3.250600000000000191e-03 2.822200000000000056e-02
7.670000000000000000e+02 1.470000000000000000e+02 0.000000000000000000e+00 8.789500000000000438e-03 4.260400000000000298e-02
7.670000000000000000e+02 6.350000000000000000e+02 0.000000000000000000e+00 -8.789500000000000438e-03 4.260400000000000298e-02
7.720000000000000000e+02 3.840000000000000000e+02 0.000000000000000000e+00 1.915400000000000045e-03 1.119499999999999940e-01
7.720000000000000000e+02 5.250000000000000000e+02 0.000000000000000000e+00 -1.643200000000000043e-03 6.460399999999999476e-02
7.720000000000000000e+02 7.260000000000000000e+02 0.000000000000000000e+00 -1.544599999999999923e-03 5.394600000000000090e-02
7.730000000000000000e+02 1.550000000000000000e+02 0.000000000000000000e+00 -1.771499999999999895e-05 5.015200000000000213e-02
7.730000000000000000e+02 4.090000000000000000e+02 0.000000000000000000e+00 -3.431699999999999687e-05 2.750700000000000020e-02
7.730000000000000000e+02 5.960000000000000000e+02 0.000000000000000000e+00 -4.313300000000000191e-05 1.198800000000000039e-02
7.740000000000000000e+02 4.510000000000000000e+02 0.000000000000000000e+00 -3.592700000000000212e-04 2.434100000000000152e-02
7.740000000000000000e+02 5.100000000000000000e+02 0.000000000000000000e+00 3.592700000000000212e-04 2.434100000000000152e-02
7.750000000000000000e+02 6.900000000000000000e+01 0.000000000000000000e+00 -3.545600000000000205e-04 3.386200000000000321e-02
7.750000000000000000e+02 8.700000000000000000e+01 0.000000000000000000e+00 2.231599999999999979e-04 6.200900000000000162e-02
7.750000000000000000e+02 1.840000000000000000e+02 0.000000000000000000e+00 -2.483900000000000257e-04 2.328799999999999967e-02
7.770000000000000000e+02 6.370000000000000000e+02 0.000000000000000000e+00 -1.468299999999999987e-02 2.892000000000000126e-02
7.780000000000000000e+02 3.570000000000000000e+02 0.000000000000000000e+00 2.535300000000000205e-04 9.294199999999999684e-02
7.780000000000000000e+02 5.160000000000000000e+02 0.000000000000000000e+00 1.529100000000000034e-03 4.057000000000000189e-02
7.780000000000000000e+02 6.260000000000000000e+02 0.000000000000000000e+00 1.509399999999999934e-03 3.284000000000000113e-02
7.780000000000000000e+02 6.640000000000000000e+02 0.000000000000000000e+00 6.862700000000000007e-04 6.120300000000000046e-02
7.790000000000000000e+02 5.180000000000000000e+02 0.000000000000000000e+00 7.556199999999999896e-03 3.235500000000000181e-02
7.790000000000000000e+02 7.610000000000000000e+02 0.000000000000000000e+00 -7.556199999999999896e-03 3.235500000000000181e-02
7.800000000000000000e+02 3.910000000000000000e+02 0.000000000000000000e+00 3.876099999999999945e-03 4.432900000000000035e-02
7.800000000000000000e+02 6.600000000000000000e+02 0.000000000000000000e+00 -3.876099999999999945e-03 4.432900000000000035e-02
7.810000000000000000e+02 3.310000000000000000e+02 0.000000000000000000e+00 -1.145600000000000009e-05 6.110000000000000153e-02
7.810000000000000000e+02 5.270000000000000000e+02 0.000000000000000000e+00 -5.301900000000000178e-05 2.650800000000000031e-02
7.850000000000000000e+02 2.680000000000000000e+02 0.000000000000000000e+00 7.551299999999999343e-05 3.901700000000000307e-02
7.850000000000000000e+02 4.070000000000000000e+02 0.000000000000000000e+00 6.561899999999999634e-05 1.600299999999999986e-02
7.850000000000000000e+02 7.630000000000000000e+02 0.000000000000000000e+00 -3.152000000000000315e-05 5.868400000000000005e-02
7.860000000000000000e+02 2.810000000000000000e+02 0.000000000000000000e+00 1.563900000000000053e-05 1.481999999999999984e-02
7.860000000000000000e+02 2.980000000000000000e+02 0.000000000000000000e+00 2.474099999999999910e-05 4.104499999999999815e-02
7.860000000000000000e+02 3.920000000000000000e+02 0.000000000000000000e+00 1.525999999999999958e-05 3.046499999999999903e-02
7.860000000000000000e+02 3.960000000000000000e+02 0.000000000000000000e+00 -3.481199999999999806e-05 3.788899999999999907e-02
7.860000000000000000e+02 6.340000000000000000e+02 0.000000000000000000e+00 2.911200000000000181e-06 1.147800000000000036e-02
7.870000000000000000e+02 1.450000000000000000e+02 0.000000000000000000e+00 1.141199999999999984e-04 3.919200000000000288e-03
7.870000000000000000e+02 5.100000000000000000e+02 0.000000000000000000e+00 -5.443500000000000313e-05 4.442700000000000121e-02
7.890000000000000000e+02 1.050000000000000000e+02 0.000000000000000000e+00 -1.310999999999999882e-04 5.101499999999999785e-02
7.890000000000000000e+02 3.390000000000000000e+02 0.000000000000000000e+00 2.012000000000000116e-04 4.063699999999999951e-02
7.890000000000000000e+02 3.520000000000000000e+02 0.000000000000000000e+00 1.272099999999999967e-04 1.119900000000000062e-02
7.920000000000000000e+02 4.500000000000000000e+01 0.000000000000000000e+00 -1.292500000000000029e-03 2.092700000000000116e-02
7.920000000000000000e+02 8.200000000000000000e+01 0.000000000000000000e+00 -2.367900000000000039e-03 6.812899999999999512e-02
7.920000000000000000e+02 9.500000000000000000e+01 0.000000000000000000e+00 -9.885700000000000303e-04 7.322299999999999642e-02
7.920000000000000000e+02 1.870000000000000000e+02 0.000000000000000000e+00 2.220299999999999867e-04 8.545899999999999330e-02
7.930000000000000000e+02 3.620000000000000000e+02 0.000000000000000000e+00 2.146499999999999971e-03 4.585800000000000293e-02
7.930000000000000000e+02 3.920000000000000000e+02 0.000000000000000000e+00 -2.146499999999999971e-03 4.585800000000000293e-02
7.950000000000000000e+02 1.830000000000000000e+02 0.000000000000000000e+00 1.695799999999999925e-05 6.452700000000000102e-02
7.950000000000000000e+02 3.420000000000000000e+02 0.000000000000000000e+00 -2.255899999999999865e-04 3.969700000000000312e-02
7.950000000000000000e+02 5.910000000000000000e+02 0.000000000000000000e+00 -1.714399999999999984e-04 2.746600000000000083e-02
7.950000000000000000e+02 7.770000000000000000e+02 0.000000000000000000e+00 -2.005300000000000062e-04 3.026200000000000070e-02
7.960000000000000000e+02 2.250000000000000000e+02 0.000000000000000000e+00 -2.454099999999999932e-06 4.589000000000000024e-02
7.960000000000000000e+02 4.360000000000000000e+02 0.000000000000000000e+00 -2.291899999999999859e-05 1.747699999999999948e-02
7.960000000000000000e+02 5.040000000000000000e+02 0.000000000000000000e+00 -8.430600000000000225e-06 2.231100000000000097e-02
7.970000000000000000e+02 1.150000000000000000e+02 0.000000000000000000e+00 1.398300000000000064e-02 3.645799999999999735e-02
7.970000000000000000e+02 6.410000000000000000e+02 0.000000000000000000e+00 -1.398300000000000064e-02 3.645799999999999735e-02
8.020000000000000000e+02 3.240000000000000000e+02 0.000000000000000000e+00 4.242400000000000337e-03 4.563699999999999701e-02
8.020000000000000000e+02 6.060000000000000000e+02 0.000000000000000000e+00 -4.242400000000000337e-03 4.563699999999999701e-02
8.040000000000000000e+02 7.010000000000000000e+02 0.000000000000000000e+00 1.052699999999999990e-02 6.241900000000000226e-02
8.070000000000000000e+02 5.270000000000000000e+02 0.000000000000000000e+00 8.361500000000000497e-05 2.706199999999999925e-02
8.070000000000000000e+02 7.810000000000000000e+02 0.000000000000000000e+00 1.418299999999999888e-04 4.000299999999999689e-02
8.070000000000000000e+02 8.040000000000000000e+02 0.000000000000000000e+00 -9.741999999999999900e-05 4.549700000000000272e-02
8.080000000000000000e+02 2.010000000000000000e+02 0.000000000000000000e+00 1.017299999999999975e-02 3.524200000000000249e-02
8.080000000000000000e+02 6.250000000000000000e+02 0.000000000000000000e+00 -1.017299999999999975e-02 3.524200000000000249e-02
8.090000000000000000e+02 3.520000000000000000e+02 0.000000000000000000e+00 1.483600000000000023e-02 1.828100000000000003e-01
8.100000000000000000e+02 1.030000000000000000e+02 0.000000000000000000e+00 9.597400000000000722e-03 4.489599999999999841e-02
8.100000000000000000e+02 7.870000000000000000e+02 0.000000000000000000e+00 -9.597400000000000722e-03 4.489599999999999841e-02
8.130000000000000000e+02 6.880000000000000000e+02 0.000000000000000000e+00 8.095400000000000859e-03 2.790300000000000072e-02
8.160000000000000000e+02 1.960000000000000000e+02 0.000000000000000000e+00 1.243700000000000036e-04 1.693899999999999920e-02
8.160000000000000000e+02 2.840000000000000000e+02 0.000000000000000000e+00 8.134399999999999910e-05 6.392899999999999971e-02
8.160000000000000000e+02 3.640000000000000000e+02 0.000000000000000000e+00 5.387200000000000192e-05 3.048400000000000068e-02
8.160000000000000000e+02 3.880000000000000000e+02 0.000000000000000000e+00 1.310399999999999922e-04 3.651100000000000179e-02
8.170000000000000000e+02 6.500000000000000000e+01 0.000000000000000000e+00 4.962499999999999464e-04 5.147199999999999692e-02
8.170000000000000000e+02 3.020000000000000000e+02 0.000000000000000000e+00 -4.962499999999999464e-04 5.147199999999999692e-02
8.200000000000000000e+02 4.010000000000000000e+02 0.000000000000000000e+00 3.224899999999999989e-02 6.908799999999999664e-02
8.200000000000000000e+02 6.260000000000000000e+02 0.000000000000000000e+00 -3.224899999999999989e-02 6.908799999999999664e-02
8.230000000000000000e+02 3.120000000000000000e+02 0.000000000000000000e+00 1.087499999999999925e-03 2.575500000000000012e-02
8.230000000000000000e+02 4.540000000000000000e+02 0.000000000000000000e+00 -1.087499999999999925e-03 2.575500000000000012e-02
