1.227500000000000000e+02 1.563900000000000091e+03 3.000000000000000000e+01
1.195700000000000045e+03 1.202599999999999909e+03 2.900000000000000000e+01
4.903000000000000114e+02 1.118700000000000045e+03 2.900000000000000000e+01
1.969099999999999966e+02 1.367900000000000091e+03 3.000000000000000000e+01
7.364600000000000364e+02 1.556500000000000000e+03 3.000000000000000000e+01
2.785699999999999932e+02 1.437500000000000000e+03 3.000000000000000000e+01
7.871200000000000045e+02 1.316299999999999955e+03 2.900000000000000000e+01
5.898700000000000045e+02 8.093700000000000045e+02 2.900000000000000000e+01
8.152400000000000091e+02 1.262799999999999955e+03 2.900000000000000000e+01
1.905000000000000000e+02 6.864299999999999500e+02 2.900000000000000000e+01
1.115200000000000045e+03 1.337299999999999955e+03 2.900000000000000000e+01
8.869800000000000182e+02 1.334000000000000000e+03 2.900000000000000000e+01
4.000899999999999750e+02 1.126400000000000091e+03 2.900000000000000000e+01
3.525299999999999727e+02 1.233500000000000000e+03 2.900000000000000000e+01
1.019799999999999955e+03 1.357099999999999909e+03 2.900000000000000000e+01
7.635099999999999909e+02 1.437500000000000000e+03 3.000000000000000000e+01
8.309500000000000455e+02 1.470700000000000045e+03 2.900000000000000000e+01
2.674300000000000068e+02 1.283500000000000000e+03 2.900000000000000000e+01
1.111299999999999955e+03 1.277700000000000045e+03 2.900000000000000000e+01
4.575099999999999909e+02 1.227000000000000000e+03 2.900000000000000000e+01
3.605000000000000000e+02 8.454800000000000182e+02 2.900000000000000000e+01
1.504500000000000000e+03 8.138300000000000409e+02 2.900000000000000000e+01
9.463400000000000318e+02 1.358200000000000045e+03 2.900000000000000000e+01
8.127999999999999545e+02 4.168100000000000023e+02 2.900000000000000000e+01
1.189900000000000091e+03 1.095099999999999909e+03 2.900000000000000000e+01
5.999500000000000455e+02 1.810900000000000034e+02 2.900000000000000000e+01
6.456200000000000045e+02 1.347500000000000000e+03 2.900000000000000000e+01
9.094900000000000091e+02 1.219099999999999909e+03 2.900000000000000000e+01
3.757099999999999795e+02 1.565900000000000091e+03 3.000000000000000000e+01
4.565600000000000023e+02 1.167799999999999955e+03 2.900000000000000000e+01
1.944199999999999875e+02 9.471799999999999500e+02 2.900000000000000000e+01
6.664900000000000091e+02 6.065299999999999727e+02 2.900000000000000000e+01
1.257700000000000045e+03 1.235400000000000091e+03 2.900000000000000000e+01
1.132700000000000045e+03 1.207000000000000000e+03 2.900000000000000000e+01
6.497500000000000000e+02 1.244599999999999909e+03 3.000000000000000000e+01
8.456100000000000136e+02 7.422999999999999545e+02 2.900000000000000000e+01
1.814900000000000091e+02 1.458000000000000000e+03 3.000000000000000000e+01
1.450200000000000045e+03 1.367000000000000000e+03 2.900000000000000000e+01
4.950000000000000000e+02 1.462099999999999909e+03 2.900000000000000000e+01
3.005799999999999841e+02 4.196100000000000136e+02 2.900000000000000000e+01
1.193400000000000034e+02 1.359099999999999909e+03 2.900000000000000000e+01
2.996200000000000045e+02 1.108799999999999955e+03 2.900000000000000000e+01
3.835000000000000000e+02 1.183000000000000000e+03 2.900000000000000000e+01
1.409599999999999909e+03 9.738700000000000045e+02 3.000000000000000000e+01
4.174800000000000182e+02 3.610299999999999727e+02 2.900000000000000000e+01
5.624500000000000455e+02 1.325500000000000000e+03 2.900000000000000000e+01
1.270500000000000000e+03 1.177099999999999909e+03 2.900000000000000000e+01
4.794100000000000250e+02 1.524200000000000045e+03 3.000000000000000000e+01
1.387000000000000000e+03 1.354000000000000000e+03 3.000000000000000000e+01
9.739900000000000091e+02 1.047000000000000000e+03 2.900000000000000000e+01
8.721399999999999864e+02 1.020700000000000045e+03 2.900000000000000000e+01
2.750000000000000000e+02 1.527099999999999909e+03 3.000000000000000000e+01
8.143700000000000045e+02 2.698799999999999955e+02 2.900000000000000000e+01
3.576299999999999955e+02 1.007899999999999977e+03 2.900000000000000000e+01
9.839900000000000091e+02 1.405000000000000000e+03 3.000000000000000000e+01
6.000099999999999909e+02 9.144800000000000182e+02 2.900000000000000000e+01
7.330800000000000409e+02 1.116000000000000000e+03 2.900000000000000000e+01
5.597799999999999727e+02 2.998399999999999750e+02 2.900000000000000000e+01
8.824600000000000364e+02 8.985099999999999909e+02 2.900000000000000000e+01
9.854000000000000625e+01 7.973500000000000227e+02 2.900000000000000000e+01
1.313500000000000000e+03 1.276000000000000000e+03 2.900000000000000000e+01
5.280000000000000000e+02 1.073500000000000000e+03 2.900000000000000000e+01
1.285500000000000000e+03 1.508500000000000000e+03 3.000000000000000000e+01
2.510000000000000000e+02 1.073599999999999909e+03 2.900000000000000000e+01
3.037200000000000273e+02 8.618600000000000136e+02 2.900000000000000000e+01
9.755000000000000000e+02 1.198500000000000000e+03 2.900000000000000000e+01
7.718999999999999773e+02 1.070200000000000045e+03 2.900000000000000000e+01
5.351000000000000227e+02 1.506000000000000000e+03 3.000000000000000000e+01
1.104700000000000045e+03 1.439000000000000000e+03 2.900000000000000000e+01
5.904400000000000546e+02 1.242500000000000000e+03 2.900000000000000000e+01
4.352799999999999727e+02 1.566299999999999955e+03 3.000000000000000000e+01
7.859800000000000182e+02 4.689599999999999795e+02 2.900000000000000000e+01
1.062200000000000045e+03 1.310799999999999955e+03 2.900000000000000000e+01
1.234000000000000000e+03 1.479099999999999909e+03 3.000000000000000000e+01
1.037299999999999955e+03 8.906699999999999591e+02 2.900000000000000000e+01
5.537400000000000091e+02 1.017000000000000000e+03 2.900000000000000000e+01
8.353700000000000045e+02 1.566099999999999909e+03 2.900000000000000000e+01
7.226000000000000227e+02 1.481200000000000045e+03 3.000000000000000000e+01
1.159200000000000045e+03 2.511599999999999966e+02 2.900000000000000000e+01
5.330499999999999545e+02 1.159099999999999909e+03 2.900000000000000000e+01
1.052400000000000091e+03 1.409900000000000091e+03 3.000000000000000000e+01
1.462500000000000000e+03 1.000500000000000000e+03 2.900000000000000000e+01
5.375299999999999727e+02 1.271000000000000000e+03 2.900000000000000000e+01
1.205500000000000000e+03 1.028000000000000000e+03 2.900000000000000000e+01
1.008299999999999955e+03 9.845599999999999454e+02 2.900000000000000000e+01
1.294900000000000091e+03 3.653100000000000023e+02 2.900000000000000000e+01
1.503900000000000091e+03 7.547799999999999727e+02 3.000000000000000000e+01
5.969700000000000273e+02 1.156000000000000000e+03 2.900000000000000000e+01
8.785199999999999818e+02 9.604600000000000364e+02 2.900000000000000000e+01
7.444299999999999500e+02 8.519700000000000273e+02 2.900000000000000000e+01
1.748199999999999932e+02 2.956399999999999864e+02 2.900000000000000000e+01
3.392400000000000091e+02 1.064599999999999909e+03 2.900000000000000000e+01
1.370299999999999955e+03 4.468600000000000136e+02 2.900000000000000000e+01
9.376599999999999682e+02 9.527000000000000455e+02 2.900000000000000000e+01
5.640900000000000318e+02 5.726499999999999773e+02 2.900000000000000000e+01
4.719800000000000182e+02 1.285000000000000000e+03 3.000000000000000000e+01
3.110899999999999750e+02 4.908500000000000227e+02 2.900000000000000000e+01
7.425499999999999545e+02 2.659399999999999977e+02 2.900000000000000000e+01
6.815099999999999909e+02 6.775399999999999636e+02 3.000000000000000000e+01
7.758099999999999454e+02 3.149900000000000091e+02 2.900000000000000000e+01
1.002899999999999977e+03 1.299500000000000000e+03 2.900000000000000000e+01
1.033799999999999955e+03 1.041299999999999955e+03 2.900000000000000000e+01
7.317400000000000091e+02 9.410900000000000318e+02 2.900000000000000000e+01
1.745099999999999909e+02 1.524000000000000000e+03 3.000000000000000000e+01
1.346000000000000000e+03 1.564500000000000000e+03 2.900000000000000000e+01
1.291799999999999955e+03 2.561399999999999864e+02 2.900000000000000000e+01
6.854400000000000546e+02 8.447200000000000273e+02 2.900000000000000000e+01
7.201100000000000136e+02 7.638999999999999773e+02 2.900000000000000000e+01
1.154099999999999909e+03 1.405099999999999909e+03 2.900000000000000000e+01
8.473300000000000409e+02 4.731999999999999886e+02 2.900000000000000000e+01
8.915399999999999636e+02 1.082400000000000091e+03 2.900000000000000000e+01
3.046499999999999773e+02 1.329299999999999955e+03 3.000000000000000000e+01
1.164799999999999955e+03 1.304599999999999909e+03 2.900000000000000000e+01
3.289300000000000068e+02 1.160700000000000045e+03 2.900000000000000000e+01
9.290000000000000000e+02 6.867799999999999727e+02 2.900000000000000000e+01
1.110900000000000091e+03 7.261599999999999682e+02 2.900000000000000000e+01
1.126500000000000000e+03 1.105599999999999909e+03 2.900000000000000000e+01
6.765099999999999909e+02 9.641200000000000045e+02 2.900000000000000000e+01
1.510000000000000000e+03 1.258900000000000091e+03 2.900000000000000000e+01
1.895699999999999932e+02 8.419299999999999500e+02 2.900000000000000000e+01
9.040800000000000409e+02 1.468200000000000045e+03 2.900000000000000000e+01
3.979100000000000250e+02 2.395600000000000023e+02 2.900000000000000000e+01
1.024200000000000045e+03 4.227400000000000091e+02 2.900000000000000000e+01
6.750499999999999545e+02 1.023000000000000000e+03 2.900000000000000000e+01
5.339299999999999500e+02 3.526100000000000136e+02 2.900000000000000000e+01
1.019299999999999955e+03 5.609900000000000091e+02 2.900000000000000000e+01
1.138900000000000091e+03 3.057799999999999727e+02 2.900000000000000000e+01
1.328799999999999955e+03 1.028900000000000091e+03 2.900000000000000000e+01
9.907699999999999818e+02 9.272699999999999818e+02 2.900000000000000000e+01
1.194200000000000017e+02 9.620700000000000500e+02 2.900000000000000000e+01
9.820599999999999454e+02 7.134800000000000182e+02 2.900000000000000000e+01
2.505200000000000102e+02 8.327699999999999818e+02 2.900000000000000000e+01
4.879700000000000273e+02 2.874100000000000250e+02 2.900000000000000000e+01
3.636299999999999955e+02 1.348500000000000000e+03 2.900000000000000000e+01
5.732799999999999727e+02 2.326299999999999955e+02 2.900000000000000000e+01
7.786599999999999682e+02 1.174599999999999909e+03 2.900000000000000000e+01
7.385700000000000500e+02 1.351700000000000045e+03 2.900000000000000000e+01
1.502000000000000000e+03 3.486499999999999773e+02 2.900000000000000000e+01
1.227000000000000000e+03 6.806699999999999591e+02 2.900000000000000000e+01
1.428599999999999909e+03 1.311099999999999909e+03 2.900000000000000000e+01
1.506000000000000000e+03 9.595099999999999909e+02 2.900000000000000000e+01
2.365000000000000000e+02 1.480500000000000000e+03 3.000000000000000000e+01
1.025500000000000000e+03 6.739700000000000273e+02 2.900000000000000000e+01
4.171000000000000227e+02 1.834799999999999898e+02 2.900000000000000000e+01
7.794900000000000091e+02 1.500500000000000000e+03 3.000000000000000000e+01
1.159699999999999989e+02 1.418799999999999955e+03 3.000000000000000000e+01
1.077000000000000000e+03 1.228500000000000000e+03 2.900000000000000000e+01
1.199599999999999909e+03 4.916600000000000250e+02 2.900000000000000000e+01
1.319599999999999909e+03 1.334799999999999955e+03 2.900000000000000000e+01
8.531799999999999500e+02 1.129000000000000000e+03 2.900000000000000000e+01
1.252000000000000000e+03 7.879500000000000455e+02 2.900000000000000000e+01
1.172099999999999909e+03 9.792000000000000455e+02 2.900000000000000000e+01
2.914800000000000182e+02 1.029099999999999909e+03 2.900000000000000000e+01
1.285700000000000045e+03 1.449099999999999909e+03 2.900000000000000000e+01
8.682100000000000364e+02 1.516900000000000091e+03 3.000000000000000000e+01
1.372200000000000045e+03 1.198299999999999955e+03 2.900000000000000000e+01
6.791900000000000546e+02 1.141099999999999909e+03 2.900000000000000000e+01
4.414100000000000250e+02 1.084200000000000045e+03 2.900000000000000000e+01
9.271499999999999773e+02 1.523400000000000091e+03 3.000000000000000000e+01
2.351999999999999886e+02 1.007500000000000000e+03 2.900000000000000000e+01
5.878200000000000500e+02 1.535099999999999909e+03 3.000000000000000000e+01
3.128299999999999841e+02 6.838700000000000045e+02 2.900000000000000000e+01
1.024900000000000091e+03 1.515900000000000091e+03 2.900000000000000000e+01
1.334700000000000045e+03 7.284400000000000546e+02 2.900000000000000000e+01
6.657300000000000182e+02 9.059400000000000546e+02 2.900000000000000000e+01
2.060200000000000102e+02 3.487400000000000091e+02 2.900000000000000000e+01
5.157000000000000455e+02 6.602000000000000455e+02 2.900000000000000000e+01
8.069400000000000261e+01 1.880999999999999943e+02 2.900000000000000000e+01
3.322400000000000091e+02 9.132000000000000455e+02 2.900000000000000000e+01
9.420299999999999727e+02 8.933200000000000500e+02 2.900000000000000000e+01
1.879699999999999989e+02 5.856599999999999682e+02 2.900000000000000000e+01
1.305799999999999955e+03 1.393900000000000091e+03 2.900000000000000000e+01
6.844700000000000273e+02 1.081500000000000000e+03 2.900000000000000000e+01
6.810800000000000409e+02 1.300200000000000045e+03 2.900000000000000000e+01
2.354799999999999898e+02 2.970199999999999818e+02 2.900000000000000000e+01
5.571200000000000045e+02 9.583300000000000409e+02 2.900000000000000000e+01
4.145500000000000114e+02 1.031400000000000091e+03 2.900000000000000000e+01
1.301099999999999909e+03 1.126700000000000045e+03 2.900000000000000000e+01
6.183200000000000500e+02 1.295299999999999955e+03 2.900000000000000000e+01
1.954699999999999989e+02 1.051500000000000000e+03 2.900000000000000000e+01
1.462200000000000045e+03 7.038600000000000136e+02 2.900000000000000000e+01
3.153500000000000227e+02 3.599200000000000159e+02 2.900000000000000000e+01
1.132799999999999955e+03 8.866599999999999682e+02 2.900000000000000000e+01
2.162299999999999898e+02 4.210299999999999727e+02 2.900000000000000000e+01
5.158099999999999454e+02 1.215700000000000045e+03 2.900000000000000000e+01
7.715099999999999909e+02 3.744599999999999795e+02 2.900000000000000000e+01
1.301000000000000000e+03 5.954500000000000455e+02 2.900000000000000000e+01
4.971399999999999864e+02 1.363799999999999955e+03 2.900000000000000000e+01
1.305500000000000000e+03 4.325500000000000114e+02 2.900000000000000000e+01
8.172100000000000364e+02 5.244099999999999682e+02 2.900000000000000000e+01
7.228099999999999454e+02 6.353200000000000500e+02 2.900000000000000000e+01
3.754599999999999795e+02 1.289000000000000000e+03 2.900000000000000000e+01
7.163999999999999773e+02 1.252400000000000091e+03 2.900000000000000000e+01
3.131999999999999886e+02 7.433999999999999773e+02 2.900000000000000000e+01
1.284700000000000045e+03 1.070000000000000000e+03 2.900000000000000000e+01
2.085600000000000023e+02 1.865000000000000000e+02 2.900000000000000000e+01
1.198500000000000000e+03 3.793899999999999864e+02 2.900000000000000000e+01
1.009799999999999955e+03 1.095000000000000000e+03 2.900000000000000000e+01
9.060000000000000000e+02 3.700000000000000000e+02 2.900000000000000000e+01
7.388700000000000045e+02 1.789099999999999966e+02 2.900000000000000000e+01
1.078000000000000000e+03 1.001500000000000000e+03 2.900000000000000000e+01
2.326800000000000068e+02 8.897999999999999545e+02 2.900000000000000000e+01
2.599800000000000182e+02 6.557400000000000091e+02 2.900000000000000000e+01
8.385499999999999545e+02 1.794699999999999989e+02 2.900000000000000000e+01
3.656499999999999773e+02 3.913999999999999773e+02 2.900000000000000000e+01
1.466900000000000091e+03 1.423900000000000091e+03 2.900000000000000000e+01
1.017500000000000000e+03 1.457500000000000000e+03 2.900000000000000000e+01
1.219099999999999909e+03 8.361799999999999500e+02 2.900000000000000000e+01
3.504900000000000091e+02 1.434000000000000000e+03 2.900000000000000000e+01
1.348299999999999955e+03 3.918000000000000114e+02 2.900000000000000000e+01
8.050599999999999454e+02 8.293700000000000045e+02 2.900000000000000000e+01
5.678799999999999955e+02 7.540700000000000500e+02 2.900000000000000000e+01
2.456399999999999864e+02 1.134700000000000045e+03 2.900000000000000000e+01
4.100299999999999727e+02 4.632400000000000091e+02 2.900000000000000000e+01
8.656000000000000227e+02 8.423300000000000409e+02 2.900000000000000000e+01
4.804300000000000068e+02 1.038700000000000045e+03 2.900000000000000000e+01
1.167299999999999955e+03 5.779199999999999591e+02 2.900000000000000000e+01
8.980700000000000500e+02 1.759199999999999875e+02 2.900000000000000000e+01
8.735000000000000000e+02 4.195400000000000205e+02 2.900000000000000000e+01
8.225299999999999727e+02 9.880000000000000000e+02 2.900000000000000000e+01
1.218700000000000045e+03 1.146799999999999955e+03 2.900000000000000000e+01
8.276799999999999500e+02 9.285900000000000318e+02 2.900000000000000000e+01
1.064299999999999955e+03 7.630399999999999636e+02 2.900000000000000000e+01
8.964500000000000455e+02 1.392599999999999909e+03 2.900000000000000000e+01
5.678999999999999773e+02 6.316699999999999591e+02 2.900000000000000000e+01
6.800000000000000000e+02 4.134900000000000091e+02 2.900000000000000000e+01
1.440799999999999955e+03 7.590299999999999727e+02 2.900000000000000000e+01
4.211999999999999886e+02 7.579900000000000091e+02 2.900000000000000000e+01
1.394500000000000000e+03 5.005299999999999727e+02 2.900000000000000000e+01
9.047000000000000455e+02 7.404700000000000273e+02 2.900000000000000000e+01
5.944800000000000182e+02 1.475900000000000091e+03 2.900000000000000000e+01
6.410700000000000500e+02 2.228400000000000034e+02 2.900000000000000000e+01
1.511099999999999909e+03 1.371000000000000000e+03 2.900000000000000000e+01
1.068500000000000000e+03 1.088500000000000000e+03 2.900000000000000000e+01
2.634200000000000159e+02 5.960599999999999454e+02 2.900000000000000000e+01
9.649400000000000546e+02 8.280000000000000000e+02 2.900000000000000000e+01
1.150599999999999909e+03 1.050099999999999909e+03 2.900000000000000000e+01
1.148200000000000045e+03 1.787100000000000080e+02 2.900000000000000000e+01
1.412500000000000000e+03 4.050400000000000205e+02 2.900000000000000000e+01
6.273600000000000136e+02 8.607999999999999545e+02 2.900000000000000000e+01
6.163999999999999773e+02 9.716799999999999500e+02 2.900000000000000000e+01
8.189299999999999500e+02 1.412700000000000045e+03 2.900000000000000000e+01
1.230700000000000045e+03 2.654700000000000273e+02 2.900000000000000000e+01
5.175399999999999636e+02 7.205700000000000500e+02 2.900000000000000000e+01
9.630099999999999909e+02 3.510799999999999841e+02 2.900000000000000000e+01
8.625800000000000409e+02 3.293999999999999773e+02 2.900000000000000000e+01
7.670900000000000318e+02 6.749700000000000273e+02 2.900000000000000000e+01
5.370199999999999818e+02 1.565700000000000045e+03 3.000000000000000000e+01
1.121500000000000000e+03 1.556500000000000000e+03 3.000000000000000000e+01
1.140599999999999909e+03 6.299400000000000546e+02 2.900000000000000000e+01
5.877799999999999727e+02 1.066000000000000000e+03 2.900000000000000000e+01
6.382899999999999636e+02 1.565700000000000045e+03 3.000000000000000000e+01
9.071200000000000045e+02 1.278400000000000091e+03 2.900000000000000000e+01
1.079299999999999955e+03 4.589700000000000273e+02 2.900000000000000000e+01
9.508799999999999955e+02 5.092699999999999818e+02 2.900000000000000000e+01
1.212199999999999989e+02 5.891499999999999773e+02 2.900000000000000000e+01
1.310900000000000091e+03 7.828200000000000500e+02 2.900000000000000000e+01
1.113299999999999955e+03 9.528099999999999454e+02 2.900000000000000000e+01
4.470600000000000023e+02 5.757400000000000091e+02 2.900000000000000000e+01
3.979800000000000182e+02 1.397799999999999955e+03 2.900000000000000000e+01
3.127900000000000205e+02 8.023300000000000409e+02 2.900000000000000000e+01
1.199799999999999955e+03 6.277799999999999727e+02 2.900000000000000000e+01
3.265099999999999909e+02 1.845200000000000102e+02 3.000000000000000000e+01
4.306899999999999977e+02 5.188999999999999773e+02 2.900000000000000000e+01
3.263299999999999841e+02 6.258899999999999864e+02 2.900000000000000000e+01
3.680199999999999818e+02 5.061000000000000227e+02 2.900000000000000000e+01
1.362400000000000091e+02 1.053299999999999955e+03 2.900000000000000000e+01
1.358200000000000045e+03 3.324599999999999795e+02 2.900000000000000000e+01
1.160599999999999909e+03 1.464500000000000000e+03 2.900000000000000000e+01
4.067799999999999727e+02 9.725199999999999818e+02 2.900000000000000000e+01
3.117200000000000273e+02 1.388500000000000000e+03 3.000000000000000000e+01
7.012899999999999636e+02 2.232599999999999909e+02 2.900000000000000000e+01
7.317200000000000273e+02 5.791100000000000136e+02 2.900000000000000000e+01
3.694200000000000159e+02 7.867200000000000273e+02 2.900000000000000000e+01
1.188599999999999994e+02 4.708199999999999932e+02 2.900000000000000000e+01
7.430099999999999909e+02 4.275500000000000114e+02 2.900000000000000000e+01
9.146100000000000136e+02 4.634300000000000068e+02 2.900000000000000000e+01
1.053000000000000000e+03 5.114399999999999977e+02 2.900000000000000000e+01
1.170200000000000045e+03 8.017500000000000000e+02 2.900000000000000000e+01
8.264700000000000273e+02 6.855099999999999909e+02 2.900000000000000000e+01
3.099399999999999977e+02 9.732300000000000182e+02 2.900000000000000000e+01
4.029300000000000068e+02 6.193500000000000227e+02 2.900000000000000000e+01
9.624600000000000364e+02 1.256000000000000000e+03 2.900000000000000000e+01
1.418099999999999909e+03 6.158999999999999773e+02 2.900000000000000000e+01
1.252200000000000045e+03 4.057699999999999818e+02 2.900000000000000000e+01
4.569900000000000091e+02 2.374900000000000091e+02 2.900000000000000000e+01
4.743000000000000114e+02 3.460199999999999818e+02 2.900000000000000000e+01
6.228999999999999773e+02 6.661399999999999864e+02 2.900000000000000000e+01
6.294800000000000182e+02 7.652200000000000273e+02 2.900000000000000000e+01
1.034200000000000045e+03 1.187900000000000091e+03 2.900000000000000000e+01
3.718000000000000114e+02 1.506700000000000045e+03 2.900000000000000000e+01
1.049200000000000045e+03 3.468299999999999841e+02 2.900000000000000000e+01
7.823300000000000409e+02 2.200300000000000011e+02 2.900000000000000000e+01
9.088600000000000136e+02 7.990000000000000000e+02 2.900000000000000000e+01
6.829299999999999500e+02 1.524299999999999955e+03 2.900000000000000000e+01
2.379799999999999898e+02 2.382500000000000000e+02 2.900000000000000000e+01
9.594800000000000182e+02 7.685599999999999454e+02 2.900000000000000000e+01
1.357200000000000045e+03 8.198600000000000136e+02 2.900000000000000000e+01
3.699499999999999886e+02 6.679600000000000364e+02 2.900000000000000000e+01
5.257999999999999545e+02 8.206599999999999682e+02 2.900000000000000000e+01
4.055299999999999727e+02 1.456299999999999955e+03 2.900000000000000000e+01
1.103900000000000006e+02 4.128799999999999955e+02 2.900000000000000000e+01
9.482599999999999909e+02 1.100299999999999955e+03 2.900000000000000000e+01
1.257000000000000000e+03 1.295400000000000091e+03 2.900000000000000000e+01
6.726299999999999955e+02 2.759900000000000091e+02 2.900000000000000000e+01
4.676600000000000250e+02 8.521799999999999500e+02 2.900000000000000000e+01
1.770500000000000114e+02 2.360999999999999943e+02 2.900000000000000000e+01
9.137100000000000364e+02 5.568500000000000227e+02 2.900000000000000000e+01
1.207900000000000091e+03 1.379900000000000091e+03 2.900000000000000000e+01
1.083599999999999909e+03 8.536000000000000227e+02 2.900000000000000000e+01
5.113899999999999864e+02 6.032799999999999727e+02 2.900000000000000000e+01
1.078799999999999955e+03 3.999800000000000182e+02 2.900000000000000000e+01
1.460500000000000000e+03 4.855500000000000114e+02 2.900000000000000000e+01
1.315000000000000000e+03 8.619700000000000273e+02 2.900000000000000000e+01
3.291800000000000068e+02 5.672400000000000091e+02 2.900000000000000000e+01
6.438600000000000136e+02 3.270600000000000023e+02 2.900000000000000000e+01
1.346599999999999909e+03 5.435199999999999818e+02 2.900000000000000000e+01
2.599900000000000091e+02 7.740900000000000318e+02 2.900000000000000000e+01
1.259299999999999955e+03 9.410000000000000000e+02 2.900000000000000000e+01
1.402900000000000091e+03 7.104800000000000182e+02 2.900000000000000000e+01
1.308900000000000091e+03 9.732500000000000000e+02 2.900000000000000000e+01
1.402799999999999955e+03 5.586900000000000546e+02 2.900000000000000000e+01
1.096500000000000000e+03 2.639800000000000182e+02 2.900000000000000000e+01
1.409400000000000091e+03 3.038299999999999841e+02 2.900000000000000000e+01
6.283700000000000045e+02 3.850099999999999909e+02 2.900000000000000000e+01
2.160200000000000102e+02 1.250200000000000045e+03 2.900000000000000000e+01
1.181500000000000000e+03 1.564500000000000000e+03 3.000000000000000000e+01
1.160000000000000000e+02 1.257700000000000045e+03 2.900000000000000000e+01
1.375200000000000045e+03 6.579800000000000182e+02 2.900000000000000000e+01
6.235900000000000318e+02 5.664600000000000364e+02 2.900000000000000000e+01
1.315700000000000045e+03 1.215900000000000091e+03 2.900000000000000000e+01
1.381000000000000000e+03 7.665900000000000318e+02 2.900000000000000000e+01
4.770600000000000023e+02 1.821599999999999966e+02 2.900000000000000000e+01
1.064000000000000000e+03 5.980499999999999545e+02 2.900000000000000000e+01
3.174399999999999977e+02 1.484299999999999955e+03 2.900000000000000000e+01
1.205000000000000000e+03 1.261200000000000045e+03 2.900000000000000000e+01
1.327000000000000000e+03 4.874399999999999977e+02 2.900000000000000000e+01
3.226000000000000227e+02 3.016200000000000045e+02 2.900000000000000000e+01
1.055000000000000000e+03 9.466799999999999500e+02 2.900000000000000000e+01
1.254500000000000000e+03 1.710000000000000000e+02 3.000000000000000000e+01
1.440099999999999909e+02 1.869499999999999886e+02 2.900000000000000000e+01
5.335099999999999909e+02 5.236000000000000227e+02 2.900000000000000000e+01
2.213899999999999864e+02 5.094399999999999977e+02 2.900000000000000000e+01
5.404700000000000273e+02 1.817899999999999920e+02 2.900000000000000000e+01
5.692599999999999909e+02 6.907200000000000273e+02 2.900000000000000000e+01
3.695799999999999841e+02 7.275299999999999727e+02 2.900000000000000000e+01
3.923399999999999750e+02 9.134299999999999500e+02 2.900000000000000000e+01
6.304299999999999500e+02 1.107500000000000000e+03 2.900000000000000000e+01
5.126900000000000546e+02 4.088700000000000045e+02 2.900000000000000000e+01
7.796699999999999591e+02 6.141499999999999773e+02 2.900000000000000000e+01
6.647999999999999545e+02 1.468700000000000045e+03 2.900000000000000000e+01
5.094800000000000182e+02 4.680299999999999727e+02 2.900000000000000000e+01
1.204400000000000091e+03 2.128600000000000136e+02 2.900000000000000000e+01
4.191600000000000250e+02 8.181000000000000227e+02 2.900000000000000000e+01
1.266099999999999909e+03 1.014700000000000045e+03 2.900000000000000000e+01
1.087000000000000000e+03 6.534600000000000364e+02 2.900000000000000000e+01
1.448799999999999955e+03 1.254400000000000091e+03 2.900000000000000000e+01
2.085699999999999932e+02 7.437000000000000455e+02 2.900000000000000000e+01
2.544300000000000068e+02 9.504500000000000455e+02 2.900000000000000000e+01
8.707799999999999727e+02 2.292599999999999909e+02 2.900000000000000000e+01
2.579399999999999977e+02 3.774499999999999886e+02 2.900000000000000000e+01
1.362000000000000000e+03 6.008600000000000136e+02 2.900000000000000000e+01
4.750199999999999818e+02 7.923600000000000136e+02 2.900000000000000000e+01
2.675500000000000114e+02 1.859300000000000068e+02 2.900000000000000000e+01
1.207500000000000000e+03 3.199100000000000250e+02 2.900000000000000000e+01
1.253500000000000000e+03 4.657500000000000000e+02 2.900000000000000000e+01
9.146000000000000227e+02 2.708899999999999864e+02 2.900000000000000000e+01
3.522500000000000000e+02 4.495299999999999727e+02 2.900000000000000000e+01
1.389099999999999909e+03 1.444900000000000091e+03 3.000000000000000000e+01
9.723899999999999864e+02 4.517200000000000273e+02 2.900000000000000000e+01
1.140700000000000045e+03 4.797900000000000205e+02 2.900000000000000000e+01
1.277799999999999955e+03 7.102400000000000091e+02 2.900000000000000000e+01
1.654699999999999989e+02 3.931899999999999977e+02 2.900000000000000000e+01
1.033000000000000000e+03 2.479900000000000091e+02 2.900000000000000000e+01
1.144599999999999937e+02 3.098999999999999773e+02 2.900000000000000000e+01
1.421599999999999909e+03 1.690300000000000011e+02 2.900000000000000000e+01
2.737599999999999909e+02 5.373600000000000136e+02 2.900000000000000000e+01
3.374800000000000182e+02 2.435300000000000011e+02 2.900000000000000000e+01
1.372599999999999909e+03 1.294799999999999955e+03 2.900000000000000000e+01
6.896200000000000045e+02 1.201200000000000045e+03 3.000000000000000000e+01
1.277900000000000091e+03 6.501499999999999773e+02 2.900000000000000000e+01
1.159500000000000000e+03 1.154500000000000000e+03 2.900000000000000000e+01
1.200500000000000000e+03 8.940099999999999909e+02 2.900000000000000000e+01
3.900000000000000000e+02 5.618099999999999454e+02 2.900000000000000000e+01
5.044599999999999795e+02 9.850800000000000409e+02 2.900000000000000000e+01
1.258900000000000006e+02 5.310800000000000409e+02 2.900000000000000000e+01
1.649499999999999886e+02 1.000299999999999955e+03 2.900000000000000000e+01
6.801200000000000045e+02 5.474299999999999500e+02 2.900000000000000000e+01
1.269500000000000000e+03 3.113999999999999773e+02 2.900000000000000000e+01
2.590600000000000023e+02 4.643700000000000045e+02 2.900000000000000000e+01
1.346799999999999955e+03 1.085299999999999955e+03 2.900000000000000000e+01
7.671699999999999591e+02 1.011399999999999977e+03 2.900000000000000000e+01
4.654900000000000091e+02 6.929900000000000091e+02 2.900000000000000000e+01
2.601200000000000045e+02 7.150700000000000500e+02 2.900000000000000000e+01
1.262500000000000000e+03 1.352599999999999909e+03 2.900000000000000000e+01
2.105099999999999909e+02 1.310099999999999909e+03 2.900000000000000000e+01
4.604800000000000182e+02 6.329199999999999591e+02 2.900000000000000000e+01
5.705299999999999727e+02 4.278799999999999955e+02 2.900000000000000000e+01
4.592400000000000091e+02 9.469099999999999682e+02 2.900000000000000000e+01
1.256200000000000045e+03 8.803799999999999955e+02 2.900000000000000000e+01
1.044700000000000045e+03 1.741299999999999955e+02 2.900000000000000000e+01
1.216500000000000057e+02 6.863200000000000500e+02 3.000000000000000000e+01
1.375099999999999909e+03 2.059699999999999989e+02 3.000000000000000000e+01
6.130800000000000409e+02 2.765199999999999818e+02 2.900000000000000000e+01
5.788300000000000409e+02 1.417700000000000045e+03 2.900000000000000000e+01
6.345099999999999909e+02 5.110099999999999909e+02 3.000000000000000000e+01
1.179799999999999955e+03 4.346499999999999773e+02 2.900000000000000000e+01
1.110799999999999955e+03 1.497200000000000045e+03 2.900000000000000000e+01
5.680299999999999727e+02 8.630000000000000000e+02 2.900000000000000000e+01
1.402400000000000091e+03 1.104299999999999955e+03 2.900000000000000000e+01
9.722500000000000000e+02 6.478899999999999864e+02 2.900000000000000000e+01
1.580999999999999943e+02 6.380599999999999454e+02 2.900000000000000000e+01
8.722899999999999636e+02 6.470099999999999909e+02 2.900000000000000000e+01
7.305800000000000693e+01 1.175500000000000000e+03 2.000000000000000000e+01
1.365500000000000000e+03 1.399000000000000000e+03 2.000000000000000000e+01
3.511800000000000068e+02 1.113900000000000091e+03 2.000000000000000000e+01
6.139299999999999500e+02 1.021700000000000045e+03 2.000000000000000000e+01
1.001200000000000045e+03 5.124099999999999682e+02 2.000000000000000000e+01
1.512500000000000000e+03 6.625900000000000318e+02 2.100000000000000000e+01
1.424000000000000000e+03 1.196599999999999909e+03 2.000000000000000000e+01
7.031600000000000250e+01 1.105599999999999909e+03 2.000000000000000000e+01
1.099700000000000045e+03 1.047000000000000000e+03 2.000000000000000000e+01
1.515500000000000000e+03 1.051500000000000000e+03 2.000000000000000000e+01
8.363200000000000500e+02 1.328000000000000000e+03 2.000000000000000000e+01
7.329400000000000546e+02 1.300599999999999909e+03 2.000000000000000000e+01
5.607999999999999545e+02 1.114200000000000045e+03 2.000000000000000000e+01
1.252000000000000000e+03 1.108599999999999909e+03 2.000000000000000000e+01
2.503400000000000034e+02 1.375599999999999909e+03 2.100000000000000000e+01
2.804399999999999977e+02 2.735699999999999932e+02 2.000000000000000000e+01
7.529600000000000364e+02 7.239600000000000364e+02 2.100000000000000000e+01
1.213299999999999955e+03 1.321599999999999909e+03 2.100000000000000000e+01
1.320700000000000045e+03 6.804099999999999682e+02 2.000000000000000000e+01
1.169900000000000091e+03 8.524700000000000273e+02 2.000000000000000000e+01
1.206000000000000000e+03 7.664900000000000091e+02 2.000000000000000000e+01
7.029800000000000182e+01 9.438099999999999454e+02 2.100000000000000000e+01
8.869900000000000091e+02 1.573000000000000000e+03 2.100000000000000000e+01
6.857799999999999727e+02 4.970000000000000000e+02 2.000000000000000000e+01
4.392300000000000182e+02 8.948700000000000045e+02 2.000000000000000000e+01
9.323200000000000500e+02 4.139399999999999977e+02 2.000000000000000000e+01
9.193500000000000227e+02 3.216000000000000227e+02 1.900000000000000000e+01
9.075399999999999636e+02 1.130900000000000091e+03 2.000000000000000000e+01
7.853400000000000318e+02 1.124000000000000000e+03 2.000000000000000000e+01
1.260000000000000000e+02 1.307200000000000045e+03 2.000000000000000000e+01
4.530000000000000000e+02 4.355000000000000000e+02 2.000000000000000000e+01
6.804299999999999500e+02 3.630699999999999932e+02 2.000000000000000000e+01
7.094599999999999795e+01 8.395700000000000500e+02 2.000000000000000000e+01
2.690500000000000114e+02 1.180000000000000000e+03 2.100000000000000000e+01
1.088500000000000000e+03 1.178599999999999909e+03 2.000000000000000000e+01
5.298700000000000045e+02 2.587799999999999727e+02 2.000000000000000000e+01
7.561200000000000045e+02 8.018700000000000045e+02 2.100000000000000000e+01
8.163400000000000318e+02 1.094599999999999909e+03 2.000000000000000000e+01
7.306399999999999295e+01 1.575099999999999909e+03 2.100000000000000000e+01
1.103799999999999955e+02 3.615600000000000023e+02 2.100000000000000000e+01
9.591499999999999773e+02 9.983799999999999955e+02 2.000000000000000000e+01
1.452200000000000045e+03 5.741499999999999773e+02 2.000000000000000000e+01
7.168899999999999295e+01 3.370400000000000205e+02 2.000000000000000000e+01
1.164099999999999909e+03 7.521000000000000227e+02 2.000000000000000000e+01
1.517200000000000045e+03 1.123700000000000045e+03 2.000000000000000000e+01
1.070300000000000011e+02 1.513400000000000091e+03 2.100000000000000000e+01
3.614499999999999886e+02 3.371000000000000227e+02 2.000000000000000000e+01
7.968200000000000500e+02 7.275099999999999909e+02 2.000000000000000000e+01
1.518299999999999955e+03 1.463900000000000091e+03 2.000000000000000000e+01
1.670600000000000023e+02 1.408500000000000000e+03 2.000000000000000000e+01
2.888899999999999864e+02 2.325600000000000023e+02 2.000000000000000000e+01
6.928900000000000148e+01 1.278099999999999909e+03 2.000000000000000000e+01
9.854900000000000091e+02 5.985000000000000000e+02 2.000000000000000000e+01
1.018500000000000000e+03 4.740000000000000000e+02 2.000000000000000000e+01
1.019500000000000000e+03 8.420099999999999909e+02 2.000000000000000000e+01
5.933099999999999454e+02 3.380400000000000205e+02 2.000000000000000000e+01
8.820499999999999829e+01 1.067599999999999909e+03 2.000000000000000000e+01
8.750800000000000409e+02 6.994199999999999591e+02 2.000000000000000000e+01
8.499299999999999500e+02 1.371700000000000045e+03 2.000000000000000000e+01
1.382200000000000045e+03 1.050299999999999955e+03 2.000000000000000000e+01
7.181999999999999318e+01 6.619400000000000546e+02 2.000000000000000000e+01
2.090000000000000000e+02 1.100599999999999909e+03 2.000000000000000000e+01
8.638600000000000136e+02 1.249200000000000045e+03 2.000000000000000000e+01
1.154699999999999989e+02 1.099200000000000045e+03 2.000000000000000000e+01
7.118300000000000693e+01 7.540599999999999454e+02 2.000000000000000000e+01
7.193099999999999454e+02 3.822300000000000182e+02 2.000000000000000000e+01
6.159700000000000273e+02 6.161900000000000546e+02 2.000000000000000000e+01
8.954800000000000182e+02 6.045000000000000000e+02 1.900000000000000000e+01
1.258099999999999909e+03 5.659500000000000455e+02 2.100000000000000000e+01
6.798699999999999477e+01 1.442599999999999909e+03 2.000000000000000000e+01
1.104799999999999955e+03 1.387099999999999909e+03 2.000000000000000000e+01
1.498900000000000091e+03 5.785099999999999909e+02 2.100000000000000000e+01
7.745800000000000409e+02 1.387599999999999909e+03 2.000000000000000000e+01
1.153099999999999909e+03 3.546600000000000250e+02 2.000000000000000000e+01
8.086100000000000136e+02 1.361900000000000091e+03 2.000000000000000000e+01
9.644500000000000455e+02 2.490800000000000125e+02 2.100000000000000000e+01
7.453300000000000125e+01 7.049299999999999500e+02 2.000000000000000000e+01
7.729500000000000455e+02 7.624800000000000182e+02 2.000000000000000000e+01
1.010600000000000023e+02 1.208900000000000091e+03 2.000000000000000000e+01
2.645099999999999909e+02 1.231500000000000000e+03 2.100000000000000000e+01
9.240700000000000500e+02 1.169799999999999955e+03 2.000000000000000000e+01
1.221599999999999909e+03 1.429099999999999909e+03 2.100000000000000000e+01
6.757999999999999545e+02 7.862599999999999909e+02 2.000000000000000000e+01
7.324900000000000091e+02 3.415799999999999841e+02 2.000000000000000000e+01
7.059799999999999898e+01 4.879200000000000159e+02 2.000000000000000000e+01
6.951900000000000546e+02 3.220500000000000114e+02 2.000000000000000000e+01
1.085299999999999955e+03 9.070700000000000500e+02 2.000000000000000000e+01
1.512500000000000000e+03 6.195499999999999545e+02 2.000000000000000000e+01
1.624199999999999875e+02 1.329400000000000091e+03 2.000000000000000000e+01
3.035000000000000000e+02 1.204500000000000000e+03 2.100000000000000000e+01
1.594499999999999886e+02 7.274800000000000182e+02 2.100000000000000000e+01
7.372799999999999727e+02 4.856000000000000227e+02 2.000000000000000000e+01
7.118000000000000682e+01 4.459200000000000159e+02 2.000000000000000000e+01
6.994100000000000250e+01 1.028900000000000091e+03 2.100000000000000000e+01
3.039100000000000250e+02 1.246500000000000000e+03 2.000000000000000000e+01
9.494900000000000091e+02 1.307500000000000000e+03 2.100000000000000000e+01
1.070500000000000000e+03 1.361599999999999909e+03 2.000000000000000000e+01
6.749200000000000443e+01 1.491000000000000000e+03 2.100000000000000000e+01
1.019399999999999977e+03 6.225000000000000000e+02 2.000000000000000000e+01
1.517299999999999955e+03 1.420599999999999909e+03 2.100000000000000000e+01
4.005000000000000000e+02 3.134499999999999886e+02 2.000000000000000000e+01
9.181399999999999864e+02 8.482500000000000000e+02 2.000000000000000000e+01
1.431599999999999909e+03 1.061500000000000000e+03 2.000000000000000000e+01
2.154000000000000057e+02 7.974500000000000455e+02 2.000000000000000000e+01
9.335800000000000409e+02 1.426299999999999955e+03 2.000000000000000000e+01
9.909299999999999500e+02 1.574000000000000000e+03 2.100000000000000000e+01
1.006899999999999977e+03 3.752599999999999909e+02 2.000000000000000000e+01
5.091299999999999955e+02 2.225300000000000011e+02 2.000000000000000000e+01
5.595099999999999909e+02 4.788500000000000227e+02 2.000000000000000000e+01
1.379900000000000091e+03 9.269400000000000546e+02 2.000000000000000000e+01
1.032200000000000045e+03 7.241100000000000136e+02 2.000000000000000000e+01
7.053300000000000125e+01 9.860199999999999818e+02 2.000000000000000000e+01
4.838600000000000136e+02 9.001499999999999773e+02 2.000000000000000000e+01
2.065399999999999920e+02 1.168700000000000045e+03 2.000000000000000000e+01
1.454700000000000045e+03 8.069400000000000546e+02 2.000000000000000000e+01
1.829099999999999966e+02 1.134799999999999955e+03 2.000000000000000000e+01
8.158500000000000227e+02 5.790000000000000000e+02 2.000000000000000000e+01
4.231399999999999864e+02 1.307799999999999955e+03 2.000000000000000000e+01
8.309099999999999682e+02 8.772699999999999818e+02 2.000000000000000000e+01
4.645400000000000205e+02 3.952400000000000091e+02 2.000000000000000000e+01
7.875800000000000409e+02 8.775000000000000000e+02 2.000000000000000000e+01
1.294599999999999909e+03 1.572299999999999955e+03 2.100000000000000000e+01
1.162200000000000045e+03 5.262899999999999636e+02 2.000000000000000000e+01
6.434099999999999682e+02 8.135000000000000000e+02 2.000000000000000000e+01
7.786699999999999591e+02 5.578999999999999773e+02 2.000000000000000000e+01
1.049000000000000000e+03 2.966499999999999773e+02 2.000000000000000000e+01
7.639800000000000182e+02 1.270000000000000000e+03 2.000000000000000000e+01
1.510900000000000091e+03 2.984800000000000182e+02 2.000000000000000000e+01
4.234900000000000091e+02 1.265900000000000091e+03 2.000000000000000000e+01
8.297999999999999545e+02 6.191799999999999500e+02 2.100000000000000000e+01
1.083700000000000045e+03 5.521499999999999773e+02 2.000000000000000000e+01
9.662999999999999545e+02 1.452900000000000091e+03 2.000000000000000000e+01
3.250500000000000114e+02 1.282200000000000045e+03 2.000000000000000000e+01
6.325299999999999727e+02 1.192500000000000000e+03 2.100000000000000000e+01
4.567300000000000182e+02 1.333799999999999955e+03 2.100000000000000000e+01
1.115000000000000000e+03 2.164399999999999977e+02 2.000000000000000000e+01
2.580799999999999841e+02 1.574700000000000045e+03 2.100000000000000000e+01
4.867500000000000000e+02 1.574099999999999909e+03 2.100000000000000000e+01
1.463599999999999909e+03 1.571799999999999955e+03 2.100000000000000000e+01
1.008200000000000045e+03 8.012300000000000182e+02 2.000000000000000000e+01
3.710699999999999932e+02 2.830899999999999750e+02 2.000000000000000000e+01
6.850199999999999534e+01 1.235500000000000000e+03 2.000000000000000000e+01
8.138799999999999955e+02 3.479399999999999977e+02 2.000000000000000000e+01
1.471000000000000000e+03 6.535000000000000000e+02 2.000000000000000000e+01
8.950000000000000000e+02 5.096800000000000068e+02 2.000000000000000000e+01
1.515799999999999955e+03 1.009000000000000000e+03 2.000000000000000000e+01
1.338000000000000000e+03 9.313799999999999955e+02 2.000000000000000000e+01
1.631899999999999977e+02 1.286900000000000091e+03 2.000000000000000000e+01
9.618800000000000239e+01 1.138700000000000045e+03 2.000000000000000000e+01
7.542700000000000671e+01 8.821000000000000227e+02 2.000000000000000000e+01
1.474900000000000091e+03 1.209900000000000091e+03 2.100000000000000000e+01
9.889700000000000273e+02 8.731900000000000546e+02 2.000000000000000000e+01
4.065600000000000023e+02 1.228099999999999909e+03 2.000000000000000000e+01
7.276799999999999500e+02 1.165799999999999955e+03 2.000000000000000000e+01
1.098000000000000000e+03 8.047100000000000364e+02 2.000000000000000000e+01
4.226899999999999977e+02 1.516200000000000045e+03 2.100000000000000000e+01
5.156299999999999955e+02 8.710000000000000000e+02 2.000000000000000000e+01
1.510500000000000000e+03 3.994800000000000182e+02 2.100000000000000000e+01
1.622299999999999898e+02 1.097000000000000000e+03 2.000000000000000000e+01
9.675299999999999727e+02 5.590499999999999545e+02 2.000000000000000000e+01
1.130500000000000000e+03 6.798799999999999955e+02 1.900000000000000000e+01
1.343799999999999955e+02 2.641800000000000068e+02 2.000000000000000000e+01
9.905000000000000000e+02 1.665399999999999920e+02 2.100000000000000000e+01
1.512500000000000000e+03 7.045000000000000000e+02 2.000000000000000000e+01
4.078500000000000227e+02 8.662400000000000091e+02 2.000000000000000000e+01
9.425099999999999909e+02 5.992300000000000182e+02 2.000000000000000000e+01
1.130099999999999909e+03 8.327699999999999818e+02 1.900000000000000000e+01
8.135299999999999727e+02 1.212500000000000000e+03 2.100000000000000000e+01
6.609900000000000091e+02 7.243099999999999454e+02 2.000000000000000000e+01
5.779199999999999591e+02 3.778600000000000136e+02 2.100000000000000000e+01
4.444700000000000273e+02 1.422900000000000091e+03 2.100000000000000000e+01
1.179000000000000057e+02 8.445099999999999909e+02 2.000000000000000000e+01
1.372000000000000000e+03 1.491299999999999955e+03 2.000000000000000000e+01
2.191500000000000057e+02 6.256900000000000546e+02 2.000000000000000000e+01
1.392599999999999909e+03 2.545200000000000102e+02 2.000000000000000000e+01
1.551399999999999864e+02 3.418899999999999864e+02 2.000000000000000000e+01
1.095700000000000045e+03 1.672400000000000091e+02 2.100000000000000000e+01
8.453799999999999955e+02 3.765000000000000000e+02 2.000000000000000000e+01
1.615900000000000034e+02 4.424200000000000159e+02 2.100000000000000000e+01
1.129000000000000000e+03 3.896700000000000159e+02 2.000000000000000000e+01
7.263899999999999864e+02 5.266900000000000546e+02 2.000000000000000000e+01
1.242400000000000091e+03 5.258799999999999955e+02 2.000000000000000000e+01
1.435999999999999943e+02 1.209400000000000091e+03 2.000000000000000000e+01
1.437299999999999955e+03 1.141799999999999955e+03 2.000000000000000000e+01
1.011299999999999955e+03 1.234900000000000091e+03 2.100000000000000000e+01
1.410700000000000045e+03 1.397799999999999955e+03 2.000000000000000000e+01
7.750499999999999545e+02 1.229799999999999955e+03 2.000000000000000000e+01
7.330100000000000193e+01 5.729900000000000091e+02 2.000000000000000000e+01
1.359299999999999955e+03 9.683899999999999864e+02 2.000000000000000000e+01
8.654700000000000273e+02 1.432099999999999909e+03 2.000000000000000000e+01
1.009000000000000000e+03 7.596900000000000546e+02 2.000000000000000000e+01
1.107299999999999955e+03 3.519399999999999977e+02 2.000000000000000000e+01
1.427000000000000000e+03 6.664500000000000455e+02 2.000000000000000000e+01
6.011399999999999864e+02 4.712500000000000000e+02 2.000000000000000000e+01
1.050099999999999909e+03 8.118200000000000500e+02 2.000000000000000000e+01
1.128500000000000000e+03 1.004500000000000000e+03 1.900000000000000000e+01
1.327599999999999909e+03 6.382100000000000364e+02 2.000000000000000000e+01
1.374599999999999909e+03 1.008600000000000023e+03 1.900000000000000000e+01
5.205199999999999818e+02 7.715299999999999727e+02 2.000000000000000000e+01
1.504599999999999909e+03 4.418000000000000114e+02 2.000000000000000000e+01
1.359000000000000000e+03 1.135400000000000091e+03 2.000000000000000000e+01
8.312200000000000273e+02 1.174200000000000045e+03 2.000000000000000000e+01
9.559400000000000546e+02 3.005799999999999841e+02 2.000000000000000000e+01
1.316299999999999955e+02 8.843700000000000045e+02 2.000000000000000000e+01
1.402000000000000000e+03 1.240000000000000000e+03 2.100000000000000000e+01
7.239800000000000182e+02 1.039400000000000091e+03 2.000000000000000000e+01
4.827500000000000000e+02 5.125800000000000409e+02 2.000000000000000000e+01
1.511000000000000000e+03 4.853100000000000023e+02 2.100000000000000000e+01
1.520099999999999909e+03 1.570400000000000091e+03 2.100000000000000000e+01
8.442799999999999727e+01 1.318099999999999909e+03 2.100000000000000000e+01
4.491000000000000227e+02 1.483000000000000000e+03 2.100000000000000000e+01
7.212799999999999727e+02 9.901699999999999591e+02 2.000000000000000000e+01
1.509600000000000080e+02 9.202599999999999909e+02 2.000000000000000000e+01
1.376699999999999875e+02 7.638300000000000409e+02 2.000000000000000000e+01
6.873799999999999955e+01 1.356799999999999955e+03 2.000000000000000000e+01
1.320799999999999955e+03 2.987500000000000000e+02 2.000000000000000000e+01
1.233500000000000000e+03 1.070000000000000000e+03 2.000000000000000000e+01
1.155099999999999909e+03 1.252299999999999955e+03 2.000000000000000000e+01
8.654700000000000273e+02 5.439099999999999682e+02 2.000000000000000000e+01
1.124200000000000045e+03 4.315199999999999818e+02 2.000000000000000000e+01
5.466799999999999500e+02 1.456099999999999909e+03 2.000000000000000000e+01
4.172200000000000273e+02 7.071499999999999773e+02 2.000000000000000000e+01
1.218500000000000000e+03 5.800000000000000000e+02 2.000000000000000000e+01
2.155800000000000125e+02 1.574200000000000045e+03 2.100000000000000000e+01
1.776100000000000136e+02 5.357500000000000000e+02 2.000000000000000000e+01
1.237599999999999909e+03 7.385700000000000500e+02 2.000000000000000000e+01
5.839900000000000091e+02 5.136399999999999864e+02 2.000000000000000000e+01
2.739800000000000182e+02 3.302099999999999795e+02 2.000000000000000000e+01
1.199299999999999955e+03 7.229900000000000091e+02 2.000000000000000000e+01
1.656299999999999955e+02 1.244599999999999909e+03 2.100000000000000000e+01
4.498000000000000114e+02 1.380200000000000045e+03 2.100000000000000000e+01
6.845600000000000307e+01 1.399200000000000045e+03 2.100000000000000000e+01
1.004600000000000023e+03 3.232200000000000273e+02 2.000000000000000000e+01
7.394800000000000182e+02 1.207000000000000000e+03 2.000000000000000000e+01
2.544900000000000091e+02 1.332500000000000000e+03 2.100000000000000000e+01
6.377899999999999636e+02 1.057000000000000000e+03 2.000000000000000000e+01
1.879699999999999989e+02 1.207599999999999909e+03 2.000000000000000000e+01
1.341000000000000000e+03 2.444000000000000057e+02 2.000000000000000000e+01
1.089099999999999966e+02 1.011200000000000045e+03 2.000000000000000000e+01
1.518299999999999955e+03 1.505700000000000045e+03 2.100000000000000000e+01
9.171100000000000136e+02 9.978200000000000500e+02 2.000000000000000000e+01
1.257000000000000000e+03 1.404700000000000045e+03 2.000000000000000000e+01
6.135000000000000000e+02 7.157400000000000091e+02 1.900000000000000000e+01
2.334699999999999989e+02 1.202000000000000000e+03 2.000000000000000000e+01
1.510900000000000091e+03 2.504900000000000091e+02 2.000000000000000000e+01
1.518000000000000000e+03 1.208099999999999909e+03 2.000000000000000000e+01
1.472299999999999955e+03 1.051500000000000000e+03 2.100000000000000000e+01
7.780599999999999454e+02 9.188899999999999864e+02 2.000000000000000000e+01
1.230599999999999909e+03 1.573200000000000045e+03 2.000000000000000000e+01
1.402700000000000045e+03 3.546399999999999864e+02 2.000000000000000000e+01
1.240900000000000091e+03 1.532299999999999955e+03 2.100000000000000000e+01
1.470699999999999932e+02 8.140000000000000000e+02 2.100000000000000000e+01
1.394500000000000000e+03 8.709700000000000273e+02 2.000000000000000000e+01
1.128000000000000000e+03 7.747500000000000000e+02 2.000000000000000000e+01
1.208000000000000000e+03 9.434900000000000091e+02 2.000000000000000000e+01
4.169100000000000250e+02 4.125099999999999909e+02 2.000000000000000000e+01
1.514599999999999909e+03 8.646000000000000227e+02 2.000000000000000000e+01
4.281000000000000227e+02 2.809599999999999795e+02 2.100000000000000000e+01
7.135999999999999943e+01 2.393799999999999955e+02 2.100000000000000000e+01
1.519299999999999955e+03 1.309000000000000000e+03 2.000000000000000000e+01
8.576799999999999500e+02 5.864400000000000546e+02 2.000000000000000000e+01
1.516200000000000045e+03 1.166200000000000045e+03 2.000000000000000000e+01
1.067900000000000091e+03 7.021399999999999864e+02 2.000000000000000000e+01
1.470900000000000091e+03 8.597799999999999727e+02 2.000000000000000000e+01
9.199900000000000091e+02 1.040299999999999955e+03 2.000000000000000000e+01
1.158400000000000091e+03 9.294500000000000455e+02 2.000000000000000000e+01
2.247800000000000011e+02 1.532700000000000045e+03 2.100000000000000000e+01
1.340400000000000091e+03 1.432099999999999909e+03 2.000000000000000000e+01
1.138799999999999955e+02 2.271800000000000068e+02 1.900000000000000000e+01
3.094800000000000182e+02 1.573900000000000091e+03 2.100000000000000000e+01
6.891599999999999682e+02 1.575099999999999909e+03 2.000000000000000000e+01
1.217500000000000000e+02 1.172299999999999955e+03 2.000000000000000000e+01
9.223600000000000136e+02 2.211899999999999977e+02 2.000000000000000000e+01
1.644799999999999898e+02 1.173000000000000000e+03 2.000000000000000000e+01
6.248300000000000409e+02 1.394200000000000045e+03 2.000000000000000000e+01
1.072099999999999937e+02 6.378500000000000227e+02 2.000000000000000000e+01
1.272799999999999955e+03 8.332100000000000364e+02 1.900000000000000000e+01
1.385099999999999909e+03 1.531400000000000091e+03 2.100000000000000000e+01
1.413599999999999909e+03 1.022399999999999977e+03 2.000000000000000000e+01
1.003600000000000023e+03 1.145799999999999955e+03 2.000000000000000000e+01
8.450599999999999454e+02 1.062900000000000091e+03 2.100000000000000000e+01
4.165299999999999727e+02 1.350000000000000000e+03 2.100000000000000000e+01
7.243700000000000045e+02 1.399700000000000045e+03 2.000000000000000000e+01
1.731599999999999966e+02 1.574500000000000000e+03 2.000000000000000000e+01
9.433099999999999454e+02 1.572000000000000000e+03 2.100000000000000000e+01
1.086200000000000045e+03 1.135299999999999955e+03 1.900000000000000000e+01
1.479500000000000000e+03 1.144000000000000000e+03 2.000000000000000000e+01
6.515499999999999545e+02 1.715900000000000034e+02 2.000000000000000000e+01
1.422000000000000000e+03 9.232799999999999727e+02 2.000000000000000000e+01
7.874400000000000546e+02 1.550900000000000091e+03 2.100000000000000000e+01
1.335900000000000091e+03 1.514400000000000091e+03 2.000000000000000000e+01
1.349099999999999909e+03 1.620699999999999932e+02 2.100000000000000000e+01
8.557799999999999727e+02 1.208200000000000045e+03 2.100000000000000000e+01
2.820000000000000000e+02 9.072300000000000182e+02 2.000000000000000000e+01
1.072099999999999909e+03 2.164600000000000080e+02 2.000000000000000000e+01
1.436099999999999909e+03 1.464099999999999909e+03 2.100000000000000000e+01
1.226500000000000000e+03 9.803999999999999773e+02 2.000000000000000000e+01
9.803300000000000409e+02 1.492099999999999909e+03 2.000000000000000000e+01
7.885199999999999818e+02 1.690699999999999932e+02 2.000000000000000000e+01
1.330200000000000045e+03 1.472900000000000091e+03 2.000000000000000000e+01
1.066400000000000091e+03 1.473000000000000000e+03 2.100000000000000000e+01
1.020499999999999972e+02 9.142599999999999909e+02 2.000000000000000000e+01
1.413000000000000000e+03 1.499900000000000091e+03 2.100000000000000000e+01
1.470599999999999909e+03 6.116200000000000045e+02 2.000000000000000000e+01
1.280400000000000091e+03 5.074300000000000068e+02 2.000000000000000000e+01
1.295799999999999955e+03 5.456100000000000136e+02 2.000000000000000000e+01
1.044799999999999955e+03 1.136799999999999955e+03 2.000000000000000000e+01
1.004799999999999955e+03 2.072899999999999920e+02 2.000000000000000000e+01
1.113200000000000045e+03 5.889099999999999682e+02 1.900000000000000000e+01
1.300700000000000045e+03 9.106900000000000546e+02 2.000000000000000000e+01
8.545800000000000409e+02 7.922699999999999818e+02 2.000000000000000000e+01
4.931600000000000250e+02 5.534900000000000091e+02 2.000000000000000000e+01
4.593000000000000114e+02 4.770600000000000023e+02 2.000000000000000000e+01
5.425399999999999636e+02 9.081000000000000227e+02 2.000000000000000000e+01
1.088599999999999909e+03 3.139800000000000182e+02 2.000000000000000000e+01
1.419700000000000045e+03 4.544399999999999977e+02 2.000000000000000000e+01
7.051900000000000546e+01 3.795199999999999818e+02 2.100000000000000000e+01
1.471200000000000045e+03 9.089199999999999591e+02 2.000000000000000000e+01
7.109600000000000364e+01 5.308600000000000136e+02 2.100000000000000000e+01
1.456400000000000091e+03 9.483400000000000318e+02 2.000000000000000000e+01
1.331099999999999909e+03 1.168099999999999909e+03 2.000000000000000000e+01
1.397900000000000091e+03 1.571700000000000045e+03 2.100000000000000000e+01
3.315899999999999750e+02 1.538000000000000000e+03 2.100000000000000000e+01
8.117500000000000000e+02 1.037099999999999909e+03 2.000000000000000000e+01
1.355299999999999955e+03 8.930299999999999727e+02 2.000000000000000000e+01
1.163400000000000091e+03 1.354500000000000000e+03 2.000000000000000000e+01
9.624400000000000546e+02 2.060000000000000000e+02 2.000000000000000000e+01
6.325499999999999545e+02 1.510500000000000000e+03 2.100000000000000000e+01
7.026799999999999500e+02 1.434599999999999909e+03 2.000000000000000000e+01
7.677100000000000364e+02 5.171399999999999864e+02 2.000000000000000000e+01
1.355799999999999955e+03 1.246900000000000091e+03 1.900000000000000000e+01
6.262699999999999818e+02 1.436400000000000091e+03 2.000000000000000000e+01
1.511500000000000000e+03 5.351599999999999682e+02 2.000000000000000000e+01
1.457500000000000000e+03 3.179800000000000182e+02 2.000000000000000000e+01
3.583299999999999841e+02 9.561000000000000227e+02 2.000000000000000000e+01
5.913700000000000045e+02 1.367799999999999955e+03 2.000000000000000000e+01
1.073099999999999909e+03 1.531299999999999955e+03 2.000000000000000000e+01
8.109299999999999500e+02 7.786699999999999591e+02 2.000000000000000000e+01
5.458500000000000227e+02 1.379200000000000045e+03 2.000000000000000000e+01
6.565000000000000000e+02 4.615199999999999818e+02 2.100000000000000000e+01
1.172200000000000045e+03 6.697599999999999909e+02 2.000000000000000000e+01
1.494500000000000000e+03 1.087400000000000091e+03 2.000000000000000000e+01
1.248700000000000045e+03 6.090199999999999818e+02 2.000000000000000000e+01
9.223200000000000500e+02 6.360299999999999727e+02 2.000000000000000000e+01
4.850600000000000023e+02 1.412700000000000045e+03 2.000000000000000000e+01
1.126000000000000000e+03 5.476599999999999682e+02 2.000000000000000000e+01
1.399199999999999875e+02 1.133700000000000045e+03 2.000000000000000000e+01
9.765199999999999818e+02 1.534500000000000000e+03 2.100000000000000000e+01
1.073500000000000000e+03 1.574000000000000000e+03 2.100000000000000000e+01
1.040400000000000091e+03 1.265099999999999909e+03 2.000000000000000000e+01
1.200599999999999909e+03 1.517500000000000000e+03 2.100000000000000000e+01
8.577200000000000273e+02 1.291500000000000000e+03 2.000000000000000000e+01
6.630800000000000409e+02 1.414200000000000045e+03 2.100000000000000000e+01
1.102799999999999955e+03 5.131000000000000227e+02 2.000000000000000000e+01
1.203900000000000091e+03 5.408500000000000227e+02 2.000000000000000000e+01
9.474400000000000546e+02 1.669799999999999898e+02 2.000000000000000000e+01
1.478599999999999909e+03 1.323900000000000091e+03 2.000000000000000000e+01
5.271000000000000227e+02 1.418200000000000045e+03 2.100000000000000000e+01
6.860000000000000000e+02 1.379099999999999909e+03 2.100000000000000000e+01
5.097599999999999909e+02 9.340000000000000000e+02 2.000000000000000000e+01
1.396900000000000091e+03 1.154299999999999955e+03 2.000000000000000000e+01
6.910899999999999466e+01 1.533400000000000091e+03 2.100000000000000000e+01
5.660099999999999909e+02 1.197700000000000045e+03 2.000000000000000000e+01
1.359900000000000091e+03 2.821600000000000250e+02 2.000000000000000000e+01
1.644399999999999977e+02 4.958500000000000227e+02 2.000000000000000000e+01
1.752599999999999909e+02 7.820299999999999727e+02 2.000000000000000000e+01
1.032700000000000045e+03 1.566500000000000000e+03 2.100000000000000000e+01
7.792400000000000091e+02 9.613999999999999773e+02 2.000000000000000000e+01
1.411500000000000000e+03 8.055299999999999727e+02 2.000000000000000000e+01
1.445400000000000091e+03 3.585899999999999750e+02 2.000000000000000000e+01
7.157999999999999829e+01 2.817099999999999795e+02 2.100000000000000000e+01
1.452900000000000091e+03 1.098099999999999909e+03 2.000000000000000000e+01
1.158400000000000091e+03 1.515200000000000045e+03 2.100000000000000000e+01
4.215099999999999909e+02 6.660000000000000000e+02 2.000000000000000000e+01
1.026200000000000045e+02 1.467099999999999909e+03 2.000000000000000000e+01
8.644900000000000091e+02 2.794599999999999795e+02 2.000000000000000000e+01
1.255799999999999955e+03 2.216399999999999864e+02 2.000000000000000000e+01
1.430200000000000045e+03 1.544400000000000091e+03 2.100000000000000000e+01
9.727300000000000182e+02 4.011600000000000250e+02 1.900000000000000000e+01
5.129199999999999591e+02 1.314500000000000000e+03 2.000000000000000000e+01
4.707200000000000273e+02 7.428500000000000227e+02 2.000000000000000000e+01
1.508900000000000091e+03 2.070099999999999909e+02 2.100000000000000000e+01
1.958899999999999864e+02 4.661800000000000068e+02 1.900000000000000000e+01
7.038700000000000045e+02 4.605000000000000000e+02 2.000000000000000000e+01
1.159099999999999909e+03 7.098200000000000500e+02 2.000000000000000000e+01
4.520500000000000114e+02 9.957500000000000000e+02 2.000000000000000000e+01
1.462400000000000091e+03 4.350099999999999909e+02 2.000000000000000000e+01
1.477400000000000091e+03 1.473299999999999955e+03 2.000000000000000000e+01
1.470500000000000000e+03 2.370699999999999932e+02 2.000000000000000000e+01
6.235399999999999636e+02 4.355000000000000000e+02 2.000000000000000000e+01
1.468700000000000045e+03 3.936800000000000068e+02 2.000000000000000000e+01
1.437000000000000000e+03 8.843600000000000136e+02 2.000000000000000000e+01
9.938700000000000045e+02 2.817900000000000205e+02 2.000000000000000000e+01
1.466299999999999955e+03 1.955399999999999920e+02 2.100000000000000000e+01
1.431900000000000091e+03 8.426299999999999955e+02 2.000000000000000000e+01
1.826599999999999966e+02 8.917899999999999636e+02 2.000000000000000000e+01
1.197599999999999909e+03 1.636299999999999955e+02 2.100000000000000000e+01
1.397299999999999898e+02 1.485599999999999909e+03 2.000000000000000000e+01
1.322299999999999955e+03 2.049000000000000057e+02 2.000000000000000000e+01
1.490900000000000091e+03 1.539500000000000000e+03 2.100000000000000000e+01
7.110200000000000387e+01 6.148899999999999864e+02 2.000000000000000000e+01
8.805900000000000318e+02 1.173200000000000045e+03 2.000000000000000000e+01
1.455000000000000000e+03 1.509400000000000091e+03 2.000000000000000000e+01
1.243900000000000091e+03 3.553399999999999750e+02 1.900000000000000000e+01
9.618300000000000409e+02 1.149299999999999955e+03 2.000000000000000000e+01
1.514700000000000045e+03 9.086000000000000227e+02 2.100000000000000000e+01
1.474000000000000000e+03 2.787300000000000182e+02 2.000000000000000000e+01
1.086200000000000045e+02 7.343700000000000045e+02 2.000000000000000000e+01
1.431500000000000000e+03 2.195099999999999909e+02 2.100000000000000000e+01
1.435000000000000000e+03 2.611499999999999773e+02 2.000000000000000000e+01
1.469400000000000091e+03 5.358799999999999955e+02 1.900000000000000000e+01
1.487000000000000000e+03 1.585200000000000102e+02 2.000000000000000000e+01
1.307000000000000000e+03 1.655300000000000011e+02 2.100000000000000000e+01
