1.214800000000000040e+02 1.563000000000000000e+03 3.000000000000000000e+01
1.155500000000000000e+03 1.188599999999999909e+03 2.900000000000000000e+01
4.795400000000000205e+02 1.109400000000000091e+03 3.000000000000000000e+01
1.955000000000000000e+02 1.361299999999999955e+03 3.000000000000000000e+01
7.308500000000000227e+02 1.550299999999999955e+03 3.000000000000000000e+01
2.780600000000000023e+02 1.432700000000000045e+03 3.000000000000000000e+01
7.596200000000000045e+02 1.306799999999999955e+03 2.900000000000000000e+01
5.665700000000000500e+02 7.790000000000000000e+02 2.900000000000000000e+01
7.889400000000000546e+02 1.252099999999999909e+03 2.900000000000000000e+01
1.843199999999999932e+02 6.602500000000000000e+02 2.900000000000000000e+01
1.085099999999999909e+03 1.328200000000000045e+03 3.000000000000000000e+01
8.602899999999999636e+02 1.324099999999999909e+03 2.900000000000000000e+01
4.029399999999999977e+02 1.115400000000000091e+03 2.900000000000000000e+01
3.541399999999999864e+02 1.223400000000000091e+03 2.900000000000000000e+01
9.891200000000000045e+02 1.347000000000000000e+03 2.900000000000000000e+01
7.515299999999999727e+02 1.429599999999999909e+03 3.000000000000000000e+01
8.269700000000000273e+02 1.466500000000000000e+03 2.900000000000000000e+01
2.674599999999999795e+02 1.276500000000000000e+03 2.900000000000000000e+01
1.080099999999999909e+03 1.263099999999999909e+03 2.900000000000000000e+01
4.560799999999999841e+02 1.221500000000000000e+03 2.900000000000000000e+01
3.429399999999999977e+02 8.175299999999999727e+02 2.900000000000000000e+01
1.464000000000000000e+03 8.035399999999999636e+02 2.900000000000000000e+01
9.295000000000000000e+02 1.346900000000000091e+03 2.900000000000000000e+01
7.980000000000000000e+02 3.825699999999999932e+02 2.900000000000000000e+01
1.153700000000000045e+03 1.083200000000000045e+03 2.900000000000000000e+01
5.932599999999999909e+02 1.390900000000000034e+02 2.900000000000000000e+01
6.295399999999999636e+02 1.341400000000000091e+03 2.900000000000000000e+01
8.800099999999999909e+02 1.208099999999999909e+03 2.900000000000000000e+01
3.724800000000000182e+02 1.565500000000000000e+03 3.000000000000000000e+01
4.540699999999999932e+02 1.161500000000000000e+03 2.900000000000000000e+01
1.798600000000000136e+02 9.346699999999999591e+02 2.900000000000000000e+01
6.468999999999999773e+02 5.784900000000000091e+02 2.900000000000000000e+01
1.224900000000000091e+03 1.219700000000000045e+03 2.900000000000000000e+01
1.096099999999999909e+03 1.191400000000000091e+03 2.900000000000000000e+01
6.313899999999999864e+02 1.235400000000000091e+03 2.900000000000000000e+01
8.273600000000000136e+02 7.263799999999999955e+02 2.900000000000000000e+01
1.817599999999999909e+02 1.454900000000000091e+03 3.000000000000000000e+01
1.407599999999999909e+03 1.361799999999999955e+03 3.000000000000000000e+01
4.920000000000000000e+02 1.461599999999999909e+03 2.900000000000000000e+01
2.953600000000000136e+02 3.848500000000000227e+02 2.900000000000000000e+01
1.195199999999999960e+02 1.357000000000000000e+03 2.900000000000000000e+01
3.025699999999999932e+02 1.099000000000000000e+03 2.900000000000000000e+01
3.867900000000000205e+02 1.172799999999999955e+03 2.900000000000000000e+01
1.371900000000000091e+03 9.518899999999999864e+02 2.900000000000000000e+01
4.123999999999999773e+02 3.279100000000000250e+02 2.900000000000000000e+01
5.505199999999999818e+02 1.327700000000000045e+03 2.900000000000000000e+01
1.236099999999999909e+03 1.160299999999999955e+03 2.900000000000000000e+01
4.754900000000000091e+02 1.523099999999999909e+03 3.000000000000000000e+01
1.342099999999999909e+03 1.343799999999999955e+03 3.000000000000000000e+01
9.436599999999999682e+02 1.030900000000000091e+03 2.900000000000000000e+01
8.457200000000000273e+02 1.005100000000000023e+03 2.900000000000000000e+01
2.733199999999999932e+02 1.526599999999999909e+03 3.000000000000000000e+01
7.949600000000000364e+02 2.376899999999999977e+02 2.900000000000000000e+01
3.434599999999999795e+02 9.900399999999999636e+02 2.900000000000000000e+01
9.618200000000000500e+02 1.400400000000000091e+03 3.000000000000000000e+01
5.777200000000000273e+02 8.858799999999999955e+02 2.900000000000000000e+01
7.036200000000000045e+02 1.101000000000000000e+03 2.900000000000000000e+01
5.498500000000000227e+02 2.628500000000000227e+02 2.900000000000000000e+01
8.590099999999999909e+02 8.850900000000000318e+02 2.900000000000000000e+01
8.591400000000000148e+01 7.787200000000000273e+02 2.900000000000000000e+01
1.277900000000000091e+03 1.258700000000000045e+03 2.900000000000000000e+01
5.059399999999999977e+02 1.055799999999999955e+03 2.900000000000000000e+01
1.254099999999999909e+03 1.493900000000000091e+03 3.000000000000000000e+01
2.518000000000000114e+02 1.066200000000000045e+03 2.900000000000000000e+01
2.820099999999999909e+02 8.407799999999999727e+02 2.900000000000000000e+01
9.357400000000000091e+02 1.185299999999999955e+03 2.900000000000000000e+01
7.411799999999999500e+02 1.055299999999999955e+03 2.900000000000000000e+01
5.325700000000000500e+02 1.504900000000000091e+03 2.900000000000000000e+01
1.077299999999999955e+03 1.429599999999999909e+03 2.900000000000000000e+01
5.719900000000000091e+02 1.235599999999999909e+03 2.900000000000000000e+01
4.321399999999999864e+02 1.565000000000000000e+03 3.000000000000000000e+01
7.669400000000000546e+02 4.350899999999999750e+02 2.900000000000000000e+01
1.032700000000000045e+03 1.300000000000000000e+03 2.900000000000000000e+01
1.195700000000000045e+03 1.467000000000000000e+03 2.900000000000000000e+01
1.011600000000000023e+03 8.679600000000000364e+02 2.900000000000000000e+01
5.310000000000000000e+02 9.917699999999999818e+02 2.900000000000000000e+01
8.298500000000000227e+02 1.564900000000000091e+03 3.000000000000000000e+01
7.194400000000000546e+02 1.480500000000000000e+03 3.000000000000000000e+01
1.131700000000000045e+03 2.105000000000000000e+02 2.900000000000000000e+01
5.237599999999999909e+02 1.145900000000000091e+03 2.900000000000000000e+01
1.025500000000000000e+03 1.399500000000000000e+03 3.000000000000000000e+01
1.422700000000000045e+03 9.940099999999999909e+02 2.900000000000000000e+01
5.195199999999999818e+02 1.265500000000000000e+03 3.000000000000000000e+01
1.170000000000000000e+03 1.006299999999999955e+03 2.900000000000000000e+01
9.833200000000000500e+02 9.654299999999999500e+02 2.900000000000000000e+01
1.265900000000000091e+03 3.280600000000000023e+02 2.900000000000000000e+01
1.462799999999999955e+03 7.440000000000000000e+02 2.900000000000000000e+01
5.842300000000000182e+02 1.140500000000000000e+03 2.900000000000000000e+01
8.565099999999999909e+02 9.470000000000000000e+02 2.900000000000000000e+01
7.234800000000000182e+02 8.390499999999999545e+02 2.900000000000000000e+01
1.760300000000000011e+02 2.546899999999999977e+02 2.900000000000000000e+01
3.346700000000000159e+02 1.050599999999999909e+03 2.900000000000000000e+01
1.338500000000000000e+03 4.165299999999999727e+02 2.900000000000000000e+01
9.148899999999999864e+02 9.340000000000000000e+02 2.900000000000000000e+01
5.440700000000000500e+02 5.437999999999999545e+02 2.900000000000000000e+01
4.625000000000000000e+02 1.281000000000000000e+03 2.900000000000000000e+01
3.044700000000000273e+02 4.579100000000000250e+02 2.900000000000000000e+01
7.250499999999999545e+02 2.330600000000000023e+02 2.900000000000000000e+01
6.590299999999999727e+02 6.475000000000000000e+02 2.900000000000000000e+01
7.559600000000000364e+02 2.834800000000000182e+02 2.900000000000000000e+01
9.744500000000000455e+02 1.289700000000000045e+03 2.900000000000000000e+01
1.002799999999999955e+03 1.021899999999999977e+03 2.900000000000000000e+01
7.071499999999999773e+02 9.192500000000000000e+02 2.900000000000000000e+01
1.721500000000000057e+02 1.523900000000000091e+03 3.000000000000000000e+01
1.311500000000000000e+03 1.563099999999999909e+03 2.900000000000000000e+01
1.261000000000000000e+03 2.201899999999999977e+02 2.900000000000000000e+01
6.661699999999999591e+02 8.264400000000000546e+02 2.900000000000000000e+01
7.024400000000000546e+02 7.485499999999999545e+02 2.900000000000000000e+01
1.126099999999999909e+03 1.393599999999999909e+03 2.900000000000000000e+01
8.281000000000000227e+02 4.358899999999999864e+02 2.900000000000000000e+01
8.610299999999999727e+02 1.069299999999999955e+03 2.900000000000000000e+01
3.020699999999999932e+02 1.324500000000000000e+03 2.900000000000000000e+01
1.132900000000000091e+03 1.291200000000000045e+03 2.900000000000000000e+01
3.307500000000000000e+02 1.151700000000000045e+03 2.900000000000000000e+01
9.057200000000000273e+02 6.640099999999999909e+02 2.900000000000000000e+01
1.083099999999999909e+03 6.980900000000000318e+02 2.900000000000000000e+01
1.093900000000000091e+03 1.087000000000000000e+03 2.900000000000000000e+01
6.512400000000000091e+02 9.411299999999999955e+02 2.900000000000000000e+01
1.467400000000000091e+03 1.251700000000000045e+03 3.000000000000000000e+01
1.724799999999999898e+02 8.273899999999999864e+02 2.900000000000000000e+01
8.920399999999999636e+02 1.463700000000000045e+03 3.000000000000000000e+01
3.908799999999999955e+02 1.961500000000000057e+02 2.900000000000000000e+01
9.995000000000000000e+02 3.935699999999999932e+02 2.900000000000000000e+01
6.536900000000000546e+02 1.000100000000000023e+03 2.900000000000000000e+01
5.248799999999999955e+02 3.173999999999999773e+02 2.900000000000000000e+01
9.886699999999999591e+02 5.305299999999999727e+02 2.900000000000000000e+01
1.116799999999999955e+03 2.668899999999999864e+02 2.900000000000000000e+01
1.286599999999999909e+03 1.008399999999999977e+03 2.900000000000000000e+01
9.669299999999999500e+02 9.080599999999999454e+02 2.900000000000000000e+01
1.190100000000000051e+02 9.550000000000000000e+02 2.900000000000000000e+01
9.584900000000000091e+02 6.910099999999999909e+02 2.900000000000000000e+01
2.298899999999999864e+02 8.098799999999999955e+02 2.900000000000000000e+01
4.794499999999999886e+02 2.475399999999999920e+02 2.900000000000000000e+01
3.608799999999999955e+02 1.345000000000000000e+03 2.900000000000000000e+01
5.648700000000000045e+02 1.912100000000000080e+02 2.900000000000000000e+01
7.510299999999999727e+02 1.161900000000000091e+03 2.900000000000000000e+01
7.116599999999999682e+02 1.341400000000000091e+03 2.900000000000000000e+01
1.461299999999999955e+03 3.169599999999999795e+02 2.900000000000000000e+01
1.192099999999999909e+03 6.498500000000000227e+02 2.900000000000000000e+01
1.389099999999999909e+03 1.304500000000000000e+03 2.900000000000000000e+01
1.464500000000000000e+03 9.505900000000000318e+02 2.900000000000000000e+01
2.370399999999999920e+02 1.478700000000000045e+03 3.000000000000000000e+01
9.971000000000000227e+02 6.451499999999999773e+02 2.900000000000000000e+01
4.144900000000000091e+02 1.414900000000000091e+02 2.900000000000000000e+01
7.765299999999999727e+02 1.498000000000000000e+03 3.000000000000000000e+01
1.152699999999999960e+02 1.415900000000000091e+03 2.900000000000000000e+01
1.040400000000000091e+03 1.212500000000000000e+03 2.900000000000000000e+01
1.166000000000000000e+03 4.558999999999999773e+02 2.900000000000000000e+01
1.287000000000000000e+03 1.318200000000000045e+03 2.900000000000000000e+01
8.236900000000000546e+02 1.114799999999999955e+03 2.900000000000000000e+01
1.223000000000000000e+03 7.573099999999999454e+02 2.900000000000000000e+01
1.138799999999999955e+03 9.560900000000000318e+02 2.900000000000000000e+01
2.814700000000000273e+02 1.015600000000000023e+03 2.900000000000000000e+01
1.246700000000000045e+03 1.435400000000000091e+03 2.900000000000000000e+01
8.614800000000000182e+02 1.515500000000000000e+03 3.000000000000000000e+01
1.338000000000000000e+03 1.181000000000000000e+03 2.900000000000000000e+01
6.479600000000000364e+02 1.124700000000000045e+03 2.900000000000000000e+01
4.367400000000000091e+02 1.067000000000000000e+03 2.900000000000000000e+01
9.210499999999999545e+02 1.518299999999999955e+03 2.900000000000000000e+01
2.254900000000000091e+02 9.914900000000000091e+02 2.900000000000000000e+01
5.854400000000000546e+02 1.533400000000000091e+03 3.000000000000000000e+01
2.965400000000000205e+02 6.621000000000000227e+02 2.900000000000000000e+01
1.015600000000000023e+03 1.509500000000000000e+03 3.000000000000000000e+01
1.301099999999999909e+03 6.966499999999999773e+02 2.900000000000000000e+01
6.410599999999999454e+02 8.828999999999999773e+02 3.000000000000000000e+01
2.074600000000000080e+02 3.064599999999999795e+02 3.000000000000000000e+01
4.959900000000000091e+02 6.322699999999999818e+02 2.900000000000000000e+01
8.161599999999999966e+01 1.459499999999999886e+02 2.900000000000000000e+01
3.155099999999999909e+02 8.897000000000000455e+02 2.900000000000000000e+01
9.169600000000000364e+02 8.745900000000000318e+02 2.900000000000000000e+01
1.824799999999999898e+02 5.525399999999999636e+02 2.900000000000000000e+01
1.277200000000000045e+03 1.376799999999999955e+03 2.900000000000000000e+01
6.587999999999999545e+02 1.060900000000000091e+03 3.000000000000000000e+01
6.575599999999999454e+02 1.288400000000000091e+03 2.900000000000000000e+01
2.360200000000000102e+02 2.550000000000000000e+02 3.000000000000000000e+01
5.345099999999999909e+02 9.280599999999999454e+02 2.900000000000000000e+01
4.014800000000000182e+02 1.011899999999999977e+03 2.900000000000000000e+01
1.261599999999999909e+03 1.107400000000000091e+03 2.900000000000000000e+01
5.976799999999999500e+02 1.290700000000000045e+03 2.900000000000000000e+01
1.962500000000000000e+02 1.043000000000000000e+03 3.000000000000000000e+01
1.420900000000000091e+03 6.818500000000000227e+02 2.900000000000000000e+01
3.128299999999999841e+02 3.220500000000000114e+02 2.900000000000000000e+01
1.108099999999999909e+03 8.605099999999999909e+02 2.900000000000000000e+01
2.133899999999999864e+02 3.814499999999999886e+02 3.000000000000000000e+01
5.138700000000000045e+02 1.204900000000000091e+03 2.900000000000000000e+01
7.531599999999999682e+02 3.437699999999999818e+02 2.900000000000000000e+01
1.268299999999999955e+03 5.604099999999999682e+02 2.900000000000000000e+01
4.914499999999999886e+02 1.362099999999999909e+03 2.900000000000000000e+01
1.273799999999999955e+03 4.003199999999999932e+02 2.900000000000000000e+01
7.981900000000000546e+02 4.864700000000000273e+02 2.900000000000000000e+01
7.072200000000000273e+02 6.135299999999999727e+02 2.900000000000000000e+01
3.707900000000000205e+02 1.285900000000000091e+03 2.900000000000000000e+01
6.918899999999999864e+02 1.239400000000000091e+03 2.900000000000000000e+01
2.945799999999999841e+02 7.228500000000000227e+02 2.900000000000000000e+01
1.244500000000000000e+03 1.050299999999999955e+03 2.900000000000000000e+01
2.019900000000000091e+02 1.441599999999999966e+02 2.900000000000000000e+01
1.168599999999999909e+03 3.438500000000000227e+02 2.900000000000000000e+01
9.779700000000000273e+02 1.080000000000000000e+03 2.900000000000000000e+01
8.878700000000000045e+02 3.311499999999999773e+02 2.900000000000000000e+01
7.294900000000000091e+02 1.374499999999999886e+02 2.900000000000000000e+01
1.046700000000000045e+03 9.815299999999999727e+02 2.900000000000000000e+01
2.179499999999999886e+02 8.682000000000000455e+02 2.900000000000000000e+01
2.450200000000000102e+02 6.316100000000000136e+02 2.900000000000000000e+01
8.288099999999999454e+02 1.379499999999999886e+02 2.900000000000000000e+01
3.608600000000000136e+02 3.567300000000000182e+02 2.900000000000000000e+01
1.425900000000000091e+03 1.418400000000000091e+03 2.900000000000000000e+01
9.940599999999999454e+02 1.450599999999999909e+03 2.900000000000000000e+01
1.190099999999999909e+03 8.061799999999999500e+02 2.900000000000000000e+01
3.472099999999999795e+02 1.432700000000000045e+03 2.900000000000000000e+01
1.316200000000000045e+03 3.591899999999999977e+02 2.900000000000000000e+01
7.839900000000000091e+02 8.149600000000000364e+02 2.900000000000000000e+01
5.485800000000000409e+02 7.225299999999999727e+02 2.900000000000000000e+01
2.456899999999999977e+02 1.127000000000000000e+03 2.900000000000000000e+01
4.048700000000000045e+02 4.303999999999999773e+02 2.900000000000000000e+01
8.456799999999999500e+02 8.275399999999999636e+02 2.900000000000000000e+01
4.641000000000000227e+02 1.014000000000000000e+03 2.900000000000000000e+01
1.135299999999999955e+03 5.470499999999999545e+02 2.900000000000000000e+01
8.883500000000000227e+02 1.362100000000000080e+02 2.900000000000000000e+01
8.568500000000000227e+02 3.824599999999999795e+02 2.900000000000000000e+01
7.957000000000000455e+02 9.737999999999999545e+02 2.900000000000000000e+01
1.182799999999999955e+03 1.134099999999999909e+03 2.900000000000000000e+01
8.060399999999999636e+02 9.156699999999999591e+02 2.900000000000000000e+01
1.039900000000000091e+03 7.407000000000000455e+02 2.900000000000000000e+01
8.804900000000000091e+02 1.380000000000000000e+03 3.000000000000000000e+01
5.470299999999999727e+02 6.037599999999999909e+02 2.900000000000000000e+01
6.604099999999999682e+02 3.830600000000000023e+02 2.900000000000000000e+01
1.403599999999999909e+03 7.376499999999999773e+02 2.900000000000000000e+01
4.005199999999999818e+02 7.290399999999999636e+02 2.900000000000000000e+01
1.361700000000000045e+03 4.710000000000000000e+02 2.900000000000000000e+01
8.863099999999999454e+02 7.200099999999999909e+02 2.900000000000000000e+01
5.910299999999999727e+02 1.473599999999999909e+03 2.900000000000000000e+01
6.321299999999999955e+02 1.839199999999999875e+02 2.900000000000000000e+01
1.467500000000000000e+03 1.366099999999999909e+03 2.900000000000000000e+01
1.036500000000000000e+03 1.069900000000000091e+03 2.900000000000000000e+01
2.571800000000000068e+02 5.731799999999999500e+02 2.900000000000000000e+01
9.427000000000000455e+02 8.059900000000000091e+02 2.900000000000000000e+01
1.116299999999999955e+03 1.030900000000000091e+03 2.900000000000000000e+01
1.133000000000000000e+03 1.330500000000000114e+02 2.900000000000000000e+01
1.375200000000000045e+03 3.696100000000000136e+02 2.900000000000000000e+01
6.065700000000000500e+02 8.340099999999999909e+02 2.900000000000000000e+01
5.922300000000000182e+02 9.439199999999999591e+02 2.900000000000000000e+01
8.078799999999999955e+02 1.410099999999999909e+03 2.900000000000000000e+01
1.196200000000000045e+03 2.286800000000000068e+02 2.900000000000000000e+01
4.969200000000000159e+02 6.937500000000000000e+02 2.900000000000000000e+01
9.480000000000000000e+02 3.154300000000000068e+02 2.900000000000000000e+01
8.461299999999999955e+02 2.891700000000000159e+02 2.900000000000000000e+01
7.463099999999999454e+02 6.587699999999999818e+02 2.900000000000000000e+01
5.347599999999999909e+02 1.565000000000000000e+03 3.000000000000000000e+01
1.111000000000000000e+03 1.546000000000000000e+03 3.000000000000000000e+01
1.109500000000000000e+03 6.005099999999999909e+02 2.900000000000000000e+01
5.650800000000000409e+02 1.041000000000000000e+03 2.900000000000000000e+01
6.352699999999999818e+02 1.565000000000000000e+03 2.900000000000000000e+01
8.786499999999999773e+02 1.267700000000000045e+03 2.900000000000000000e+01
1.050599999999999909e+03 4.274900000000000091e+02 2.900000000000000000e+01
9.201000000000000227e+02 4.838700000000000045e+02 2.900000000000000000e+01
1.190400000000000063e+02 5.551200000000000045e+02 2.900000000000000000e+01
1.281799999999999955e+03 7.531900000000000546e+02 2.900000000000000000e+01
1.086500000000000000e+03 9.272200000000000273e+02 2.900000000000000000e+01
4.367699999999999818e+02 5.457000000000000455e+02 2.900000000000000000e+01
3.951200000000000045e+02 1.396299999999999955e+03 2.900000000000000000e+01
2.926299999999999955e+02 7.819099999999999682e+02 2.900000000000000000e+01
1.172000000000000000e+03 5.934199999999999591e+02 2.900000000000000000e+01
3.213500000000000227e+02 1.429099999999999966e+02 3.000000000000000000e+01
4.214900000000000091e+02 4.874800000000000182e+02 2.900000000000000000e+01
3.233199999999999932e+02 5.869199999999999591e+02 2.900000000000000000e+01
3.621000000000000227e+02 4.729100000000000250e+02 2.900000000000000000e+01
1.370200000000000102e+02 1.046599999999999909e+03 2.900000000000000000e+01
1.322799999999999955e+03 3.014700000000000273e+02 2.900000000000000000e+01
1.136900000000000091e+03 1.451400000000000091e+03 2.900000000000000000e+01
3.881200000000000045e+02 9.508400000000000318e+02 2.900000000000000000e+01
3.143999999999999773e+02 1.382599999999999909e+03 3.000000000000000000e+01
6.910299999999999727e+02 1.840000000000000000e+02 2.900000000000000000e+01
7.108099999999999454e+02 5.539500000000000455e+02 2.900000000000000000e+01
3.473999999999999773e+02 7.581799999999999500e+02 2.900000000000000000e+01
1.185199999999999960e+02 4.354900000000000091e+02 2.900000000000000000e+01
7.190599999999999454e+02 3.977400000000000091e+02 2.900000000000000000e+01
8.873400000000000318e+02 4.331499999999999773e+02 2.900000000000000000e+01
1.021200000000000045e+03 4.804399999999999977e+02 2.900000000000000000e+01
1.140599999999999909e+03 7.724700000000000273e+02 2.900000000000000000e+01
8.042300000000000182e+02 6.710700000000000500e+02 2.900000000000000000e+01
2.932799999999999727e+02 9.575700000000000500e+02 2.900000000000000000e+01
3.840799999999999841e+02 5.887500000000000000e+02 2.900000000000000000e+01
9.337999999999999545e+02 1.244799999999999955e+03 2.900000000000000000e+01
1.383000000000000000e+03 5.890099999999999909e+02 2.900000000000000000e+01
1.222000000000000000e+03 3.697200000000000273e+02 2.900000000000000000e+01
4.508899999999999864e+02 1.961200000000000045e+02 2.900000000000000000e+01
4.667900000000000205e+02 3.066100000000000136e+02 2.900000000000000000e+01
5.998899999999999864e+02 6.350599999999999454e+02 2.900000000000000000e+01
6.070700000000000500e+02 7.345299999999999727e+02 2.900000000000000000e+01
9.952200000000000273e+02 1.173500000000000000e+03 2.900000000000000000e+01
3.691000000000000227e+02 1.505900000000000091e+03 3.000000000000000000e+01
1.031200000000000045e+03 3.119200000000000159e+02 2.900000000000000000e+01
7.624299999999999500e+02 1.869499999999999886e+02 3.000000000000000000e+01
8.876900000000000546e+02 7.789600000000000364e+02 2.900000000000000000e+01
6.775399999999999636e+02 1.523500000000000000e+03 2.900000000000000000e+01
2.325300000000000011e+02 1.955200000000000102e+02 2.900000000000000000e+01
9.389099999999999682e+02 7.473300000000000409e+02 2.900000000000000000e+01
1.324900000000000091e+03 7.947400000000000091e+02 2.900000000000000000e+01
3.511100000000000136e+02 6.393300000000000409e+02 2.900000000000000000e+01
5.038199999999999932e+02 7.937599999999999909e+02 2.900000000000000000e+01
4.014399999999999977e+02 1.456000000000000000e+03 2.900000000000000000e+01
1.089500000000000028e+02 3.780099999999999909e+02 2.900000000000000000e+01
9.190700000000000500e+02 1.084400000000000091e+03 2.900000000000000000e+01
1.222000000000000000e+03 1.279299999999999955e+03 2.900000000000000000e+01
6.628200000000000500e+02 2.366699999999999875e+02 2.900000000000000000e+01
4.455000000000000000e+02 8.234900000000000091e+02 2.900000000000000000e+01
1.721699999999999875e+02 1.952500000000000000e+02 2.900000000000000000e+01
8.862000000000000455e+02 5.340800000000000409e+02 2.900000000000000000e+01
1.179400000000000091e+03 1.367000000000000000e+03 2.900000000000000000e+01
1.057900000000000091e+03 8.276299999999999955e+02 2.900000000000000000e+01
4.910099999999999909e+02 5.705599999999999454e+02 2.900000000000000000e+01
1.052900000000000091e+03 3.693899999999999864e+02 2.900000000000000000e+01
1.425000000000000000e+03 4.565400000000000205e+02 2.900000000000000000e+01
1.282099999999999909e+03 8.369600000000000364e+02 2.900000000000000000e+01
3.193999999999999773e+02 5.268799999999999955e+02 2.900000000000000000e+01
6.323600000000000136e+02 2.882699999999999818e+02 2.900000000000000000e+01
1.315500000000000000e+03 5.110400000000000205e+02 2.900000000000000000e+01
2.414799999999999898e+02 7.517699999999999818e+02 2.900000000000000000e+01
1.223799999999999955e+03 9.132000000000000455e+02 2.900000000000000000e+01
1.361799999999999955e+03 6.818899999999999864e+02 2.900000000000000000e+01
1.269700000000000045e+03 9.503300000000000409e+02 2.900000000000000000e+01
1.371500000000000000e+03 5.294099999999999682e+02 2.900000000000000000e+01
1.074500000000000000e+03 2.245099999999999909e+02 2.900000000000000000e+01
1.374599999999999909e+03 2.686600000000000250e+02 2.900000000000000000e+01
6.155900000000000318e+02 3.445400000000000205e+02 2.900000000000000000e+01
2.164600000000000080e+02 1.244299999999999955e+03 2.900000000000000000e+01
1.167500000000000000e+03 1.564000000000000000e+03 2.900000000000000000e+01
1.150499999999999972e+02 1.252400000000000091e+03 2.900000000000000000e+01
1.337400000000000091e+03 6.279900000000000091e+02 2.900000000000000000e+01
6.024800000000000182e+02 5.340299999999999727e+02 2.900000000000000000e+01
1.281500000000000000e+03 1.199799999999999955e+03 2.900000000000000000e+01
1.343099999999999909e+03 7.390599999999999454e+02 2.900000000000000000e+01
4.746399999999999864e+02 1.404799999999999898e+02 2.900000000000000000e+01
1.033500000000000000e+03 5.684600000000000364e+02 2.900000000000000000e+01
3.143100000000000023e+02 1.482099999999999909e+03 2.900000000000000000e+01
1.171000000000000000e+03 1.246500000000000000e+03 2.900000000000000000e+01
1.294000000000000000e+03 4.561999999999999886e+02 2.900000000000000000e+01
3.221600000000000250e+02 2.628100000000000023e+02 2.900000000000000000e+01
1.027900000000000091e+03 9.257799999999999727e+02 2.900000000000000000e+01
1.239099999999999909e+03 1.315000000000000000e+02 2.900000000000000000e+01
1.414900000000000091e+02 1.450500000000000114e+02 2.900000000000000000e+01
5.209900000000000091e+02 4.882599999999999909e+02 2.900000000000000000e+01
2.138499999999999943e+02 4.733500000000000227e+02 2.900000000000000000e+01
5.331499999999999773e+02 1.401299999999999955e+02 2.900000000000000000e+01
5.481499999999999773e+02 6.622200000000000273e+02 2.900000000000000000e+01
3.496200000000000045e+02 6.978400000000000318e+02 2.900000000000000000e+01
3.752799999999999727e+02 8.908799999999999955e+02 2.900000000000000000e+01
6.044500000000000455e+02 1.084599999999999909e+03 2.900000000000000000e+01
5.038399999999999750e+02 3.724900000000000091e+02 2.900000000000000000e+01
7.606900000000000546e+02 5.873600000000000136e+02 2.900000000000000000e+01
6.613500000000000227e+02 1.466599999999999909e+03 2.900000000000000000e+01
5.054100000000000250e+02 4.315000000000000000e+02 2.900000000000000000e+01
1.177000000000000000e+03 1.733000000000000114e+02 2.900000000000000000e+01
3.968299999999999841e+02 7.891299999999999955e+02 2.900000000000000000e+01
1.227200000000000045e+03 9.933799999999999955e+02 2.900000000000000000e+01
1.055000000000000000e+03 6.240199999999999818e+02 2.900000000000000000e+01
1.408599999999999909e+03 1.248799999999999955e+03 2.900000000000000000e+01
1.910500000000000114e+02 7.194900000000000091e+02 2.900000000000000000e+01
2.398499999999999943e+02 9.327799999999999727e+02 2.900000000000000000e+01
8.590199999999999818e+02 1.891100000000000136e+02 2.900000000000000000e+01
2.556299999999999955e+02 3.404900000000000091e+02 2.900000000000000000e+01
1.325700000000000045e+03 5.693300000000000409e+02 2.900000000000000000e+01
4.509599999999999795e+02 7.649299999999999500e+02 2.900000000000000000e+01
2.614900000000000091e+02 1.433300000000000125e+02 2.900000000000000000e+01
1.175099999999999909e+03 2.844800000000000182e+02 2.900000000000000000e+01
1.219700000000000045e+03 4.307900000000000205e+02 2.900000000000000000e+01
9.026699999999999591e+02 2.323899999999999864e+02 2.900000000000000000e+01
3.469200000000000159e+02 4.145299999999999727e+02 2.900000000000000000e+01
1.345200000000000045e+03 1.441000000000000000e+03 2.900000000000000000e+01
9.442200000000000273e+02 4.168799999999999955e+02 2.900000000000000000e+01
1.108099999999999909e+03 4.440400000000000205e+02 2.900000000000000000e+01
1.245599999999999909e+03 6.761599999999999682e+02 2.900000000000000000e+01
1.628600000000000136e+02 3.508299999999999841e+02 2.900000000000000000e+01
1.016100000000000023e+03 2.116999999999999886e+02 2.900000000000000000e+01
1.129099999999999966e+02 2.727200000000000273e+02 2.900000000000000000e+01
1.386400000000000091e+03 1.301699999999999875e+02 3.000000000000000000e+01
2.656899999999999977e+02 5.028600000000000136e+02 2.900000000000000000e+01
3.324300000000000068e+02 2.045600000000000023e+02 2.900000000000000000e+01
1.334599999999999909e+03 1.280099999999999909e+03 2.900000000000000000e+01
6.611299999999999955e+02 1.182799999999999955e+03 2.900000000000000000e+01
1.240799999999999955e+03 6.168700000000000045e+02 2.900000000000000000e+01
1.123599999999999909e+03 1.138599999999999909e+03 2.900000000000000000e+01
1.167099999999999909e+03 8.673400000000000318e+02 2.900000000000000000e+01
3.793999999999999773e+02 5.286100000000000136e+02 2.900000000000000000e+01
4.822799999999999727e+02 9.573999999999999773e+02 2.900000000000000000e+01
1.209300000000000068e+02 4.967799999999999727e+02 2.900000000000000000e+01
1.650099999999999909e+02 9.922799999999999727e+02 2.900000000000000000e+01
6.615599999999999454e+02 5.213700000000000045e+02 2.900000000000000000e+01
1.236500000000000000e+03 2.739100000000000250e+02 2.900000000000000000e+01
2.530699999999999932e+02 4.282900000000000205e+02 2.900000000000000000e+01
1.304200000000000045e+03 1.064799999999999955e+03 2.900000000000000000e+01
7.373300000000000409e+02 9.959500000000000455e+02 2.900000000000000000e+01
4.444800000000000182e+02 6.633799999999999955e+02 2.900000000000000000e+01
2.444000000000000057e+02 6.915199999999999818e+02 2.900000000000000000e+01
1.231200000000000045e+03 1.337200000000000045e+03 2.900000000000000000e+01
2.064000000000000057e+02 1.302900000000000091e+03 2.900000000000000000e+01
4.419100000000000250e+02 6.053400000000000318e+02 2.900000000000000000e+01
5.579299999999999500e+02 4.004800000000000182e+02 2.900000000000000000e+01
4.365500000000000114e+02 9.183099999999999454e+02 2.900000000000000000e+01
1.225500000000000000e+03 8.546499999999999773e+02 2.900000000000000000e+01
1.031099999999999909e+03 1.331299999999999955e+02 2.900000000000000000e+01
1.214699999999999989e+02 6.528500000000000227e+02 2.900000000000000000e+01
1.343200000000000045e+03 1.715800000000000125e+02 3.000000000000000000e+01
6.028400000000000318e+02 2.377199999999999989e+02 2.900000000000000000e+01
5.742300000000000182e+02 1.416500000000000000e+03 2.900000000000000000e+01
6.209199999999999591e+02 4.765299999999999727e+02 2.900000000000000000e+01
1.147099999999999909e+03 3.996600000000000250e+02 2.900000000000000000e+01
1.088799999999999955e+03 1.487000000000000000e+03 2.900000000000000000e+01
5.472699999999999818e+02 8.354199999999999591e+02 2.900000000000000000e+01
1.360000000000000000e+03 1.082799999999999955e+03 2.900000000000000000e+01
9.440399999999999636e+02 6.192599999999999909e+02 2.900000000000000000e+01
1.578300000000000125e+02 6.073200000000000500e+02 2.900000000000000000e+01
8.459099999999999682e+02 6.297400000000000091e+02 2.900000000000000000e+01
7.363500000000000512e+01 1.170200000000000045e+03 2.000000000000000000e+01
1.327500000000000000e+03 1.392500000000000000e+03 2.100000000000000000e+01
3.534900000000000091e+02 1.104500000000000000e+03 2.000000000000000000e+01
5.864600000000000364e+02 9.945700000000000500e+02 2.000000000000000000e+01
9.696900000000000546e+02 4.824700000000000273e+02 2.000000000000000000e+01
1.470799999999999955e+03 6.518899999999999864e+02 2.100000000000000000e+01
1.387200000000000045e+03 1.165700000000000045e+03 2.000000000000000000e+01
6.992700000000000671e+01 1.100400000000000091e+03 2.000000000000000000e+01
1.066400000000000091e+03 1.028500000000000000e+03 2.000000000000000000e+01
1.474799999999999955e+03 1.042900000000000091e+03 2.000000000000000000e+01
8.089600000000000364e+02 1.321099999999999909e+03 2.100000000000000000e+01
7.087200000000000273e+02 1.290099999999999909e+03 2.000000000000000000e+01
5.440199999999999818e+02 1.091099999999999909e+03 2.100000000000000000e+01
1.212000000000000000e+03 1.092400000000000091e+03 2.000000000000000000e+01
2.509900000000000091e+02 1.369799999999999955e+03 2.100000000000000000e+01
2.816999999999999886e+02 2.323600000000000136e+02 2.000000000000000000e+01
7.339600000000000364e+02 7.087000000000000455e+02 2.000000000000000000e+01
1.180900000000000091e+03 1.311700000000000045e+03 2.100000000000000000e+01
1.288200000000000045e+03 6.478700000000000045e+02 2.000000000000000000e+01
1.142200000000000045e+03 8.231499999999999773e+02 2.000000000000000000e+01
1.176099999999999909e+03 7.365199999999999818e+02 2.000000000000000000e+01
6.992600000000000193e+01 9.391900000000000546e+02 2.000000000000000000e+01
8.810000000000000000e+02 1.572400000000000091e+03 2.100000000000000000e+01
6.720099999999999909e+02 4.715199999999999818e+02 2.000000000000000000e+01
4.206700000000000159e+02 8.693099999999999454e+02 2.000000000000000000e+01
9.130199999999999818e+02 3.759900000000000091e+02 2.100000000000000000e+01
9.000700000000000500e+02 2.824200000000000159e+02 2.000000000000000000e+01
8.789900000000000091e+02 1.117500000000000000e+03 2.000000000000000000e+01
7.539600000000000364e+02 1.110000000000000000e+03 2.100000000000000000e+01
1.244200000000000017e+02 1.303000000000000000e+03 2.000000000000000000e+01
4.459700000000000273e+02 3.964300000000000068e+02 2.000000000000000000e+01
6.664700000000000273e+02 3.264300000000000068e+02 2.000000000000000000e+01
7.082599999999999341e+01 8.260900000000000318e+02 2.000000000000000000e+01
2.691100000000000136e+02 1.171799999999999955e+03 2.000000000000000000e+01
1.046099999999999909e+03 1.160900000000000091e+03 2.000000000000000000e+01
5.225900000000000318e+02 2.210000000000000000e+02 2.000000000000000000e+01
7.393099999999999454e+02 7.901000000000000227e+02 2.000000000000000000e+01
7.873700000000000045e+02 1.079500000000000000e+03 2.100000000000000000e+01
7.228300000000000125e+01 1.575500000000000000e+03 2.100000000000000000e+01
1.101099999999999994e+02 3.247300000000000182e+02 2.100000000000000000e+01
9.348099999999999454e+02 9.812300000000000182e+02 2.000000000000000000e+01
1.419000000000000000e+03 5.500199999999999818e+02 2.100000000000000000e+01
7.115900000000000603e+01 3.010199999999999818e+02 2.000000000000000000e+01
1.132000000000000000e+03 7.224400000000000546e+02 2.000000000000000000e+01
1.475200000000000045e+03 1.116400000000000091e+03 2.000000000000000000e+01
1.077199999999999989e+02 1.513099999999999909e+03 2.100000000000000000e+01
3.621899999999999977e+02 3.068600000000000136e+02 2.100000000000000000e+01
7.766599999999999682e+02 7.151900000000000546e+02 2.000000000000000000e+01
1.477099999999999909e+03 1.463900000000000091e+03 2.100000000000000000e+01
1.664199999999999875e+02 1.404200000000000045e+03 2.100000000000000000e+01
2.834599999999999795e+02 1.899799999999999898e+02 2.000000000000000000e+01
6.897599999999999909e+01 1.274000000000000000e+03 2.100000000000000000e+01
9.571499999999999773e+02 5.692999999999999545e+02 2.000000000000000000e+01
9.865399999999999636e+02 4.430500000000000114e+02 2.000000000000000000e+01
9.948400000000000318e+02 8.199700000000000273e+02 2.000000000000000000e+01
5.811000000000000227e+02 3.041999999999999886e+02 2.000000000000000000e+01
8.918399999999999750e+01 1.062400000000000091e+03 2.000000000000000000e+01
8.547699999999999818e+02 6.789299999999999500e+02 2.000000000000000000e+01
8.295700000000000500e+02 1.364700000000000045e+03 2.000000000000000000e+01
1.339500000000000000e+03 1.029500000000000000e+03 2.000000000000000000e+01
7.103700000000000614e+01 6.267500000000000000e+02 2.000000000000000000e+01
2.082100000000000080e+02 1.092400000000000091e+03 2.000000000000000000e+01
8.379500000000000455e+02 1.237400000000000091e+03 2.000000000000000000e+01
1.164699999999999989e+02 1.094400000000000091e+03 2.000000000000000000e+01
7.120099999999999341e+01 7.296000000000000227e+02 2.100000000000000000e+01
6.999199999999999591e+02 3.516899999999999977e+02 2.000000000000000000e+01
5.954299999999999500e+02 5.846200000000000045e+02 2.000000000000000000e+01
8.660299999999999727e+02 5.807500000000000000e+02 2.000000000000000000e+01
1.225299999999999955e+03 5.280199999999999818e+02 2.000000000000000000e+01
6.813700000000000045e+01 1.439299999999999955e+03 2.000000000000000000e+01
1.075299999999999955e+03 1.377700000000000045e+03 2.000000000000000000e+01
1.469500000000000000e+03 5.657799999999999727e+02 2.100000000000000000e+01
7.479700000000000273e+02 1.377400000000000091e+03 2.000000000000000000e+01
1.124500000000000000e+03 3.182699999999999818e+02 2.000000000000000000e+01
7.872599999999999909e+02 1.363000000000000000e+03 2.100000000000000000e+01
9.492799999999999727e+02 2.096999999999999886e+02 2.100000000000000000e+01
7.099899999999999523e+01 6.689900000000000091e+02 2.100000000000000000e+01
7.536799999999999500e+02 7.501499999999999773e+02 2.000000000000000000e+01
1.010199999999999960e+02 1.203599999999999909e+03 2.000000000000000000e+01
2.647300000000000182e+02 1.224799999999999955e+03 2.000000000000000000e+01
8.910599999999999454e+02 1.157900000000000091e+03 2.100000000000000000e+01
1.180400000000000091e+03 1.417599999999999909e+03 2.100000000000000000e+01
6.529900000000000091e+02 7.583099999999999454e+02 2.100000000000000000e+01
7.131699999999999591e+02 3.115400000000000205e+02 2.000000000000000000e+01
7.148600000000000421e+01 4.556200000000000045e+02 2.000000000000000000e+01
6.833600000000000136e+02 2.818999999999999773e+02 2.000000000000000000e+01
1.061700000000000045e+03 8.823899999999999864e+02 2.000000000000000000e+01
1.470700000000000045e+03 6.100599999999999454e+02 2.000000000000000000e+01
1.605500000000000114e+02 1.324500000000000000e+03 2.000000000000000000e+01
3.038399999999999750e+02 1.194900000000000091e+03 2.100000000000000000e+01
1.447299999999999898e+02 6.989299999999999500e+02 2.000000000000000000e+01
7.127899999999999636e+02 4.568299999999999841e+02 2.100000000000000000e+01
7.080100000000000193e+01 4.125600000000000023e+02 2.100000000000000000e+01
7.044899999999999807e+01 1.024500000000000000e+03 2.100000000000000000e+01
3.050799999999999841e+02 1.237900000000000091e+03 2.100000000000000000e+01
9.219600000000000364e+02 1.295799999999999955e+03 2.000000000000000000e+01
1.039799999999999955e+03 1.351200000000000045e+03 2.000000000000000000e+01
6.805700000000000216e+01 1.490700000000000045e+03 2.100000000000000000e+01
9.905099999999999909e+02 5.960000000000000000e+02 2.000000000000000000e+01
1.476700000000000045e+03 1.417099999999999909e+03 2.100000000000000000e+01
3.915400000000000205e+02 2.765099999999999909e+02 2.100000000000000000e+01
8.971499999999999773e+02 8.288999999999999773e+02 2.000000000000000000e+01
1.389400000000000091e+03 1.040900000000000091e+03 2.000000000000000000e+01
1.955399999999999920e+02 7.738500000000000227e+02 2.000000000000000000e+01
9.144900000000000091e+02 1.417500000000000000e+03 2.100000000000000000e+01
9.851299999999999955e+02 1.573299999999999955e+03 2.100000000000000000e+01
9.909900000000000091e+02 3.430199999999999818e+02 2.000000000000000000e+01
5.045199999999999818e+02 1.824600000000000080e+02 2.100000000000000000e+01
5.548200000000000500e+02 4.500899999999999750e+02 2.000000000000000000e+01
1.342500000000000000e+03 9.070099999999999909e+02 2.000000000000000000e+01
1.008700000000000045e+03 6.997999999999999545e+02 2.000000000000000000e+01
7.128600000000000136e+01 9.822899999999999636e+02 2.100000000000000000e+01
4.634100000000000250e+02 8.725099999999999909e+02 2.000000000000000000e+01
2.085399999999999920e+02 1.163000000000000000e+03 2.000000000000000000e+01
1.413799999999999955e+03 7.908400000000000318e+02 2.100000000000000000e+01
1.830200000000000102e+02 1.127400000000000091e+03 2.000000000000000000e+01
7.939199999999999591e+02 5.372300000000000182e+02 2.000000000000000000e+01
4.178399999999999750e+02 1.305099999999999909e+03 2.000000000000000000e+01
8.111599999999999682e+02 8.642999999999999545e+02 2.000000000000000000e+01
4.564599999999999795e+02 3.554499999999999886e+02 2.000000000000000000e+01
7.691200000000000045e+02 8.637300000000000182e+02 2.000000000000000000e+01
1.261299999999999955e+03 1.569799999999999955e+03 2.100000000000000000e+01
1.127900000000000091e+03 4.921000000000000227e+02 2.000000000000000000e+01
6.188400000000000318e+02 7.849700000000000273e+02 2.000000000000000000e+01
7.528600000000000136e+02 5.251100000000000136e+02 2.100000000000000000e+01
1.024000000000000000e+03 2.614700000000000273e+02 2.000000000000000000e+01
7.385499999999999545e+02 1.259599999999999909e+03 2.000000000000000000e+01
1.469700000000000045e+03 2.662099999999999795e+02 2.100000000000000000e+01
4.160199999999999818e+02 1.261000000000000000e+03 2.100000000000000000e+01
8.119900000000000091e+02 5.911399999999999864e+02 2.000000000000000000e+01
1.052299999999999955e+03 5.219199999999999591e+02 2.000000000000000000e+01
9.427100000000000364e+02 1.452900000000000091e+03 2.100000000000000000e+01
3.200199999999999818e+02 1.276500000000000000e+03 2.000000000000000000e+01
6.080199999999999818e+02 1.186299999999999955e+03 2.100000000000000000e+01
4.518299999999999841e+02 1.331099999999999909e+03 2.000000000000000000e+01
1.096299999999999955e+03 1.690099999999999909e+02 2.100000000000000000e+01
2.570000000000000000e+02 1.574000000000000000e+03 2.100000000000000000e+01
4.850400000000000205e+02 1.573900000000000091e+03 2.100000000000000000e+01
1.421599999999999909e+03 1.571000000000000000e+03 2.100000000000000000e+01
9.849800000000000182e+02 7.790900000000000318e+02 2.000000000000000000e+01
3.675799999999999841e+02 2.415800000000000125e+02 2.100000000000000000e+01
6.906499999999999773e+01 1.231599999999999909e+03 2.000000000000000000e+01
7.989099999999999682e+02 3.103799999999999955e+02 2.000000000000000000e+01
1.430799999999999955e+03 6.316900000000000546e+02 2.000000000000000000e+01
8.682200000000000273e+02 4.809100000000000250e+02 2.000000000000000000e+01
1.473799999999999955e+03 1.000899999999999977e+03 2.000000000000000000e+01
1.299900000000000091e+03 9.089900000000000091e+02 2.000000000000000000e+01
1.608100000000000023e+02 1.280900000000000091e+03 2.000000000000000000e+01
9.704999999999999716e+01 1.133099999999999909e+03 2.100000000000000000e+01
7.223099999999999454e+01 8.687999999999999545e+02 2.100000000000000000e+01
1.417599999999999909e+03 1.196099999999999909e+03 2.100000000000000000e+01
9.638300000000000409e+02 8.530099999999999909e+02 2.000000000000000000e+01
4.055699999999999932e+02 1.219799999999999955e+03 2.000000000000000000e+01
7.004800000000000182e+02 1.151599999999999909e+03 2.000000000000000000e+01
1.070500000000000000e+03 7.805299999999999727e+02 2.000000000000000000e+01
4.194300000000000068e+02 1.515700000000000045e+03 2.100000000000000000e+01
4.953899999999999864e+02 8.439900000000000091e+02 2.000000000000000000e+01
1.470299999999999955e+03 3.679200000000000159e+02 2.000000000000000000e+01
1.619900000000000091e+02 1.090900000000000091e+03 2.100000000000000000e+01
9.378099999999999454e+02 5.320599999999999454e+02 2.000000000000000000e+01
1.099799999999999955e+03 6.508799999999999955e+02 2.000000000000000000e+01
1.320600000000000023e+02 2.261699999999999875e+02 2.000000000000000000e+01
9.810599999999999454e+02 1.263199999999999932e+02 2.000000000000000000e+01
1.470799999999999955e+03 6.940399999999999636e+02 2.000000000000000000e+01
3.876299999999999955e+02 8.416799999999999500e+02 2.000000000000000000e+01
9.150199999999999818e+02 5.770099999999999909e+02 2.000000000000000000e+01
1.102900000000000091e+03 8.065000000000000000e+02 1.900000000000000000e+01
7.843799999999999955e+02 1.201099999999999909e+03 2.000000000000000000e+01
6.365000000000000000e+02 6.932400000000000091e+02 2.100000000000000000e+01
5.648700000000000045e+02 3.491200000000000045e+02 2.000000000000000000e+01
4.399700000000000273e+02 1.421099999999999909e+03 2.100000000000000000e+01
1.129300000000000068e+02 8.278500000000000227e+02 2.000000000000000000e+01
1.336700000000000045e+03 1.490799999999999955e+03 2.000000000000000000e+01
2.109600000000000080e+02 5.952899999999999636e+02 2.000000000000000000e+01
1.355900000000000091e+03 2.206200000000000045e+02 2.000000000000000000e+01
1.570800000000000125e+02 3.021299999999999955e+02 2.000000000000000000e+01
1.082099999999999909e+03 1.250000000000000000e+02 2.100000000000000000e+01
8.305000000000000000e+02 3.394499999999999886e+02 2.100000000000000000e+01
1.565399999999999920e+02 4.021399999999999864e+02 2.000000000000000000e+01
1.101000000000000000e+03 3.535199999999999818e+02 2.000000000000000000e+01
7.070000000000000000e+02 4.994599999999999795e+02 2.000000000000000000e+01
1.206799999999999955e+03 4.907699999999999818e+02 2.000000000000000000e+01
1.441100000000000136e+02 1.203099999999999909e+03 2.000000000000000000e+01
1.393500000000000000e+03 1.121299999999999955e+03 2.100000000000000000e+01
9.806599999999999682e+02 1.223000000000000000e+03 2.100000000000000000e+01
1.377000000000000000e+03 1.401700000000000045e+03 2.100000000000000000e+01
7.453099999999999454e+02 1.218099999999999909e+03 2.000000000000000000e+01
7.100900000000000034e+01 5.404299999999999500e+02 2.000000000000000000e+01
1.320099999999999909e+03 9.463300000000000409e+02 2.000000000000000000e+01
8.575499999999999545e+02 1.425500000000000000e+03 2.100000000000000000e+01
9.887000000000000455e+02 7.369500000000000455e+02 2.000000000000000000e+01
1.082599999999999909e+03 3.150400000000000205e+02 2.000000000000000000e+01
1.388799999999999955e+03 6.397699999999999818e+02 2.000000000000000000e+01
5.935199999999999818e+02 4.354599999999999795e+02 2.000000000000000000e+01
1.026000000000000000e+03 7.891299999999999955e+02 2.000000000000000000e+01
1.096500000000000000e+03 9.845700000000000500e+02 2.000000000000000000e+01
1.291000000000000000e+03 6.052899999999999636e+02 2.000000000000000000e+01
1.333000000000000000e+03 9.872500000000000000e+02 2.000000000000000000e+01
4.981600000000000250e+02 7.433799999999999955e+02 2.000000000000000000e+01
1.470000000000000000e+03 4.320400000000000205e+02 2.100000000000000000e+01
1.315000000000000000e+03 1.114500000000000000e+03 2.000000000000000000e+01
8.026100000000000136e+02 1.161400000000000091e+03 2.000000000000000000e+01
9.402999999999999545e+02 2.651600000000000250e+02 2.000000000000000000e+01
1.187000000000000028e+02 8.700800000000000409e+02 2.000000000000000000e+01
1.363500000000000000e+03 1.225299999999999955e+03 2.100000000000000000e+01
6.984700000000000273e+02 1.027500000000000000e+03 2.000000000000000000e+01
4.718100000000000023e+02 4.768299999999999841e+02 2.000000000000000000e+01
1.469500000000000000e+03 4.820899999999999750e+02 2.100000000000000000e+01
1.479200000000000045e+03 1.570799999999999955e+03 2.100000000000000000e+01
8.249500000000000455e+01 1.314000000000000000e+03 2.100000000000000000e+01
4.458899999999999864e+02 1.481500000000000000e+03 2.100000000000000000e+01
6.945000000000000000e+02 9.694800000000000182e+02 2.000000000000000000e+01
1.374900000000000091e+02 9.075199999999999818e+02 2.000000000000000000e+01
1.184800000000000040e+02 7.380299999999999727e+02 2.000000000000000000e+01
6.889700000000000557e+01 1.354200000000000045e+03 2.000000000000000000e+01
1.285599999999999909e+03 2.655400000000000205e+02 2.000000000000000000e+01
1.193700000000000045e+03 1.051400000000000091e+03 2.000000000000000000e+01
1.122099999999999909e+03 1.234599999999999909e+03 2.000000000000000000e+01
8.410000000000000000e+02 5.129900000000000091e+02 2.100000000000000000e+01
1.095700000000000045e+03 3.953799999999999955e+02 2.000000000000000000e+01
5.431000000000000227e+02 1.455200000000000045e+03 2.000000000000000000e+01
3.964700000000000273e+02 6.784900000000000091e+02 2.000000000000000000e+01
1.185200000000000045e+03 5.449900000000000091e+02 2.000000000000000000e+01
2.140500000000000114e+02 1.574000000000000000e+03 2.100000000000000000e+01
1.726299999999999955e+02 5.027699999999999818e+02 2.000000000000000000e+01
1.208299999999999955e+03 7.094099999999999682e+02 2.000000000000000000e+01
5.723500000000000227e+02 4.934100000000000250e+02 2.100000000000000000e+01
2.718399999999999750e+02 2.912500000000000000e+02 2.000000000000000000e+01
1.168500000000000000e+03 6.945000000000000000e+02 2.000000000000000000e+01
1.661200000000000045e+02 1.238799999999999955e+03 2.100000000000000000e+01
4.439800000000000182e+02 1.378200000000000045e+03 2.100000000000000000e+01
6.838100000000000023e+01 1.396500000000000000e+03 2.100000000000000000e+01
9.870599999999999454e+02 2.834300000000000068e+02 2.000000000000000000e+01
7.107400000000000091e+02 1.192900000000000091e+03 2.000000000000000000e+01
2.515500000000000114e+02 1.326500000000000000e+03 2.100000000000000000e+01
6.148200000000000500e+02 1.034099999999999909e+03 2.000000000000000000e+01
1.880500000000000114e+02 1.201500000000000000e+03 2.000000000000000000e+01
1.310299999999999955e+03 2.098899999999999864e+02 2.000000000000000000e+01
1.079699999999999989e+02 1.004500000000000000e+03 2.000000000000000000e+01
1.477000000000000000e+03 1.506799999999999955e+03 2.100000000000000000e+01
8.923700000000000045e+02 9.852599999999999909e+02 2.000000000000000000e+01
1.227500000000000000e+03 1.388200000000000045e+03 2.000000000000000000e+01
5.936799999999999500e+02 6.853600000000000136e+02 2.000000000000000000e+01
2.333600000000000136e+02 1.195799999999999955e+03 2.000000000000000000e+01
1.468900000000000091e+03 2.223499999999999943e+02 2.100000000000000000e+01
1.475000000000000000e+03 1.200200000000000045e+03 2.000000000000000000e+01
1.432299999999999955e+03 1.043900000000000091e+03 2.000000000000000000e+01
7.569500000000000455e+02 9.035599999999999454e+02 2.000000000000000000e+01
1.217700000000000045e+03 1.572200000000000045e+03 2.000000000000000000e+01
1.369099999999999909e+03 3.193799999999999955e+02 2.000000000000000000e+01
1.218099999999999909e+03 1.529700000000000045e+03 2.100000000000000000e+01
1.347500000000000000e+02 7.922000000000000455e+02 2.000000000000000000e+01
1.347099999999999909e+03 8.416499999999999773e+02 2.000000000000000000e+01
1.097099999999999909e+03 7.481100000000000136e+02 2.000000000000000000e+01
1.173000000000000000e+03 9.181499999999999773e+02 2.000000000000000000e+01
4.069700000000000273e+02 3.800699999999999932e+02 2.100000000000000000e+01
1.471500000000000000e+03 8.538099999999999454e+02 2.000000000000000000e+01
4.294900000000000091e+02 2.569800000000000182e+02 2.100000000000000000e+01
7.234499999999999886e+01 1.968700000000000045e+02 2.000000000000000000e+01
1.476000000000000000e+03 1.301700000000000045e+03 2.100000000000000000e+01
8.329600000000000364e+02 5.541499999999999773e+02 2.000000000000000000e+01
1.467299999999999955e+03 1.158500000000000000e+03 2.100000000000000000e+01
1.040500000000000000e+03 6.725499999999999545e+02 2.000000000000000000e+01
1.426599999999999909e+03 8.385199999999999818e+02 2.100000000000000000e+01
8.923099999999999454e+02 1.028400000000000091e+03 2.000000000000000000e+01
1.132799999999999955e+03 9.053999999999999773e+02 2.000000000000000000e+01
2.231399999999999864e+02 1.532000000000000000e+03 2.100000000000000000e+01
1.297200000000000045e+03 1.423799999999999955e+03 2.000000000000000000e+01
1.133900000000000006e+02 1.871999999999999886e+02 1.900000000000000000e+01
3.056000000000000227e+02 1.573000000000000000e+03 2.000000000000000000e+01
6.861599999999999682e+02 1.573500000000000000e+03 2.000000000000000000e+01
1.226299999999999955e+02 1.166900000000000091e+03 2.000000000000000000e+01
9.102400000000000091e+02 1.819499999999999886e+02 1.900000000000000000e+01
1.652599999999999909e+02 1.165900000000000091e+03 2.000000000000000000e+01
6.194400000000000546e+02 1.390400000000000091e+03 2.000000000000000000e+01
1.070400000000000063e+02 6.044900000000000091e+02 2.000000000000000000e+01
1.243599999999999909e+03 8.041299999999999955e+02 2.000000000000000000e+01
1.350900000000000091e+03 1.530900000000000091e+03 2.100000000000000000e+01
1.371500000000000000e+03 1.003000000000000000e+03 2.000000000000000000e+01
9.686000000000000227e+02 1.129700000000000045e+03 2.100000000000000000e+01
8.150700000000000500e+02 1.046900000000000091e+03 2.100000000000000000e+01
4.120500000000000114e+02 1.347500000000000000e+03 2.100000000000000000e+01
7.077300000000000182e+02 1.392000000000000000e+03 2.000000000000000000e+01
1.721899999999999977e+02 1.574299999999999955e+03 2.100000000000000000e+01
9.394600000000000364e+02 1.567900000000000091e+03 2.100000000000000000e+01
1.054400000000000091e+03 1.118599999999999909e+03 2.000000000000000000e+01
1.434700000000000045e+03 1.130500000000000000e+03 2.100000000000000000e+01
6.447899999999999636e+02 1.302400000000000091e+02 2.000000000000000000e+01
1.384200000000000045e+03 9.031499999999999773e+02 2.000000000000000000e+01
7.822100000000000364e+02 1.548099999999999909e+03 2.100000000000000000e+01
1.302000000000000000e+03 1.513099999999999909e+03 2.100000000000000000e+01
1.331799999999999955e+03 1.218400000000000034e+02 2.100000000000000000e+01
8.265000000000000000e+02 1.196500000000000000e+03 2.100000000000000000e+01
2.648299999999999841e+02 8.886699999999999591e+02 2.000000000000000000e+01
1.055500000000000000e+03 1.783199999999999932e+02 2.000000000000000000e+01
1.392700000000000045e+03 1.456599999999999909e+03 2.100000000000000000e+01
1.194400000000000091e+03 9.549900000000000091e+02 2.000000000000000000e+01
9.646299999999999955e+02 1.492000000000000000e+03 2.100000000000000000e+01
7.789700000000000273e+02 1.285999999999999943e+02 2.000000000000000000e+01
1.299400000000000091e+03 1.466200000000000045e+03 2.100000000000000000e+01
1.042200000000000045e+03 1.466900000000000091e+03 2.100000000000000000e+01
9.529900000000000659e+01 9.046200000000000045e+02 2.000000000000000000e+01
1.379700000000000045e+03 1.497000000000000000e+03 2.100000000000000000e+01
1.433200000000000045e+03 5.892599999999999909e+02 2.000000000000000000e+01
1.245799999999999955e+03 4.738199999999999932e+02 2.000000000000000000e+01
1.264299999999999955e+03 5.107200000000000273e+02 2.000000000000000000e+01
1.012200000000000045e+03 1.124599999999999909e+03 2.000000000000000000e+01
9.927799999999999727e+02 1.677599999999999909e+02 2.000000000000000000e+01
1.083000000000000000e+03 5.583099999999999454e+02 2.000000000000000000e+01
1.266099999999999909e+03 8.850000000000000000e+02 2.000000000000000000e+01
8.367000000000000455e+02 7.766499999999999773e+02 2.000000000000000000e+01
4.800099999999999909e+02 5.179299999999999500e+02 1.900000000000000000e+01
4.550000000000000000e+02 4.375099999999999909e+02 2.000000000000000000e+01
5.210399999999999636e+02 8.793200000000000500e+02 2.000000000000000000e+01
1.065900000000000091e+03 2.762400000000000091e+02 2.000000000000000000e+01
1.393500000000000000e+03 4.174800000000000182e+02 2.100000000000000000e+01
7.112500000000000000e+01 3.435099999999999909e+02 2.000000000000000000e+01
1.425500000000000000e+03 8.859199999999999591e+02 2.100000000000000000e+01
7.078300000000000125e+01 4.977699999999999818e+02 2.000000000000000000e+01
1.418700000000000045e+03 9.293099999999999454e+02 2.100000000000000000e+01
1.290599999999999909e+03 1.149099999999999909e+03 2.000000000000000000e+01
1.364200000000000045e+03 1.571299999999999955e+03 2.100000000000000000e+01
3.288500000000000227e+02 1.537599999999999909e+03 2.100000000000000000e+01
7.818099999999999454e+02 1.022799999999999955e+03 2.000000000000000000e+01
1.318299999999999955e+03 8.717100000000000364e+02 2.000000000000000000e+01
1.134400000000000091e+03 1.343000000000000000e+03 2.000000000000000000e+01
9.503600000000000136e+02 1.666899999999999977e+02 2.000000000000000000e+01
6.299900000000000091e+02 1.507500000000000000e+03 2.100000000000000000e+01
7.000599999999999454e+02 1.432900000000000091e+03 2.100000000000000000e+01
7.459900000000000091e+02 4.826100000000000136e+02 2.000000000000000000e+01
1.321500000000000000e+03 1.230700000000000045e+03 2.000000000000000000e+01
6.230000000000000000e+02 1.433200000000000045e+03 2.000000000000000000e+01
1.462200000000000045e+03 5.242999999999999545e+02 2.100000000000000000e+01
1.420799999999999955e+03 2.854200000000000159e+02 2.100000000000000000e+01
3.397500000000000000e+02 9.349800000000000182e+02 2.000000000000000000e+01
5.854800000000000182e+02 1.365500000000000000e+03 2.000000000000000000e+01
1.061000000000000000e+03 1.531099999999999909e+03 2.100000000000000000e+01
7.935700000000000500e+02 7.645099999999999909e+02 2.000000000000000000e+01
5.399900000000000091e+02 1.378400000000000091e+03 2.000000000000000000e+01
6.373799999999999955e+02 4.289700000000000273e+02 2.000000000000000000e+01
1.142700000000000045e+03 6.400900000000000318e+02 2.000000000000000000e+01
1.453900000000000091e+03 1.080700000000000045e+03 2.000000000000000000e+01
1.218000000000000000e+03 5.717899999999999636e+02 2.000000000000000000e+01
8.941799999999999500e+02 6.131699999999999591e+02 2.000000000000000000e+01
4.809800000000000182e+02 1.411500000000000000e+03 2.000000000000000000e+01
1.094200000000000045e+03 5.172100000000000364e+02 2.000000000000000000e+01
1.410099999999999909e+02 1.128500000000000000e+03 2.000000000000000000e+01
9.701399999999999864e+02 1.534000000000000000e+03 2.100000000000000000e+01
1.067900000000000091e+03 1.573299999999999955e+03 2.100000000000000000e+01
1.010399999999999977e+03 1.253500000000000000e+03 2.100000000000000000e+01
1.178700000000000045e+03 1.514400000000000091e+03 2.100000000000000000e+01
8.300700000000000500e+02 1.282599999999999909e+03 2.100000000000000000e+01
6.612300000000000182e+02 1.415000000000000000e+03 2.000000000000000000e+01
1.072299999999999955e+03 4.810699999999999932e+02 2.000000000000000000e+01
1.167799999999999955e+03 5.064200000000000159e+02 2.000000000000000000e+01
9.381299999999999955e+02 1.265300000000000011e+02 2.000000000000000000e+01
1.438200000000000045e+03 1.319500000000000000e+03 2.000000000000000000e+01
5.225800000000000409e+02 1.417200000000000045e+03 2.100000000000000000e+01
6.698300000000000409e+02 1.372900000000000091e+03 2.000000000000000000e+01
4.881800000000000068e+02 9.068099999999999454e+02 2.000000000000000000e+01
1.353200000000000045e+03 1.133000000000000000e+03 2.000000000000000000e+01
6.905299999999999727e+01 1.533000000000000000e+03 2.100000000000000000e+01
5.608899999999999864e+02 1.185700000000000045e+03 2.000000000000000000e+01
1.324900000000000091e+03 2.492500000000000000e+02 2.000000000000000000e+01
1.637599999999999909e+02 4.607400000000000091e+02 2.000000000000000000e+01
1.557599999999999909e+02 7.556799999999999500e+02 2.100000000000000000e+01
1.026200000000000045e+03 1.563900000000000091e+03 2.100000000000000000e+01
7.517599999999999909e+02 9.462400000000000091e+02 2.000000000000000000e+01
1.372299999999999955e+03 7.786399999999999864e+02 2.000000000000000000e+01
1.410500000000000000e+03 3.270500000000000114e+02 2.000000000000000000e+01
7.450100000000000477e+01 2.390300000000000011e+02 2.100000000000000000e+01
1.411000000000000000e+03 1.081500000000000000e+03 2.000000000000000000e+01
1.138200000000000045e+03 1.502299999999999955e+03 2.100000000000000000e+01
4.030299999999999727e+02 6.367699999999999818e+02 2.000000000000000000e+01
1.024599999999999937e+02 1.465400000000000091e+03 2.100000000000000000e+01
8.524099999999999682e+02 2.391100000000000136e+02 2.000000000000000000e+01
1.228200000000000045e+03 1.811100000000000136e+02 2.000000000000000000e+01
1.392500000000000000e+03 1.539500000000000000e+03 2.100000000000000000e+01
9.548500000000000227e+02 3.658999999999999773e+02 1.900000000000000000e+01
5.025500000000000114e+02 1.311700000000000045e+03 1.900000000000000000e+01
4.504700000000000273e+02 7.143999999999999773e+02 2.000000000000000000e+01
1.469200000000000045e+03 1.712299999999999898e+02 2.100000000000000000e+01
1.914399999999999977e+02 4.279599999999999795e+02 2.000000000000000000e+01
6.803700000000000045e+02 4.305000000000000000e+02 2.000000000000000000e+01
1.129799999999999955e+03 6.798899999999999864e+02 2.000000000000000000e+01
4.336299999999999955e+02 9.720499999999999545e+02 2.000000000000000000e+01
1.435400000000000091e+03 4.066399999999999864e+02 2.100000000000000000e+01
1.434099999999999909e+03 1.467900000000000091e+03 2.100000000000000000e+01
1.433500000000000000e+03 1.999300000000000068e+02 2.000000000000000000e+01
6.084400000000000546e+02 3.949700000000000273e+02 2.000000000000000000e+01
1.427900000000000091e+03 3.652599999999999909e+02 2.100000000000000000e+01
1.390000000000000000e+03 8.615399999999999636e+02 2.000000000000000000e+01
9.764600000000000364e+02 2.437400000000000091e+02 2.000000000000000000e+01
1.428900000000000091e+03 1.575300000000000011e+02 2.100000000000000000e+01
1.384000000000000000e+03 8.196799999999999500e+02 2.000000000000000000e+01
1.685099999999999909e+02 8.771900000000000546e+02 2.000000000000000000e+01
1.187299999999999955e+03 1.233700000000000045e+02 2.000000000000000000e+01
1.401299999999999955e+02 1.483900000000000091e+03 2.000000000000000000e+01
1.274099999999999909e+03 1.722500000000000000e+02 2.100000000000000000e+01
1.449500000000000000e+03 1.539900000000000091e+03 2.100000000000000000e+01
7.145900000000000318e+01 5.814199999999999591e+02 2.000000000000000000e+01
8.483300000000000409e+02 1.160400000000000091e+03 2.000000000000000000e+01
1.421700000000000045e+03 1.507799999999999955e+03 2.100000000000000000e+01
1.212400000000000091e+03 3.199300000000000068e+02 1.900000000000000000e+01
9.264900000000000091e+02 1.135500000000000000e+03 2.100000000000000000e+01
1.468900000000000091e+03 8.966100000000000136e+02 2.100000000000000000e+01
1.433599999999999909e+03 2.449799999999999898e+02 2.000000000000000000e+01
1.010199999999999960e+02 6.992799999999999727e+02 2.000000000000000000e+01
1.393500000000000000e+03 1.804900000000000091e+02 2.100000000000000000e+01
1.398000000000000000e+03 2.226399999999999864e+02 2.000000000000000000e+01
1.422900000000000091e+03 5.081800000000000068e+02 1.900000000000000000e+01
1.450799999999999955e+03 1.207800000000000011e+02 2.100000000000000000e+01
1.290299999999999955e+03 1.324199999999999875e+02 2.100000000000000000e+01
