1.230199999999999960e+02 1.563500000000000000e+03 3.000000000000000000e+01
1.199900000000000091e+03 1.203900000000000091e+03 2.900000000000000000e+01
4.930000000000000000e+02 1.119900000000000091e+03 2.900000000000000000e+01
1.971999999999999886e+02 1.367799999999999955e+03 2.900000000000000000e+01
7.371699999999999591e+02 1.557200000000000045e+03 3.000000000000000000e+01
2.785000000000000000e+02 1.438500000000000000e+03 3.000000000000000000e+01
7.896499999999999773e+02 1.317400000000000091e+03 2.900000000000000000e+01
5.922999999999999545e+02 8.120099999999999909e+02 2.900000000000000000e+01
8.181599999999999682e+02 1.265099999999999909e+03 2.900000000000000000e+01
1.921599999999999966e+02 6.897400000000000091e+02 2.900000000000000000e+01
1.119000000000000000e+03 1.338099999999999909e+03 2.900000000000000000e+01
8.898899999999999864e+02 1.335000000000000000e+03 2.900000000000000000e+01
4.010000000000000000e+02 1.127500000000000000e+03 2.900000000000000000e+01
3.524399999999999977e+02 1.235799999999999955e+03 2.900000000000000000e+01
1.023500000000000000e+03 1.357500000000000000e+03 3.000000000000000000e+01
7.665299999999999727e+02 1.438500000000000000e+03 3.000000000000000000e+01
8.319099999999999682e+02 1.471599999999999909e+03 2.900000000000000000e+01
2.665699999999999932e+02 1.284599999999999909e+03 2.900000000000000000e+01
1.115000000000000000e+03 1.279000000000000000e+03 3.000000000000000000e+01
4.585299999999999727e+02 1.227500000000000000e+03 2.900000000000000000e+01
3.628299999999999841e+02 8.481699999999999591e+02 2.900000000000000000e+01
1.509500000000000000e+03 8.150099999999999909e+02 2.900000000000000000e+01
9.479700000000000273e+02 1.359400000000000091e+03 2.900000000000000000e+01
8.159800000000000182e+02 4.220099999999999909e+02 2.900000000000000000e+01
1.194000000000000000e+03 1.097500000000000000e+03 2.900000000000000000e+01
6.024400000000000546e+02 1.852500000000000000e+02 2.900000000000000000e+01
6.480700000000000500e+02 1.349299999999999955e+03 2.900000000000000000e+01
9.129700000000000273e+02 1.219799999999999955e+03 2.900000000000000000e+01
3.757900000000000205e+02 1.565599999999999909e+03 3.000000000000000000e+01
4.580600000000000023e+02 1.168400000000000091e+03 2.900000000000000000e+01
1.967100000000000080e+02 9.493200000000000500e+02 2.900000000000000000e+01
6.691799999999999500e+02 6.093200000000000500e+02 2.900000000000000000e+01
1.262799999999999955e+03 1.237400000000000091e+03 2.900000000000000000e+01
1.135900000000000091e+03 1.209599999999999909e+03 2.900000000000000000e+01
6.516399999999999864e+02 1.245700000000000045e+03 2.900000000000000000e+01
8.475199999999999818e+02 7.444700000000000273e+02 2.900000000000000000e+01
1.814499999999999886e+02 1.457500000000000000e+03 3.000000000000000000e+01
1.455400000000000091e+03 1.368000000000000000e+03 2.900000000000000000e+01
4.963899999999999864e+02 1.462200000000000045e+03 2.900000000000000000e+01
3.007099999999999795e+02 4.228600000000000136e+02 2.900000000000000000e+01
1.194500000000000028e+02 1.358900000000000091e+03 2.900000000000000000e+01
3.000199999999999818e+02 1.109299999999999955e+03 2.900000000000000000e+01
3.826499999999999773e+02 1.184299999999999955e+03 2.900000000000000000e+01
1.414500000000000000e+03 9.760000000000000000e+02 3.000000000000000000e+01
4.192799999999999727e+02 3.641000000000000227e+02 2.900000000000000000e+01
5.634600000000000364e+02 1.326599999999999909e+03 2.900000000000000000e+01
1.273900000000000091e+03 1.178000000000000000e+03 2.900000000000000000e+01
4.798700000000000045e+02 1.524200000000000045e+03 3.000000000000000000e+01
1.392500000000000000e+03 1.354500000000000000e+03 2.900000000000000000e+01
9.764800000000000182e+02 1.049000000000000000e+03 2.900000000000000000e+01
8.745900000000000318e+02 1.022100000000000023e+03 2.900000000000000000e+01
2.750000000000000000e+02 1.526700000000000045e+03 3.000000000000000000e+01
8.162500000000000000e+02 2.740699999999999932e+02 2.900000000000000000e+01
3.594700000000000273e+02 1.009500000000000000e+03 2.900000000000000000e+01
9.870099999999999909e+02 1.404200000000000045e+03 3.000000000000000000e+01
6.020199999999999818e+02 9.164900000000000091e+02 2.900000000000000000e+01
7.350000000000000000e+02 1.117500000000000000e+03 2.900000000000000000e+01
5.607899999999999636e+02 3.026100000000000136e+02 2.900000000000000000e+01
8.857500000000000000e+02 9.003999999999999773e+02 2.900000000000000000e+01
1.000499999999999972e+02 7.991000000000000227e+02 2.900000000000000000e+01
1.318099999999999909e+03 1.276799999999999955e+03 2.900000000000000000e+01
5.304199999999999591e+02 1.074500000000000000e+03 2.900000000000000000e+01
1.288299999999999955e+03 1.509099999999999909e+03 3.000000000000000000e+01
2.510099999999999909e+02 1.074900000000000091e+03 2.900000000000000000e+01
3.053100000000000023e+02 8.637599999999999909e+02 2.900000000000000000e+01
9.784400000000000546e+02 1.199500000000000000e+03 2.900000000000000000e+01
7.742799999999999727e+02 1.072599999999999909e+03 3.000000000000000000e+01
5.359400000000000546e+02 1.506500000000000000e+03 2.900000000000000000e+01
1.107400000000000091e+03 1.439500000000000000e+03 2.900000000000000000e+01
5.924600000000000364e+02 1.244200000000000045e+03 2.900000000000000000e+01
4.350500000000000114e+02 1.566000000000000000e+03 3.000000000000000000e+01
7.893700000000000045e+02 4.731100000000000136e+02 2.900000000000000000e+01
1.066099999999999909e+03 1.312000000000000000e+03 2.900000000000000000e+01
1.237000000000000000e+03 1.479299999999999955e+03 2.900000000000000000e+01
1.039599999999999909e+03 8.922699999999999818e+02 2.900000000000000000e+01
5.558799999999999955e+02 1.019799999999999955e+03 2.900000000000000000e+01
8.368400000000000318e+02 1.567000000000000000e+03 3.000000000000000000e+01
7.252799999999999727e+02 1.482000000000000000e+03 2.900000000000000000e+01
1.162400000000000091e+03 2.544699999999999989e+02 2.900000000000000000e+01
5.354600000000000364e+02 1.160099999999999909e+03 2.900000000000000000e+01
1.056099999999999909e+03 1.410500000000000000e+03 2.900000000000000000e+01
1.467500000000000000e+03 1.002000000000000000e+03 2.900000000000000000e+01
5.385099999999999909e+02 1.271500000000000000e+03 2.900000000000000000e+01
1.209400000000000091e+03 1.029799999999999955e+03 2.900000000000000000e+01
1.010899999999999977e+03 9.868700000000000045e+02 2.900000000000000000e+01
1.299000000000000000e+03 3.695500000000000114e+02 2.900000000000000000e+01
1.508700000000000045e+03 7.559199999999999591e+02 2.900000000000000000e+01
5.980000000000000000e+02 1.158000000000000000e+03 2.900000000000000000e+01
8.797100000000000364e+02 9.625499999999999545e+02 2.900000000000000000e+01
7.454700000000000273e+02 8.527200000000000273e+02 2.900000000000000000e+01
1.743400000000000034e+02 3.005899999999999750e+02 2.900000000000000000e+01
3.409800000000000182e+02 1.066099999999999909e+03 2.900000000000000000e+01
1.374400000000000091e+03 4.495199999999999818e+02 2.900000000000000000e+01
9.391599999999999682e+02 9.534600000000000364e+02 2.900000000000000000e+01
5.656699999999999591e+02 5.751699999999999591e+02 2.900000000000000000e+01
4.730000000000000000e+02 1.285500000000000000e+03 2.900000000000000000e+01
3.114599999999999795e+02 4.939800000000000182e+02 2.900000000000000000e+01
7.442400000000000091e+02 2.710600000000000023e+02 2.900000000000000000e+01
6.838999999999999773e+02 6.818400000000000318e+02 3.000000000000000000e+01
7.780700000000000500e+02 3.194900000000000091e+02 2.900000000000000000e+01
1.006500000000000000e+03 1.300500000000000000e+03 2.900000000000000000e+01
1.036500000000000000e+03 1.042599999999999909e+03 2.900000000000000000e+01
7.338099999999999454e+02 9.437699999999999818e+02 2.900000000000000000e+01
1.746599999999999966e+02 1.524099999999999909e+03 3.000000000000000000e+01
1.349000000000000000e+03 1.564700000000000045e+03 2.900000000000000000e+01
1.296099999999999909e+03 2.602900000000000205e+02 2.900000000000000000e+01
6.874700000000000273e+02 8.465499999999999545e+02 2.900000000000000000e+01
7.225199999999999818e+02 7.651499999999999773e+02 2.900000000000000000e+01
1.158700000000000045e+03 1.406000000000000000e+03 2.900000000000000000e+01
8.500499999999999545e+02 4.765000000000000000e+02 2.900000000000000000e+01
8.937699999999999818e+02 1.083900000000000091e+03 2.900000000000000000e+01
3.052200000000000273e+02 1.330200000000000045e+03 2.900000000000000000e+01
1.168099999999999909e+03 1.305500000000000000e+03 2.900000000000000000e+01
3.279700000000000273e+02 1.162500000000000000e+03 2.900000000000000000e+01
9.311699999999999591e+02 6.890499999999999545e+02 2.900000000000000000e+01
1.113900000000000091e+03 7.297200000000000273e+02 2.900000000000000000e+01
1.130400000000000091e+03 1.107500000000000000e+03 2.900000000000000000e+01
6.798600000000000136e+02 9.655800000000000409e+02 2.900000000000000000e+01
1.514799999999999955e+03 1.259599999999999909e+03 2.900000000000000000e+01
1.918000000000000114e+02 8.448700000000000045e+02 2.900000000000000000e+01
9.054700000000000273e+02 1.468500000000000000e+03 3.000000000000000000e+01
3.976100000000000136e+02 2.433100000000000023e+02 2.900000000000000000e+01
1.027500000000000000e+03 4.254800000000000182e+02 2.900000000000000000e+01
6.774400000000000546e+02 1.025099999999999909e+03 2.900000000000000000e+01
5.356399999999999864e+02 3.563899999999999864e+02 2.900000000000000000e+01
1.022200000000000045e+03 5.638600000000000136e+02 2.900000000000000000e+01
1.142500000000000000e+03 3.110000000000000000e+02 2.900000000000000000e+01
1.332900000000000091e+03 1.031400000000000091e+03 2.900000000000000000e+01
9.944700000000000273e+02 9.290499999999999545e+02 2.900000000000000000e+01
1.201800000000000068e+02 9.629500000000000455e+02 2.900000000000000000e+01
9.839600000000000364e+02 7.165000000000000000e+02 2.900000000000000000e+01
2.521100000000000136e+02 8.347599999999999909e+02 2.900000000000000000e+01
4.899200000000000159e+02 2.912900000000000205e+02 2.900000000000000000e+01
3.640299999999999727e+02 1.348900000000000091e+03 2.900000000000000000e+01
5.760399999999999636e+02 2.382199999999999989e+02 2.900000000000000000e+01
7.804700000000000273e+02 1.176500000000000000e+03 3.000000000000000000e+01
7.410399999999999636e+02 1.352400000000000091e+03 2.900000000000000000e+01
1.506799999999999955e+03 3.517599999999999909e+02 2.900000000000000000e+01
1.231000000000000000e+03 6.834400000000000546e+02 2.900000000000000000e+01
1.434700000000000045e+03 1.311900000000000091e+03 2.900000000000000000e+01
1.511000000000000000e+03 9.604600000000000364e+02 2.900000000000000000e+01
2.363600000000000136e+02 1.481500000000000000e+03 3.000000000000000000e+01
1.029099999999999909e+03 6.763400000000000318e+02 2.900000000000000000e+01
4.170500000000000114e+02 1.880000000000000000e+02 3.000000000000000000e+01
7.821699999999999591e+02 1.501900000000000091e+03 3.000000000000000000e+01
1.157699999999999960e+02 1.419099999999999909e+03 2.900000000000000000e+01
1.081299999999999955e+03 1.229099999999999909e+03 2.900000000000000000e+01
1.203000000000000000e+03 4.950500000000000114e+02 2.900000000000000000e+01
1.323400000000000091e+03 1.336799999999999955e+03 2.900000000000000000e+01
8.565000000000000000e+02 1.130500000000000000e+03 2.900000000000000000e+01
1.254200000000000045e+03 7.902000000000000455e+02 2.900000000000000000e+01
1.175400000000000091e+03 9.817500000000000000e+02 2.900000000000000000e+01
2.919700000000000273e+02 1.031900000000000091e+03 2.900000000000000000e+01
1.288000000000000000e+03 1.448700000000000045e+03 2.900000000000000000e+01
8.706900000000000546e+02 1.517200000000000045e+03 3.000000000000000000e+01
1.376900000000000091e+03 1.201200000000000045e+03 2.900000000000000000e+01
6.809800000000000182e+02 1.143000000000000000e+03 2.900000000000000000e+01
4.434499999999999886e+02 1.086799999999999955e+03 2.900000000000000000e+01
9.298700000000000045e+02 1.523200000000000045e+03 3.000000000000000000e+01
2.359600000000000080e+02 1.007899999999999977e+03 2.900000000000000000e+01
5.879400000000000546e+02 1.535900000000000091e+03 3.000000000000000000e+01
3.128799999999999955e+02 6.861100000000000136e+02 2.900000000000000000e+01
1.027500000000000000e+03 1.516000000000000000e+03 2.900000000000000000e+01
1.339000000000000000e+03 7.328200000000000500e+02 2.900000000000000000e+01
6.676699999999999591e+02 9.074099999999999682e+02 2.900000000000000000e+01
2.060699999999999932e+02 3.532300000000000182e+02 2.900000000000000000e+01
5.177300000000000182e+02 6.619600000000000364e+02 2.900000000000000000e+01
8.045699999999999363e+01 1.925500000000000114e+02 3.000000000000000000e+01
3.349100000000000250e+02 9.149800000000000182e+02 2.900000000000000000e+01
9.450199999999999818e+02 8.952599999999999909e+02 2.900000000000000000e+01
1.866800000000000068e+02 5.898099999999999454e+02 2.900000000000000000e+01
1.311500000000000000e+03 1.394599999999999909e+03 2.900000000000000000e+01
6.873799999999999955e+02 1.084299999999999955e+03 3.000000000000000000e+01
6.834199999999999591e+02 1.301799999999999955e+03 2.900000000000000000e+01
2.354300000000000068e+02 3.024300000000000068e+02 2.900000000000000000e+01
5.585399999999999636e+02 9.595099999999999909e+02 2.900000000000000000e+01
4.150000000000000000e+02 1.034099999999999909e+03 2.900000000000000000e+01
1.306500000000000000e+03 1.128599999999999909e+03 2.900000000000000000e+01
6.207799999999999727e+02 1.296799999999999955e+03 2.900000000000000000e+01
1.951899999999999977e+02 1.052599999999999909e+03 2.900000000000000000e+01
1.466700000000000045e+03 7.069800000000000182e+02 2.900000000000000000e+01
3.152400000000000091e+02 3.644200000000000159e+02 2.900000000000000000e+01
1.134900000000000091e+03 8.891699999999999591e+02 2.900000000000000000e+01
2.166399999999999864e+02 4.242699999999999818e+02 2.900000000000000000e+01
5.174400000000000546e+02 1.216500000000000000e+03 2.900000000000000000e+01
7.739800000000000182e+02 3.792500000000000000e+02 2.900000000000000000e+01
1.304299999999999955e+03 6.002599999999999909e+02 2.900000000000000000e+01
4.980000000000000000e+02 1.364400000000000091e+03 2.900000000000000000e+01
1.308200000000000045e+03 4.358999999999999773e+02 2.900000000000000000e+01
8.216000000000000227e+02 5.294600000000000364e+02 2.900000000000000000e+01
7.247999999999999545e+02 6.378200000000000500e+02 2.900000000000000000e+01
3.765799999999999841e+02 1.290400000000000091e+03 2.900000000000000000e+01
7.191399999999999864e+02 1.254099999999999909e+03 2.900000000000000000e+01
3.140000000000000000e+02 7.457400000000000091e+02 2.900000000000000000e+01
1.289000000000000000e+03 1.072000000000000000e+03 2.900000000000000000e+01
2.078799999999999955e+02 1.905699999999999932e+02 2.900000000000000000e+01
1.202500000000000000e+03 3.824399999999999977e+02 2.900000000000000000e+01
1.012399999999999977e+03 1.096000000000000000e+03 2.900000000000000000e+01
9.089500000000000455e+02 3.741299999999999955e+02 2.900000000000000000e+01
7.394400000000000546e+02 1.833000000000000114e+02 2.900000000000000000e+01
1.081099999999999909e+03 1.004399999999999977e+03 2.900000000000000000e+01
2.352899999999999920e+02 8.924299999999999500e+02 2.900000000000000000e+01
2.598199999999999932e+02 6.582400000000000091e+02 2.900000000000000000e+01
8.385000000000000000e+02 1.835000000000000000e+02 2.900000000000000000e+01
3.672900000000000205e+02 3.945500000000000114e+02 2.900000000000000000e+01
1.472599999999999909e+03 1.424500000000000000e+03 2.900000000000000000e+01
1.020100000000000023e+03 1.458299999999999955e+03 2.900000000000000000e+01
1.222099999999999909e+03 8.400700000000000500e+02 2.900000000000000000e+01
3.514100000000000250e+02 1.434799999999999955e+03 2.900000000000000000e+01
1.352000000000000000e+03 3.958000000000000114e+02 2.900000000000000000e+01
8.059600000000000364e+02 8.317500000000000000e+02 2.900000000000000000e+01
5.693400000000000318e+02 7.574900000000000091e+02 2.900000000000000000e+01
2.460699999999999932e+02 1.135299999999999955e+03 2.900000000000000000e+01
4.106800000000000068e+02 4.669900000000000091e+02 2.900000000000000000e+01
8.676799999999999500e+02 8.433500000000000227e+02 2.900000000000000000e+01
4.819599999999999795e+02 1.041000000000000000e+03 2.900000000000000000e+01
1.171299999999999955e+03 5.817400000000000091e+02 2.900000000000000000e+01
8.989199999999999591e+02 1.807400000000000091e+02 2.900000000000000000e+01
8.762899999999999636e+02 4.239599999999999795e+02 2.900000000000000000e+01
8.244900000000000091e+02 9.900299999999999727e+02 2.900000000000000000e+01
1.223299999999999955e+03 1.148500000000000000e+03 2.900000000000000000e+01
8.296200000000000045e+02 9.301499999999999773e+02 2.900000000000000000e+01
1.067000000000000000e+03 7.667100000000000364e+02 2.900000000000000000e+01
8.976000000000000227e+02 1.393099999999999909e+03 2.900000000000000000e+01
5.692699999999999818e+02 6.349900000000000091e+02 2.900000000000000000e+01
6.811799999999999500e+02 4.177699999999999818e+02 2.900000000000000000e+01
1.445200000000000045e+03 7.612000000000000455e+02 2.900000000000000000e+01
4.224499999999999886e+02 7.604400000000000546e+02 2.900000000000000000e+01
1.399200000000000045e+03 5.039399999999999977e+02 2.900000000000000000e+01
9.063700000000000045e+02 7.433099999999999454e+02 2.900000000000000000e+01
5.950499999999999545e+02 1.477000000000000000e+03 2.900000000000000000e+01
6.428500000000000227e+02 2.275500000000000114e+02 2.900000000000000000e+01
1.516700000000000045e+03 1.371400000000000091e+03 2.900000000000000000e+01
1.071000000000000000e+03 1.090200000000000045e+03 2.900000000000000000e+01
2.623000000000000114e+02 5.990099999999999909e+02 2.900000000000000000e+01
9.675399999999999636e+02 8.302200000000000273e+02 2.900000000000000000e+01
1.154599999999999909e+03 1.051599999999999909e+03 2.900000000000000000e+01
1.150500000000000000e+03 1.825399999999999920e+02 3.000000000000000000e+01
1.417400000000000091e+03 4.089700000000000273e+02 2.900000000000000000e+01
6.290700000000000500e+02 8.638600000000000136e+02 2.900000000000000000e+01
6.193099999999999454e+02 9.724800000000000182e+02 2.900000000000000000e+01
8.213600000000000136e+02 1.414200000000000045e+03 2.900000000000000000e+01
1.234400000000000091e+03 2.699599999999999795e+02 2.900000000000000000e+01
5.194600000000000364e+02 7.246499999999999773e+02 2.900000000000000000e+01
9.662799999999999727e+02 3.550699999999999932e+02 2.900000000000000000e+01
8.649199999999999591e+02 3.342400000000000091e+02 2.900000000000000000e+01
7.705199999999999818e+02 6.771100000000000136e+02 2.900000000000000000e+01
5.369600000000000364e+02 1.566599999999999909e+03 3.000000000000000000e+01
1.124000000000000000e+03 1.557599999999999909e+03 2.900000000000000000e+01
1.144200000000000045e+03 6.324500000000000455e+02 2.900000000000000000e+01
5.899900000000000091e+02 1.068000000000000000e+03 2.900000000000000000e+01
6.392000000000000455e+02 1.566099999999999909e+03 2.900000000000000000e+01
9.096699999999999591e+02 1.279500000000000000e+03 2.900000000000000000e+01
1.083900000000000091e+03 4.618399999999999750e+02 2.900000000000000000e+01
9.540399999999999636e+02 5.126399999999999864e+02 2.900000000000000000e+01
1.222999999999999972e+02 5.948099999999999454e+02 2.900000000000000000e+01
1.313799999999999955e+03 7.873899999999999864e+02 2.900000000000000000e+01
1.116000000000000000e+03 9.552200000000000273e+02 2.900000000000000000e+01
4.479300000000000068e+02 5.787500000000000000e+02 2.900000000000000000e+01
3.982200000000000273e+02 1.397299999999999955e+03 2.900000000000000000e+01
3.141700000000000159e+02 8.056499999999999773e+02 2.900000000000000000e+01
1.202700000000000045e+03 6.312000000000000455e+02 2.900000000000000000e+01
3.270799999999999841e+02 1.895399999999999920e+02 2.900000000000000000e+01
4.310500000000000114e+02 5.225499999999999545e+02 2.900000000000000000e+01
3.281800000000000068e+02 6.289800000000000182e+02 2.900000000000000000e+01
3.695400000000000205e+02 5.096000000000000227e+02 2.900000000000000000e+01
1.370800000000000125e+02 1.053099999999999909e+03 2.900000000000000000e+01
1.362200000000000045e+03 3.368600000000000136e+02 2.900000000000000000e+01
1.163500000000000000e+03 1.465599999999999909e+03 2.900000000000000000e+01
4.086700000000000159e+02 9.759500000000000455e+02 2.900000000000000000e+01
3.120500000000000114e+02 1.389400000000000091e+03 3.000000000000000000e+01
7.030599999999999454e+02 2.284699999999999989e+02 2.900000000000000000e+01
7.338799999999999955e+02 5.798500000000000227e+02 2.900000000000000000e+01
3.715000000000000000e+02 7.880700000000000500e+02 2.900000000000000000e+01
1.191299999999999955e+02 4.753799999999999955e+02 2.900000000000000000e+01
7.465000000000000000e+02 4.314800000000000182e+02 2.900000000000000000e+01
9.179400000000000546e+02 4.663100000000000023e+02 2.900000000000000000e+01
1.056400000000000091e+03 5.145000000000000000e+02 2.900000000000000000e+01
1.173799999999999955e+03 8.049800000000000182e+02 2.900000000000000000e+01
8.281900000000000546e+02 6.870499999999999545e+02 2.900000000000000000e+01
3.115099999999999909e+02 9.755299999999999727e+02 2.900000000000000000e+01
4.045299999999999727e+02 6.209600000000000364e+02 2.900000000000000000e+01
9.650000000000000000e+02 1.257500000000000000e+03 2.900000000000000000e+01
1.422099999999999909e+03 6.200299999999999727e+02 2.900000000000000000e+01
1.256000000000000000e+03 4.094800000000000182e+02 2.900000000000000000e+01
4.570000000000000000e+02 2.424399999999999977e+02 2.900000000000000000e+01
4.756100000000000136e+02 3.498899999999999864e+02 2.900000000000000000e+01
6.258300000000000409e+02 6.702000000000000455e+02 2.900000000000000000e+01
6.317899999999999636e+02 7.672200000000000273e+02 2.900000000000000000e+01
1.037500000000000000e+03 1.189099999999999909e+03 2.900000000000000000e+01
3.724399999999999977e+02 1.505900000000000091e+03 2.900000000000000000e+01
1.052599999999999909e+03 3.501399999999999864e+02 2.900000000000000000e+01
7.827400000000000091e+02 2.250699999999999932e+02 2.900000000000000000e+01
9.098300000000000409e+02 8.017699999999999818e+02 2.900000000000000000e+01
6.848799999999999955e+02 1.524799999999999955e+03 2.900000000000000000e+01
2.370399999999999920e+02 2.428700000000000045e+02 2.900000000000000000e+01
9.610000000000000000e+02 7.704800000000000182e+02 2.900000000000000000e+01
1.360900000000000091e+03 8.229500000000000455e+02 2.900000000000000000e+01
3.714700000000000273e+02 6.704099999999999682e+02 2.900000000000000000e+01
5.274800000000000182e+02 8.245399999999999636e+02 2.900000000000000000e+01
4.058299999999999841e+02 1.457200000000000045e+03 2.900000000000000000e+01
1.094899999999999949e+02 4.173700000000000045e+02 2.900000000000000000e+01
9.508500000000000227e+02 1.101299999999999955e+03 2.900000000000000000e+01
1.262400000000000091e+03 1.295700000000000045e+03 2.900000000000000000e+01
6.762500000000000000e+02 2.813999999999999773e+02 2.900000000000000000e+01
4.688899999999999864e+02 8.541799999999999500e+02 2.900000000000000000e+01
1.774799999999999898e+02 2.405000000000000000e+02 3.000000000000000000e+01
9.173799999999999955e+02 5.604800000000000182e+02 2.900000000000000000e+01
1.212000000000000000e+03 1.381000000000000000e+03 2.900000000000000000e+01
1.086099999999999909e+03 8.552999999999999545e+02 2.900000000000000000e+01
5.126399999999999864e+02 6.052999999999999545e+02 2.900000000000000000e+01
1.082700000000000045e+03 4.030699999999999932e+02 2.900000000000000000e+01
1.465400000000000091e+03 4.894399999999999977e+02 2.900000000000000000e+01
1.318299999999999955e+03 8.642999999999999545e+02 2.900000000000000000e+01
3.294300000000000068e+02 5.690199999999999818e+02 2.900000000000000000e+01
6.447000000000000455e+02 3.325899999999999750e+02 2.900000000000000000e+01
1.349000000000000000e+03 5.470399999999999636e+02 2.900000000000000000e+01
2.618100000000000023e+02 7.764700000000000273e+02 2.900000000000000000e+01
1.262000000000000000e+03 9.442000000000000455e+02 2.900000000000000000e+01
1.407400000000000091e+03 7.139500000000000455e+02 2.900000000000000000e+01
1.312900000000000091e+03 9.746399999999999864e+02 2.900000000000000000e+01
1.408000000000000000e+03 5.625000000000000000e+02 2.900000000000000000e+01
1.101000000000000000e+03 2.676399999999999864e+02 2.900000000000000000e+01
1.413000000000000000e+03 3.085199999999999818e+02 2.900000000000000000e+01
6.292200000000000273e+02 3.896600000000000250e+02 2.900000000000000000e+01
2.159399999999999977e+02 1.251000000000000000e+03 2.900000000000000000e+01
1.182500000000000000e+03 1.565500000000000000e+03 3.000000000000000000e+01
1.164899999999999949e+02 1.258500000000000000e+03 2.900000000000000000e+01
1.380700000000000045e+03 6.619900000000000091e+02 2.900000000000000000e+01
6.250700000000000500e+02 5.707300000000000182e+02 2.900000000000000000e+01
1.319500000000000000e+03 1.218400000000000091e+03 2.900000000000000000e+01
1.384599999999999909e+03 7.690000000000000000e+02 2.900000000000000000e+01
4.771100000000000136e+02 1.867800000000000011e+02 2.900000000000000000e+01
1.066099999999999909e+03 6.020900000000000318e+02 2.900000000000000000e+01
3.176200000000000045e+02 1.483299999999999955e+03 2.900000000000000000e+01
1.211099999999999909e+03 1.262599999999999909e+03 2.900000000000000000e+01
1.330400000000000091e+03 4.914900000000000091e+02 2.900000000000000000e+01
3.234599999999999795e+02 3.058500000000000227e+02 2.900000000000000000e+01
1.056900000000000091e+03 9.495399999999999636e+02 2.900000000000000000e+01
1.257099999999999909e+03 1.761200000000000045e+02 3.000000000000000000e+01
1.439799999999999898e+02 1.914499999999999886e+02 2.900000000000000000e+01
5.341900000000000546e+02 5.255499999999999545e+02 2.900000000000000000e+01
2.228600000000000136e+02 5.139400000000000546e+02 2.900000000000000000e+01
5.421499999999999773e+02 1.868799999999999955e+02 2.900000000000000000e+01
5.712999999999999545e+02 6.937100000000000364e+02 2.900000000000000000e+01
3.712599999999999909e+02 7.294700000000000273e+02 2.900000000000000000e+01
3.938500000000000227e+02 9.159299999999999500e+02 2.900000000000000000e+01
6.334600000000000364e+02 1.110099999999999909e+03 2.900000000000000000e+01
5.149299999999999500e+02 4.124499999999999886e+02 2.900000000000000000e+01
7.813400000000000318e+02 6.170499999999999545e+02 2.900000000000000000e+01
6.658700000000000045e+02 1.469299999999999955e+03 2.900000000000000000e+01
5.105099999999999909e+02 4.714200000000000159e+02 2.900000000000000000e+01
1.208599999999999909e+03 2.175099999999999909e+02 2.900000000000000000e+01
4.205899999999999750e+02 8.204400000000000546e+02 2.900000000000000000e+01
1.269099999999999909e+03 1.015200000000000045e+03 2.900000000000000000e+01
1.089099999999999909e+03 6.589099999999999682e+02 2.900000000000000000e+01
1.454500000000000000e+03 1.256400000000000091e+03 2.900000000000000000e+01
2.094699999999999989e+02 7.474800000000000182e+02 2.900000000000000000e+01
2.550099999999999909e+02 9.532200000000000273e+02 2.900000000000000000e+01
8.709099999999999682e+02 2.336299999999999955e+02 2.900000000000000000e+01
2.581499999999999773e+02 3.799700000000000273e+02 2.900000000000000000e+01
1.364299999999999955e+03 6.052400000000000091e+02 2.900000000000000000e+01
4.754599999999999795e+02 7.966200000000000045e+02 2.900000000000000000e+01
2.677400000000000091e+02 1.899699999999999989e+02 2.900000000000000000e+01
1.209599999999999909e+03 3.231499999999999773e+02 2.900000000000000000e+01
1.256000000000000000e+03 4.701399999999999864e+02 2.900000000000000000e+01
9.160000000000000000e+02 2.744499999999999886e+02 2.900000000000000000e+01
3.528999999999999773e+02 4.515199999999999818e+02 2.900000000000000000e+01
1.394799999999999955e+03 1.445099999999999909e+03 2.900000000000000000e+01
9.763099999999999454e+02 4.548700000000000045e+02 2.900000000000000000e+01
1.144500000000000000e+03 4.844900000000000091e+02 2.900000000000000000e+01
1.282299999999999955e+03 7.148700000000000045e+02 2.900000000000000000e+01
1.658799999999999955e+02 3.969499999999999886e+02 2.900000000000000000e+01
1.034099999999999909e+03 2.527800000000000011e+02 2.900000000000000000e+01
1.137300000000000040e+02 3.149700000000000273e+02 2.900000000000000000e+01
1.424000000000000000e+03 1.740300000000000011e+02 3.000000000000000000e+01
2.749900000000000091e+02 5.403700000000000045e+02 2.900000000000000000e+01
3.386200000000000045e+02 2.471899999999999977e+02 2.900000000000000000e+01
1.376700000000000045e+03 1.295700000000000045e+03 2.900000000000000000e+01
6.916499999999999773e+02 1.201400000000000091e+03 2.900000000000000000e+01
1.283000000000000000e+03 6.542400000000000091e+02 2.900000000000000000e+01
1.163700000000000045e+03 1.156900000000000091e+03 2.900000000000000000e+01
1.202400000000000091e+03 8.957000000000000455e+02 2.900000000000000000e+01
3.909300000000000068e+02 5.651599999999999682e+02 2.900000000000000000e+01
5.060799999999999841e+02 9.873400000000000318e+02 2.900000000000000000e+01
1.272300000000000040e+02 5.342100000000000364e+02 2.900000000000000000e+01
1.655000000000000000e+02 1.001100000000000023e+03 2.900000000000000000e+01
6.829099999999999682e+02 5.495700000000000500e+02 2.900000000000000000e+01
1.272599999999999909e+03 3.161000000000000227e+02 2.900000000000000000e+01
2.568600000000000136e+02 4.660400000000000205e+02 2.900000000000000000e+01
1.349599999999999909e+03 1.087900000000000091e+03 2.900000000000000000e+01
7.706900000000000546e+02 1.013799999999999955e+03 2.900000000000000000e+01
4.663399999999999750e+02 6.950599999999999454e+02 2.900000000000000000e+01
2.622400000000000091e+02 7.181799999999999500e+02 2.900000000000000000e+01
1.264900000000000091e+03 1.355400000000000091e+03 2.900000000000000000e+01
2.097700000000000102e+02 1.309099999999999909e+03 2.900000000000000000e+01
4.622599999999999909e+02 6.359900000000000091e+02 2.900000000000000000e+01
5.717599999999999909e+02 4.316100000000000136e+02 2.900000000000000000e+01
4.604900000000000091e+02 9.494299999999999500e+02 2.900000000000000000e+01
1.260799999999999955e+03 8.851299999999999955e+02 2.900000000000000000e+01
1.046000000000000000e+03 1.789399999999999977e+02 2.900000000000000000e+01
1.220400000000000063e+02 6.901599999999999682e+02 3.000000000000000000e+01
1.377599999999999909e+03 2.100099999999999909e+02 2.900000000000000000e+01
6.161599999999999682e+02 2.811299999999999955e+02 2.900000000000000000e+01
5.803400000000000318e+02 1.418099999999999909e+03 2.900000000000000000e+01
6.367999999999999545e+02 5.123400000000000318e+02 2.900000000000000000e+01
1.184000000000000000e+03 4.387699999999999818e+02 2.900000000000000000e+01
1.113799999999999955e+03 1.498599999999999909e+03 2.900000000000000000e+01
5.690800000000000409e+02 8.655099999999999909e+02 2.900000000000000000e+01
1.406200000000000045e+03 1.104700000000000045e+03 2.900000000000000000e+01
9.761299999999999955e+02 6.515199999999999818e+02 2.900000000000000000e+01
1.590699999999999932e+02 6.417999999999999545e+02 2.900000000000000000e+01
8.753799999999999955e+02 6.497799999999999727e+02 2.900000000000000000e+01
7.368699999999999761e+01 1.176099999999999909e+03 2.000000000000000000e+01
1.370599999999999909e+03 1.400200000000000045e+03 2.000000000000000000e+01
3.510299999999999727e+02 1.115900000000000091e+03 2.100000000000000000e+01
6.159900000000000091e+02 1.024299999999999955e+03 2.000000000000000000e+01
1.004600000000000023e+03 5.153600000000000136e+02 2.000000000000000000e+01
1.516400000000000091e+03 6.633300000000000409e+02 2.100000000000000000e+01
1.429099999999999909e+03 1.196000000000000000e+03 2.100000000000000000e+01
6.945499999999999829e+01 1.105599999999999909e+03 2.000000000000000000e+01
1.103000000000000000e+03 1.049500000000000000e+03 2.000000000000000000e+01
1.520099999999999909e+03 1.052799999999999955e+03 2.000000000000000000e+01
8.388799999999999955e+02 1.329200000000000045e+03 2.000000000000000000e+01
7.355099999999999909e+02 1.302000000000000000e+03 2.000000000000000000e+01
5.624600000000000364e+02 1.115500000000000000e+03 2.000000000000000000e+01
1.255900000000000091e+03 1.110299999999999955e+03 2.000000000000000000e+01
2.494099999999999966e+02 1.376900000000000091e+03 2.100000000000000000e+01
2.803799999999999955e+02 2.779499999999999886e+02 2.000000000000000000e+01
7.552300000000000182e+02 7.250000000000000000e+02 2.000000000000000000e+01
1.217599999999999909e+03 1.322400000000000091e+03 2.100000000000000000e+01
1.323599999999999909e+03 6.830900000000000318e+02 2.000000000000000000e+01
1.172299999999999955e+03 8.557300000000000182e+02 2.000000000000000000e+01
1.208900000000000091e+03 7.693600000000000136e+02 2.000000000000000000e+01
7.023000000000000398e+01 9.438899999999999864e+02 2.100000000000000000e+01
8.889700000000000273e+02 1.573299999999999955e+03 2.100000000000000000e+01
6.869299999999999500e+02 5.003399999999999750e+02 2.000000000000000000e+01
4.407599999999999909e+02 8.973400000000000318e+02 2.000000000000000000e+01
9.364400000000000546e+02 4.178500000000000227e+02 2.000000000000000000e+01
9.221499999999999773e+02 3.249700000000000273e+02 2.000000000000000000e+01
9.093200000000000500e+02 1.132200000000000045e+03 2.000000000000000000e+01
7.877500000000000000e+02 1.125000000000000000e+03 2.000000000000000000e+01
1.260999999999999943e+02 1.308099999999999909e+03 2.000000000000000000e+01
4.540299999999999727e+02 4.402300000000000182e+02 2.000000000000000000e+01
6.824900000000000091e+02 3.674800000000000182e+02 2.100000000000000000e+01
7.078900000000000148e+01 8.412200000000000273e+02 2.100000000000000000e+01
2.687300000000000182e+02 1.180599999999999909e+03 2.000000000000000000e+01
1.092500000000000000e+03 1.179700000000000045e+03 2.000000000000000000e+01
5.307899999999999636e+02 2.629800000000000182e+02 2.000000000000000000e+01
7.577500000000000000e+02 8.038300000000000409e+02 2.100000000000000000e+01
8.188400000000000318e+02 1.096099999999999909e+03 2.000000000000000000e+01
7.353000000000000114e+01 1.575000000000000000e+03 2.000000000000000000e+01
1.099500000000000028e+02 3.661200000000000045e+02 2.100000000000000000e+01
9.615599999999999454e+02 1.000000000000000000e+03 2.000000000000000000e+01
1.455500000000000000e+03 5.767599999999999909e+02 2.000000000000000000e+01
7.196099999999999852e+01 3.415000000000000000e+02 2.000000000000000000e+01
1.167299999999999955e+03 7.554600000000000364e+02 2.000000000000000000e+01
1.521900000000000091e+03 1.124400000000000091e+03 2.000000000000000000e+01
1.074800000000000040e+02 1.513099999999999909e+03 2.100000000000000000e+01
3.615099999999999909e+02 3.405299999999999727e+02 2.100000000000000000e+01
7.987799999999999727e+02 7.291799999999999500e+02 2.000000000000000000e+01
1.523299999999999955e+03 1.464900000000000091e+03 2.100000000000000000e+01
1.664399999999999977e+02 1.408099999999999909e+03 2.000000000000000000e+01
2.890199999999999818e+02 2.372899999999999920e+02 2.000000000000000000e+01
6.897299999999999898e+01 1.279299999999999955e+03 2.000000000000000000e+01
9.883300000000000409e+02 6.009900000000000091e+02 2.000000000000000000e+01
1.022200000000000045e+03 4.768500000000000227e+02 2.000000000000000000e+01
1.022000000000000000e+03 8.445599999999999454e+02 2.000000000000000000e+01
5.946499999999999773e+02 3.420299999999999727e+02 2.000000000000000000e+01
8.810800000000000409e+01 1.068099999999999909e+03 2.000000000000000000e+01
8.782999999999999545e+02 7.009800000000000182e+02 2.000000000000000000e+01
8.522300000000000182e+02 1.373299999999999955e+03 2.000000000000000000e+01
1.385700000000000045e+03 1.052400000000000091e+03 2.000000000000000000e+01
7.225900000000000034e+01 6.670499999999999545e+02 2.000000000000000000e+01
2.079600000000000080e+02 1.101200000000000045e+03 2.000000000000000000e+01
8.668300000000000409e+02 1.250099999999999909e+03 2.000000000000000000e+01
1.152999999999999972e+02 1.100000000000000000e+03 2.000000000000000000e+01
7.101200000000000045e+01 7.575399999999999636e+02 2.000000000000000000e+01
7.211900000000000546e+02 3.869700000000000273e+02 2.000000000000000000e+01
6.182000000000000455e+02 6.200900000000000318e+02 2.000000000000000000e+01
8.988899999999999864e+02 6.066799999999999500e+02 1.900000000000000000e+01
1.261400000000000091e+03 5.700000000000000000e+02 2.000000000000000000e+01
6.775300000000000011e+01 1.442599999999999909e+03 2.000000000000000000e+01
1.108000000000000000e+03 1.388500000000000000e+03 2.000000000000000000e+01
1.501299999999999955e+03 5.803200000000000500e+02 2.100000000000000000e+01
7.764900000000000091e+02 1.389099999999999909e+03 2.000000000000000000e+01
1.156900000000000091e+03 3.589399999999999977e+02 2.100000000000000000e+01
8.109700000000000273e+02 1.363500000000000000e+03 2.100000000000000000e+01
9.678600000000000136e+02 2.539099999999999966e+02 2.100000000000000000e+01
7.487399999999999523e+01 7.103500000000000227e+02 2.000000000000000000e+01
7.747400000000000091e+02 7.642799999999999727e+02 2.000000000000000000e+01
1.007699999999999960e+02 1.209799999999999955e+03 2.000000000000000000e+01
2.642400000000000091e+02 1.232900000000000091e+03 2.000000000000000000e+01
9.271599999999999682e+02 1.170400000000000091e+03 2.000000000000000000e+01
1.224900000000000091e+03 1.430700000000000045e+03 2.100000000000000000e+01
6.779400000000000546e+02 7.885099999999999909e+02 2.000000000000000000e+01
7.349900000000000091e+02 3.472300000000000182e+02 2.000000000000000000e+01
7.139000000000000057e+01 4.924700000000000273e+02 2.000000000000000000e+01
6.976200000000000045e+02 3.271800000000000068e+02 2.000000000000000000e+01
1.088200000000000045e+03 9.093799999999999955e+02 2.000000000000000000e+01
1.516599999999999909e+03 6.207899999999999636e+02 2.000000000000000000e+01
1.622899999999999920e+02 1.330299999999999955e+03 2.000000000000000000e+01
3.020299999999999727e+02 1.206299999999999955e+03 2.000000000000000000e+01
1.614699999999999989e+02 7.306299999999999955e+02 2.100000000000000000e+01
7.405199999999999818e+02 4.884800000000000182e+02 2.000000000000000000e+01
7.079099999999999682e+01 4.498600000000000136e+02 2.000000000000000000e+01
6.972700000000000387e+01 1.029599999999999909e+03 2.000000000000000000e+01
3.036499999999999773e+02 1.248500000000000000e+03 2.000000000000000000e+01
9.522300000000000182e+02 1.307900000000000091e+03 2.100000000000000000e+01
1.074299999999999955e+03 1.362599999999999909e+03 2.000000000000000000e+01
6.747599999999999909e+01 1.491000000000000000e+03 2.100000000000000000e+01
1.021700000000000045e+03 6.258500000000000227e+02 2.000000000000000000e+01
1.522900000000000091e+03 1.420900000000000091e+03 2.000000000000000000e+01
4.003199999999999932e+02 3.171399999999999864e+02 2.000000000000000000e+01
9.208899999999999864e+02 8.508700000000000045e+02 2.000000000000000000e+01
1.436599999999999909e+03 1.063500000000000000e+03 2.000000000000000000e+01
2.175399999999999920e+02 8.000800000000000409e+02 2.000000000000000000e+01
9.360099999999999909e+02 1.427200000000000045e+03 2.000000000000000000e+01
9.916599999999999682e+02 1.574200000000000045e+03 2.100000000000000000e+01
1.010399999999999977e+03 3.783700000000000045e+02 2.000000000000000000e+01
5.101899999999999977e+02 2.269300000000000068e+02 2.000000000000000000e+01
5.602000000000000455e+02 4.821700000000000159e+02 2.000000000000000000e+01
1.384200000000000045e+03 9.288200000000000500e+02 2.000000000000000000e+01
1.034400000000000091e+03 7.274099999999999682e+02 2.000000000000000000e+01
7.014100000000000534e+01 9.868500000000000227e+02 2.100000000000000000e+01
4.857900000000000205e+02 9.028500000000000227e+02 2.000000000000000000e+01
2.063700000000000045e+02 1.169500000000000000e+03 2.000000000000000000e+01
1.459599999999999909e+03 8.096699999999999591e+02 2.000000000000000000e+01
1.823899999999999864e+02 1.134799999999999955e+03 2.000000000000000000e+01
8.185800000000000409e+02 5.820000000000000000e+02 2.000000000000000000e+01
4.245699999999999932e+02 1.308700000000000045e+03 1.900000000000000000e+01
8.320499999999999545e+02 8.791900000000000546e+02 2.000000000000000000e+01
4.655799999999999841e+02 3.992599999999999909e+02 2.000000000000000000e+01
7.894199999999999591e+02 8.803400000000000318e+02 2.000000000000000000e+01
1.298500000000000000e+03 1.572500000000000000e+03 2.100000000000000000e+01
1.165599999999999909e+03 5.300599999999999454e+02 2.000000000000000000e+01
6.457000000000000455e+02 8.158700000000000045e+02 2.000000000000000000e+01
7.819099999999999682e+02 5.610299999999999727e+02 2.000000000000000000e+01
1.052599999999999909e+03 3.005299999999999727e+02 2.000000000000000000e+01
7.665800000000000409e+02 1.271599999999999909e+03 2.000000000000000000e+01
1.515599999999999909e+03 3.009900000000000091e+02 2.000000000000000000e+01
4.250099999999999909e+02 1.266200000000000045e+03 2.000000000000000000e+01
8.324500000000000455e+02 6.225399999999999636e+02 2.100000000000000000e+01
1.087400000000000091e+03 5.555299999999999727e+02 2.000000000000000000e+01
9.691000000000000227e+02 1.452099999999999909e+03 2.100000000000000000e+01
3.263600000000000136e+02 1.283900000000000091e+03 2.000000000000000000e+01
6.359600000000000364e+02 1.193900000000000091e+03 2.100000000000000000e+01
4.576800000000000068e+02 1.334500000000000000e+03 2.100000000000000000e+01
1.115900000000000091e+03 2.198199999999999932e+02 2.000000000000000000e+01
2.589599999999999795e+02 1.574500000000000000e+03 2.100000000000000000e+01
4.870000000000000000e+02 1.574000000000000000e+03 2.100000000000000000e+01
1.467700000000000045e+03 1.571799999999999955e+03 2.100000000000000000e+01
1.010799999999999955e+03 8.040199999999999818e+02 2.000000000000000000e+01
3.714599999999999795e+02 2.874599999999999795e+02 2.000000000000000000e+01
6.805100000000000193e+01 1.236099999999999909e+03 2.000000000000000000e+01
8.169800000000000182e+02 3.521800000000000068e+02 2.000000000000000000e+01
1.475400000000000091e+03 6.561399999999999864e+02 2.000000000000000000e+01
8.977300000000000182e+02 5.118000000000000114e+02 2.000000000000000000e+01
1.520500000000000000e+03 1.010700000000000045e+03 2.100000000000000000e+01
1.341700000000000045e+03 9.335599999999999454e+02 2.000000000000000000e+01
1.635200000000000102e+02 1.287500000000000000e+03 2.100000000000000000e+01
9.593099999999999739e+01 1.139299999999999955e+03 2.000000000000000000e+01
7.365900000000000603e+01 8.835900000000000318e+02 2.100000000000000000e+01
1.475500000000000000e+03 1.208500000000000000e+03 2.100000000000000000e+01
9.917200000000000273e+02 8.751100000000000136e+02 1.900000000000000000e+01
4.072099999999999795e+02 1.228500000000000000e+03 2.000000000000000000e+01
7.302799999999999727e+02 1.168000000000000000e+03 2.000000000000000000e+01
1.101200000000000045e+03 8.075700000000000500e+02 2.000000000000000000e+01
4.228799999999999955e+02 1.516099999999999909e+03 2.100000000000000000e+01
5.171699999999999591e+02 8.744299999999999500e+02 2.000000000000000000e+01
1.515299999999999955e+03 4.022699999999999818e+02 2.000000000000000000e+01
1.621299999999999955e+02 1.097599999999999909e+03 2.000000000000000000e+01
9.697899999999999636e+02 5.618999999999999773e+02 2.000000000000000000e+01
1.133700000000000045e+03 6.829800000000000182e+02 2.000000000000000000e+01
1.343199999999999932e+02 2.687500000000000000e+02 2.000000000000000000e+01
9.920499999999999545e+02 1.712899999999999920e+02 2.000000000000000000e+01
1.517500000000000000e+03 7.056399999999999864e+02 2.000000000000000000e+01
4.095400000000000205e+02 8.695199999999999818e+02 2.000000000000000000e+01
9.459900000000000091e+02 6.020000000000000000e+02 1.900000000000000000e+01
1.133500000000000000e+03 8.355000000000000000e+02 1.900000000000000000e+01
8.158300000000000409e+02 1.214099999999999909e+03 2.000000000000000000e+01
6.626399999999999864e+02 7.275900000000000318e+02 2.100000000000000000e+01
5.795000000000000000e+02 3.815099999999999909e+02 2.000000000000000000e+01
4.448899999999999864e+02 1.422700000000000045e+03 2.100000000000000000e+01
1.181599999999999966e+02 8.470000000000000000e+02 2.000000000000000000e+01
1.374099999999999909e+03 1.491599999999999909e+03 2.000000000000000000e+01
2.171299999999999955e+02 6.302599999999999909e+02 2.100000000000000000e+01
1.396000000000000000e+03 2.574200000000000159e+02 2.000000000000000000e+01
1.547199999999999989e+02 3.471000000000000227e+02 2.000000000000000000e+01
1.096700000000000045e+03 1.733199999999999932e+02 2.100000000000000000e+01
8.480599999999999454e+02 3.815299999999999727e+02 2.000000000000000000e+01
1.610800000000000125e+02 4.465099999999999909e+02 2.100000000000000000e+01
1.132200000000000045e+03 3.930400000000000205e+02 2.000000000000000000e+01
7.278200000000000500e+02 5.289099999999999682e+02 2.000000000000000000e+01
1.246599999999999909e+03 5.294600000000000364e+02 2.000000000000000000e+01
1.438600000000000136e+02 1.210299999999999955e+03 1.900000000000000000e+01
1.441799999999999955e+03 1.142599999999999909e+03 2.000000000000000000e+01
1.014600000000000023e+03 1.236000000000000000e+03 2.000000000000000000e+01
1.415500000000000000e+03 1.399099999999999909e+03 2.000000000000000000e+01
7.775099999999999909e+02 1.231299999999999955e+03 2.000000000000000000e+01
7.366700000000000159e+01 5.763400000000000318e+02 2.100000000000000000e+01
1.363700000000000045e+03 9.710099999999999909e+02 2.000000000000000000e+01
8.677599999999999909e+02 1.434099999999999909e+03 2.000000000000000000e+01
1.011000000000000000e+03 7.619500000000000455e+02 2.000000000000000000e+01
1.110599999999999909e+03 3.558899999999999864e+02 2.000000000000000000e+01
1.431799999999999955e+03 6.696499999999999773e+02 2.000000000000000000e+01
6.014800000000000182e+02 4.761499999999999773e+02 2.000000000000000000e+01
1.053400000000000091e+03 8.150499999999999545e+02 2.000000000000000000e+01
1.131000000000000000e+03 1.007000000000000000e+03 1.900000000000000000e+01
1.331200000000000045e+03 6.420900000000000318e+02 2.000000000000000000e+01
1.378000000000000000e+03 1.010100000000000023e+03 1.900000000000000000e+01
5.221299999999999955e+02 7.743099999999999454e+02 2.000000000000000000e+01
1.508700000000000045e+03 4.438899999999999864e+02 2.100000000000000000e+01
1.363000000000000000e+03 1.137200000000000045e+03 2.000000000000000000e+01
8.334800000000000182e+02 1.175500000000000000e+03 2.100000000000000000e+01
9.582799999999999727e+02 3.038700000000000045e+02 2.000000000000000000e+01
1.335999999999999943e+02 8.862200000000000273e+02 2.000000000000000000e+01
1.406400000000000091e+03 1.241000000000000000e+03 2.000000000000000000e+01
7.266599999999999682e+02 1.041000000000000000e+03 2.000000000000000000e+01
4.835299999999999727e+02 5.155000000000000000e+02 2.000000000000000000e+01
1.515599999999999909e+03 4.863100000000000023e+02 2.100000000000000000e+01
1.525500000000000000e+03 1.571000000000000000e+03 2.100000000000000000e+01
8.418399999999999750e+01 1.318500000000000000e+03 2.100000000000000000e+01
4.495299999999999727e+02 1.483400000000000091e+03 2.100000000000000000e+01
7.229600000000000364e+02 9.929900000000000091e+02 2.100000000000000000e+01
1.531100000000000136e+02 9.228099999999999454e+02 2.000000000000000000e+01
1.398899999999999864e+02 7.672400000000000091e+02 2.000000000000000000e+01
6.818500000000000227e+01 1.357700000000000045e+03 2.100000000000000000e+01
1.324900000000000091e+03 3.030400000000000205e+02 2.000000000000000000e+01
1.237700000000000045e+03 1.072099999999999909e+03 2.000000000000000000e+01
1.159000000000000000e+03 1.253400000000000091e+03 2.000000000000000000e+01
8.673500000000000227e+02 5.468899999999999864e+02 2.000000000000000000e+01
1.128000000000000000e+03 4.359399999999999977e+02 2.100000000000000000e+01
5.475000000000000000e+02 1.456000000000000000e+03 2.000000000000000000e+01
4.191299999999999955e+02 7.103600000000000136e+02 2.000000000000000000e+01
1.222400000000000091e+03 5.842300000000000182e+02 2.000000000000000000e+01
2.160200000000000102e+02 1.574099999999999909e+03 2.100000000000000000e+01
1.787899999999999920e+02 5.390700000000000500e+02 2.000000000000000000e+01
1.240599999999999909e+03 7.420299999999999727e+02 2.000000000000000000e+01
5.847799999999999727e+02 5.170700000000000500e+02 2.000000000000000000e+01
2.747699999999999818e+02 3.334300000000000068e+02 2.000000000000000000e+01
1.201700000000000045e+03 7.260000000000000000e+02 2.000000000000000000e+01
1.660999999999999943e+02 1.245099999999999909e+03 2.000000000000000000e+01
4.501600000000000250e+02 1.380099999999999909e+03 2.100000000000000000e+01
6.851399999999999579e+01 1.400000000000000000e+03 2.100000000000000000e+01
1.007500000000000000e+03 3.269399999999999977e+02 2.000000000000000000e+01
7.416000000000000227e+02 1.209000000000000000e+03 2.000000000000000000e+01
2.539900000000000091e+02 1.333599999999999909e+03 2.000000000000000000e+01
6.403200000000000500e+02 1.059500000000000000e+03 2.000000000000000000e+01
1.879799999999999898e+02 1.208500000000000000e+03 2.000000000000000000e+01
1.345200000000000045e+03 2.494099999999999966e+02 2.000000000000000000e+01
1.082000000000000028e+02 1.011100000000000023e+03 2.000000000000000000e+01
1.522599999999999909e+03 1.507299999999999955e+03 2.100000000000000000e+01
9.187500000000000000e+02 9.999800000000000182e+02 2.000000000000000000e+01
1.260599999999999909e+03 1.406200000000000045e+03 2.000000000000000000e+01
6.150199999999999818e+02 7.192599999999999909e+02 1.900000000000000000e+01
2.328600000000000136e+02 1.202000000000000000e+03 2.000000000000000000e+01
1.515000000000000000e+03 2.526599999999999966e+02 2.000000000000000000e+01
1.522000000000000000e+03 1.208400000000000091e+03 2.000000000000000000e+01
1.476200000000000045e+03 1.053000000000000000e+03 2.000000000000000000e+01
7.806900000000000546e+02 9.199700000000000273e+02 2.000000000000000000e+01
1.232700000000000045e+03 1.573000000000000000e+03 2.000000000000000000e+01
1.406000000000000000e+03 3.586899999999999977e+02 2.000000000000000000e+01
1.243200000000000045e+03 1.532200000000000045e+03 2.100000000000000000e+01
1.492899999999999920e+02 8.174800000000000182e+02 2.100000000000000000e+01
1.399500000000000000e+03 8.713600000000000136e+02 2.000000000000000000e+01
1.131099999999999909e+03 7.774099999999999682e+02 2.000000000000000000e+01
1.210700000000000045e+03 9.458600000000000136e+02 2.000000000000000000e+01
4.183199999999999932e+02 4.159499999999999886e+02 2.000000000000000000e+01
1.519099999999999909e+03 8.653099999999999454e+02 2.000000000000000000e+01
4.283700000000000045e+02 2.851000000000000227e+02 2.000000000000000000e+01
7.095699999999999363e+01 2.434499999999999886e+02 2.100000000000000000e+01
1.523799999999999955e+03 1.309299999999999955e+03 2.000000000000000000e+01
8.602799999999999727e+02 5.900199999999999818e+02 2.000000000000000000e+01
1.520700000000000045e+03 1.167000000000000000e+03 2.000000000000000000e+01
1.071099999999999909e+03 7.054700000000000273e+02 2.000000000000000000e+01
1.476099999999999909e+03 8.616599999999999682e+02 2.000000000000000000e+01
9.229500000000000455e+02 1.041700000000000045e+03 2.000000000000000000e+01
1.160900000000000091e+03 9.328099999999999454e+02 2.000000000000000000e+01
2.249900000000000091e+02 1.532500000000000000e+03 2.100000000000000000e+01
1.345000000000000000e+03 1.433299999999999955e+03 2.000000000000000000e+01
1.134000000000000057e+02 2.320999999999999943e+02 2.000000000000000000e+01
3.094700000000000273e+02 1.574000000000000000e+03 2.000000000000000000e+01
6.899400000000000546e+02 1.575000000000000000e+03 2.100000000000000000e+01
1.221200000000000045e+02 1.172799999999999955e+03 2.000000000000000000e+01
9.237699999999999818e+02 2.244000000000000057e+02 2.000000000000000000e+01
1.635500000000000114e+02 1.173400000000000091e+03 2.000000000000000000e+01
6.250099999999999909e+02 1.394700000000000045e+03 2.000000000000000000e+01
1.069899999999999949e+02 6.422000000000000455e+02 2.000000000000000000e+01
1.275700000000000045e+03 8.356299999999999955e+02 1.900000000000000000e+01
1.388599999999999909e+03 1.531900000000000091e+03 2.100000000000000000e+01
1.418900000000000091e+03 1.024299999999999955e+03 2.000000000000000000e+01
1.006700000000000045e+03 1.148400000000000091e+03 2.000000000000000000e+01
8.475599999999999454e+02 1.064900000000000091e+03 2.000000000000000000e+01
4.161299999999999955e+02 1.350299999999999955e+03 2.100000000000000000e+01
7.271699999999999591e+02 1.401099999999999909e+03 2.000000000000000000e+01
1.738000000000000114e+02 1.574599999999999909e+03 2.100000000000000000e+01
9.450599999999999454e+02 1.572299999999999955e+03 2.100000000000000000e+01
1.089599999999999909e+03 1.137700000000000045e+03 1.900000000000000000e+01
1.483799999999999955e+03 1.144799999999999955e+03 2.000000000000000000e+01
6.616000000000000227e+02 1.765699999999999932e+02 2.100000000000000000e+01
1.425900000000000091e+03 9.259700000000000273e+02 1.900000000000000000e+01
7.877599999999999909e+02 1.552599999999999909e+03 2.100000000000000000e+01
1.339099999999999909e+03 1.514900000000000091e+03 2.000000000000000000e+01
1.349700000000000045e+03 1.662800000000000011e+02 2.100000000000000000e+01
8.582699999999999818e+02 1.209500000000000000e+03 2.100000000000000000e+01
2.846200000000000045e+02 9.101799999999999500e+02 2.000000000000000000e+01
1.074500000000000000e+03 2.204300000000000068e+02 2.000000000000000000e+01
1.441299999999999955e+03 1.465200000000000045e+03 2.000000000000000000e+01
1.230500000000000000e+03 9.831599999999999682e+02 2.000000000000000000e+01
9.827000000000000455e+02 1.492099999999999909e+03 2.000000000000000000e+01
7.899099999999999682e+02 1.739000000000000057e+02 2.000000000000000000e+01
1.333500000000000000e+03 1.473000000000000000e+03 2.000000000000000000e+01
1.069700000000000045e+03 1.473400000000000091e+03 2.100000000000000000e+01
1.022300000000000040e+02 9.154700000000000273e+02 2.000000000000000000e+01
1.417099999999999909e+03 1.499900000000000091e+03 2.100000000000000000e+01
1.475099999999999909e+03 6.145000000000000000e+02 2.000000000000000000e+01
1.284000000000000000e+03 5.112599999999999909e+02 2.000000000000000000e+01
1.298900000000000091e+03 5.498799999999999955e+02 1.900000000000000000e+01
1.047799999999999955e+03 1.138799999999999955e+03 2.000000000000000000e+01
1.006299999999999955e+03 2.113199999999999932e+02 2.000000000000000000e+01
1.115500000000000000e+03 5.910399999999999636e+02 1.900000000000000000e+01
1.303900000000000091e+03 9.138400000000000318e+02 2.000000000000000000e+01
8.557899999999999636e+02 7.938099999999999454e+02 2.000000000000000000e+01
4.935899999999999750e+02 5.567000000000000455e+02 2.000000000000000000e+01
4.605000000000000000e+02 4.809399999999999977e+02 2.000000000000000000e+01
5.446599999999999682e+02 9.109900000000000091e+02 2.000000000000000000e+01
1.092299999999999955e+03 3.181399999999999864e+02 2.000000000000000000e+01
1.424900000000000091e+03 4.588999999999999773e+02 2.000000000000000000e+01
7.125400000000000489e+01 3.837599999999999909e+02 2.000000000000000000e+01
1.476099999999999909e+03 9.111200000000000045e+02 2.000000000000000000e+01
7.137000000000000455e+01 5.345599999999999454e+02 2.100000000000000000e+01
1.460799999999999955e+03 9.502799999999999727e+02 2.000000000000000000e+01
1.336000000000000000e+03 1.169599999999999909e+03 2.000000000000000000e+01
1.401700000000000045e+03 1.572299999999999955e+03 2.100000000000000000e+01
3.321899999999999977e+02 1.537599999999999909e+03 2.100000000000000000e+01
8.134600000000000364e+02 1.038500000000000000e+03 2.000000000000000000e+01
1.359000000000000000e+03 8.944299999999999500e+02 2.000000000000000000e+01
1.167099999999999909e+03 1.355799999999999955e+03 2.000000000000000000e+01
9.641100000000000136e+02 2.106999999999999886e+02 2.000000000000000000e+01
6.334700000000000273e+02 1.511099999999999909e+03 2.000000000000000000e+01
7.038799999999999955e+02 1.435799999999999955e+03 2.000000000000000000e+01
7.700000000000000000e+02 5.204800000000000182e+02 2.000000000000000000e+01
1.360799999999999955e+03 1.248400000000000091e+03 2.000000000000000000e+01
6.269600000000000364e+02 1.437099999999999909e+03 2.100000000000000000e+01
1.516500000000000000e+03 5.379700000000000273e+02 2.100000000000000000e+01
1.461000000000000000e+03 3.227599999999999909e+02 2.000000000000000000e+01
3.605099999999999909e+02 9.591399999999999864e+02 2.000000000000000000e+01
5.925499999999999545e+02 1.368500000000000000e+03 2.000000000000000000e+01
1.075099999999999909e+03 1.531700000000000045e+03 2.000000000000000000e+01
8.124900000000000091e+02 7.808600000000000136e+02 2.000000000000000000e+01
5.469900000000000091e+02 1.378700000000000045e+03 2.000000000000000000e+01
6.592899999999999636e+02 4.651200000000000045e+02 2.000000000000000000e+01
1.175700000000000045e+03 6.736299999999999955e+02 2.000000000000000000e+01
1.498000000000000000e+03 1.089000000000000000e+03 2.100000000000000000e+01
1.252299999999999955e+03 6.130399999999999636e+02 2.000000000000000000e+01
9.256799999999999500e+02 6.385499999999999545e+02 2.000000000000000000e+01
4.851999999999999886e+02 1.412799999999999955e+03 2.000000000000000000e+01
1.129000000000000000e+03 5.517000000000000455e+02 2.000000000000000000e+01
1.399600000000000080e+02 1.134599999999999909e+03 2.000000000000000000e+01
9.789800000000000182e+02 1.534700000000000045e+03 2.000000000000000000e+01
1.075799999999999955e+03 1.574900000000000091e+03 2.100000000000000000e+01
1.044400000000000091e+03 1.266000000000000000e+03 2.000000000000000000e+01
1.203200000000000045e+03 1.518700000000000045e+03 2.100000000000000000e+01
8.604700000000000273e+02 1.293000000000000000e+03 2.000000000000000000e+01
6.635299999999999727e+02 1.415500000000000000e+03 2.100000000000000000e+01
1.106900000000000091e+03 5.171100000000000136e+02 2.000000000000000000e+01
1.207700000000000045e+03 5.446000000000000227e+02 2.000000000000000000e+01
9.481699999999999591e+02 1.716800000000000068e+02 2.000000000000000000e+01
1.484900000000000091e+03 1.325099999999999909e+03 2.000000000000000000e+01
5.283600000000000136e+02 1.418000000000000000e+03 2.000000000000000000e+01
6.879099999999999682e+02 1.380799999999999955e+03 2.000000000000000000e+01
5.114800000000000182e+02 9.363700000000000045e+02 2.000000000000000000e+01
1.401099999999999909e+03 1.156099999999999909e+03 2.000000000000000000e+01
6.910299999999999443e+01 1.533200000000000045e+03 2.100000000000000000e+01
5.684500000000000455e+02 1.199400000000000091e+03 2.000000000000000000e+01
1.364700000000000045e+03 2.860699999999999932e+02 2.000000000000000000e+01
1.647899999999999920e+02 4.991600000000000250e+02 2.000000000000000000e+01
1.774900000000000091e+02 7.854099999999999682e+02 2.000000000000000000e+01
1.034000000000000000e+03 1.566500000000000000e+03 2.000000000000000000e+01
7.815700000000000500e+02 9.624700000000000273e+02 2.000000000000000000e+01
1.416299999999999955e+03 8.090199999999999818e+02 2.000000000000000000e+01
1.448299999999999955e+03 3.634599999999999795e+02 2.000000000000000000e+01
7.159099999999999397e+01 2.854399999999999977e+02 2.100000000000000000e+01
1.457500000000000000e+03 1.100500000000000000e+03 2.000000000000000000e+01
1.161099999999999909e+03 1.516599999999999909e+03 2.100000000000000000e+01
4.236100000000000136e+02 6.686399999999999864e+02 2.000000000000000000e+01
1.024599999999999937e+02 1.467099999999999909e+03 2.000000000000000000e+01
8.664500000000000455e+02 2.840299999999999727e+02 2.000000000000000000e+01
1.259599999999999909e+03 2.253100000000000023e+02 2.000000000000000000e+01
1.434700000000000045e+03 1.545400000000000091e+03 2.100000000000000000e+01
9.770000000000000000e+02 4.031800000000000068e+02 1.900000000000000000e+01
5.141499999999999773e+02 1.315299999999999955e+03 2.000000000000000000e+01
4.718999999999999773e+02 7.448600000000000136e+02 2.000000000000000000e+01
1.509400000000000091e+03 2.101100000000000136e+02 2.100000000000000000e+01
1.966699999999999875e+02 4.701999999999999886e+02 1.900000000000000000e+01
7.064700000000000273e+02 4.635199999999999818e+02 2.000000000000000000e+01
1.162400000000000091e+03 7.138400000000000318e+02 2.000000000000000000e+01
4.538700000000000045e+02 9.987699999999999818e+02 2.000000000000000000e+01
1.466900000000000091e+03 4.391600000000000250e+02 2.000000000000000000e+01
1.483000000000000000e+03 1.475099999999999909e+03 2.100000000000000000e+01
1.474099999999999909e+03 2.419900000000000091e+02 2.000000000000000000e+01
6.237300000000000182e+02 4.402200000000000273e+02 2.000000000000000000e+01
1.473500000000000000e+03 3.971100000000000136e+02 2.000000000000000000e+01
1.441500000000000000e+03 8.871499999999999773e+02 2.000000000000000000e+01
9.965800000000000409e+02 2.862500000000000000e+02 2.000000000000000000e+01
1.467599999999999909e+03 2.007599999999999909e+02 2.100000000000000000e+01
1.437099999999999909e+03 8.451699999999999591e+02 1.900000000000000000e+01
1.855399999999999920e+02 8.948799999999999955e+02 2.000000000000000000e+01
1.200000000000000000e+03 1.680500000000000114e+02 2.100000000000000000e+01
1.406699999999999875e+02 1.486000000000000000e+03 2.000000000000000000e+01
1.324400000000000091e+03 2.102700000000000102e+02 2.000000000000000000e+01
1.495900000000000091e+03 1.539799999999999955e+03 2.100000000000000000e+01
7.112399999999999523e+01 6.185299999999999727e+02 2.000000000000000000e+01
8.844600000000000364e+02 1.175400000000000091e+03 2.000000000000000000e+01
1.458500000000000000e+03 1.510000000000000000e+03 2.100000000000000000e+01
1.246000000000000000e+03 3.598500000000000227e+02 1.900000000000000000e+01
9.647100000000000364e+02 1.150500000000000000e+03 2.000000000000000000e+01
1.519500000000000000e+03 9.100399999999999636e+02 2.000000000000000000e+01
1.477500000000000000e+03 2.835000000000000000e+02 2.000000000000000000e+01
1.086299999999999955e+02 7.384800000000000182e+02 2.000000000000000000e+01
1.432000000000000000e+03 2.245200000000000102e+02 2.000000000000000000e+01
1.438599999999999909e+03 2.655199999999999818e+02 2.000000000000000000e+01
1.473000000000000000e+03 5.397999999999999545e+02 1.900000000000000000e+01
1.486400000000000091e+03 1.620600000000000023e+02 2.000000000000000000e+01
1.307500000000000000e+03 1.709900000000000091e+02 2.100000000000000000e+01
