1.220499999999999972e+02 1.562799999999999955e+03 3.000000000000000000e+01
1.170299999999999955e+03 1.192000000000000000e+03 2.900000000000000000e+01
4.824800000000000182e+02 1.112000000000000000e+03 2.900000000000000000e+01
1.945000000000000000e+02 1.362500000000000000e+03 3.000000000000000000e+01
7.324199999999999591e+02 1.552299999999999955e+03 3.000000000000000000e+01
2.778799999999999955e+02 1.434900000000000091e+03 3.000000000000000000e+01
7.687599999999999909e+02 1.308400000000000091e+03 2.900000000000000000e+01
5.741699999999999591e+02 7.881499999999999773e+02 2.900000000000000000e+01
7.965499999999999545e+02 1.255500000000000000e+03 2.900000000000000000e+01
1.860900000000000034e+02 6.675199999999999818e+02 2.900000000000000000e+01
1.094000000000000000e+03 1.330599999999999909e+03 2.900000000000000000e+01
8.684800000000000182e+02 1.327500000000000000e+03 2.900000000000000000e+01
4.009700000000000273e+02 1.119200000000000045e+03 2.900000000000000000e+01
3.534399999999999977e+02 1.227400000000000091e+03 2.900000000000000000e+01
9.975499999999999545e+02 1.351000000000000000e+03 2.900000000000000000e+01
7.539900000000000091e+02 1.429799999999999955e+03 3.000000000000000000e+01
8.288300000000000409e+02 1.467099999999999909e+03 2.900000000000000000e+01
2.684700000000000273e+02 1.277500000000000000e+03 2.900000000000000000e+01
1.089299999999999955e+03 1.266900000000000091e+03 2.900000000000000000e+01
4.562099999999999795e+02 1.221700000000000045e+03 2.900000000000000000e+01
3.506100000000000136e+02 8.267999999999999545e+02 2.900000000000000000e+01
1.476900000000000091e+03 8.075099999999999909e+02 2.900000000000000000e+01
9.368999999999999773e+02 1.350500000000000000e+03 3.000000000000000000e+01
8.045900000000000318e+02 3.922099999999999795e+02 2.900000000000000000e+01
1.164500000000000000e+03 1.085500000000000000e+03 2.900000000000000000e+01
5.952000000000000455e+02 1.528400000000000034e+02 2.900000000000000000e+01
6.350199999999999818e+02 1.343200000000000045e+03 2.900000000000000000e+01
8.912999999999999545e+02 1.211400000000000091e+03 2.900000000000000000e+01
3.735000000000000000e+02 1.565500000000000000e+03 3.000000000000000000e+01
4.518799999999999955e+02 1.161900000000000091e+03 2.900000000000000000e+01
1.846500000000000057e+02 9.379400000000000546e+02 2.900000000000000000e+01
6.541200000000000045e+02 5.888500000000000227e+02 2.900000000000000000e+01
1.235400000000000091e+03 1.225599999999999909e+03 3.000000000000000000e+01
1.108599999999999909e+03 1.195599999999999909e+03 2.900000000000000000e+01
6.375199999999999818e+02 1.238000000000000000e+03 2.900000000000000000e+01
8.336599999999999682e+02 7.315099999999999909e+02 2.900000000000000000e+01
1.815999999999999943e+02 1.454799999999999955e+03 3.000000000000000000e+01
1.423000000000000000e+03 1.363000000000000000e+03 2.900000000000000000e+01
4.929700000000000273e+02 1.460799999999999955e+03 3.000000000000000000e+01
2.970299999999999727e+02 3.970000000000000000e+02 2.900000000000000000e+01
1.193299999999999983e+02 1.357000000000000000e+03 2.900000000000000000e+01
3.008700000000000045e+02 1.101799999999999955e+03 2.900000000000000000e+01
3.847500000000000000e+02 1.177000000000000000e+03 2.900000000000000000e+01
1.385000000000000000e+03 9.587899999999999636e+02 2.900000000000000000e+01
4.127099999999999795e+02 3.400299999999999727e+02 2.900000000000000000e+01
5.542200000000000273e+02 1.326799999999999955e+03 2.900000000000000000e+01
1.247400000000000091e+03 1.165799999999999955e+03 2.900000000000000000e+01
4.763000000000000114e+02 1.523900000000000091e+03 3.000000000000000000e+01
1.353500000000000000e+03 1.346000000000000000e+03 2.900000000000000000e+01
9.549500000000000455e+02 1.037000000000000000e+03 2.900000000000000000e+01
8.542599999999999909e+02 1.010000000000000000e+03 2.900000000000000000e+01
2.737200000000000273e+02 1.526000000000000000e+03 2.900000000000000000e+01
8.024900000000000091e+02 2.504799999999999898e+02 3.000000000000000000e+01
3.472300000000000182e+02 9.944600000000000364e+02 2.900000000000000000e+01
9.697300000000000182e+02 1.402900000000000091e+03 2.900000000000000000e+01
5.845299999999999727e+02 8.954700000000000273e+02 2.900000000000000000e+01
7.145700000000000500e+02 1.105200000000000045e+03 2.900000000000000000e+01
5.547699999999999818e+02 2.745899999999999750e+02 2.900000000000000000e+01
8.658500000000000227e+02 8.889600000000000364e+02 2.900000000000000000e+01
9.048600000000000421e+01 7.865399999999999636e+02 3.000000000000000000e+01
1.289500000000000000e+03 1.264500000000000000e+03 2.900000000000000000e+01
5.136900000000000546e+02 1.061700000000000045e+03 3.000000000000000000e+01
1.264099999999999909e+03 1.497700000000000045e+03 2.900000000000000000e+01
2.515000000000000000e+02 1.067500000000000000e+03 2.900000000000000000e+01
2.886800000000000068e+02 8.470599999999999454e+02 2.900000000000000000e+01
9.511100000000000136e+02 1.190099999999999909e+03 2.900000000000000000e+01
7.534800000000000182e+02 1.060099999999999909e+03 2.900000000000000000e+01
5.335199999999999818e+02 1.505099999999999909e+03 2.900000000000000000e+01
1.084799999999999955e+03 1.431500000000000000e+03 2.900000000000000000e+01
5.782699999999999818e+02 1.238000000000000000e+03 2.900000000000000000e+01
4.334499999999999886e+02 1.565599999999999909e+03 3.000000000000000000e+01
7.757799999999999727e+02 4.446200000000000045e+02 2.900000000000000000e+01
1.041400000000000091e+03 1.302099999999999909e+03 2.900000000000000000e+01
1.206900000000000091e+03 1.469700000000000045e+03 3.000000000000000000e+01
1.020000000000000000e+03 8.754299999999999500e+02 2.900000000000000000e+01
5.392999999999999545e+02 9.999299999999999500e+02 2.900000000000000000e+01
8.315199999999999818e+02 1.565799999999999955e+03 3.000000000000000000e+01
7.207500000000000000e+02 1.480200000000000045e+03 2.900000000000000000e+01
1.142200000000000045e+03 2.233899999999999864e+02 2.900000000000000000e+01
5.274800000000000182e+02 1.149500000000000000e+03 2.900000000000000000e+01
1.030799999999999955e+03 1.402299999999999955e+03 2.900000000000000000e+01
1.436500000000000000e+03 9.955299999999999727e+02 2.900000000000000000e+01
5.254800000000000182e+02 1.266599999999999909e+03 3.000000000000000000e+01
1.182200000000000045e+03 1.013100000000000023e+03 2.900000000000000000e+01
9.912599999999999909e+02 9.733300000000000409e+02 2.900000000000000000e+01
1.277299999999999955e+03 3.399599999999999795e+02 2.900000000000000000e+01
1.476200000000000045e+03 7.483600000000000136e+02 2.900000000000000000e+01
5.872200000000000273e+02 1.145799999999999955e+03 2.900000000000000000e+01
8.627899999999999636e+02 9.509600000000000364e+02 2.900000000000000000e+01
7.305399999999999636e+02 8.434700000000000273e+02 2.900000000000000000e+01
1.759799999999999898e+02 2.689100000000000250e+02 2.900000000000000000e+01
3.355299999999999727e+02 1.053500000000000000e+03 2.900000000000000000e+01
1.350000000000000000e+03 4.261700000000000159e+02 2.900000000000000000e+01
9.230299999999999727e+02 9.405399999999999636e+02 2.900000000000000000e+01
5.503999999999999773e+02 5.534800000000000182e+02 2.900000000000000000e+01
4.662500000000000000e+02 1.280400000000000091e+03 2.900000000000000000e+01
3.060600000000000023e+02 4.711600000000000250e+02 2.900000000000000000e+01
7.280599999999999454e+02 2.445399999999999920e+02 2.900000000000000000e+01
6.670399999999999636e+02 6.590000000000000000e+02 3.000000000000000000e+01
7.612000000000000455e+02 2.936299999999999955e+02 2.900000000000000000e+01
9.818400000000000318e+02 1.293099999999999909e+03 2.900000000000000000e+01
1.013700000000000045e+03 1.028299999999999955e+03 2.900000000000000000e+01
7.150399999999999636e+02 9.264099999999999682e+02 2.900000000000000000e+01
1.721800000000000068e+02 1.523599999999999909e+03 3.000000000000000000e+01
1.321099999999999909e+03 1.562400000000000091e+03 2.900000000000000000e+01
1.272700000000000045e+03 2.331299999999999955e+02 2.900000000000000000e+01
6.719900000000000091e+02 8.330099999999999909e+02 3.000000000000000000e+01
7.087000000000000455e+02 7.540900000000000318e+02 2.900000000000000000e+01
1.132599999999999909e+03 1.396500000000000000e+03 3.000000000000000000e+01
8.367300000000000182e+02 4.447300000000000182e+02 2.900000000000000000e+01
8.720000000000000000e+02 1.073500000000000000e+03 2.900000000000000000e+01
3.030400000000000205e+02 1.326299999999999955e+03 2.900000000000000000e+01
1.142500000000000000e+03 1.295500000000000000e+03 2.900000000000000000e+01
3.299700000000000273e+02 1.154299999999999955e+03 2.900000000000000000e+01
9.131200000000000045e+02 6.712300000000000182e+02 2.900000000000000000e+01
1.091400000000000091e+03 7.080199999999999818e+02 2.900000000000000000e+01
1.105000000000000000e+03 1.092500000000000000e+03 2.900000000000000000e+01
6.597100000000000364e+02 9.487200000000000273e+02 2.900000000000000000e+01
1.481799999999999955e+03 1.255599999999999909e+03 2.900000000000000000e+01
1.800699999999999932e+02 8.309099999999999682e+02 2.900000000000000000e+01
8.965099999999999909e+02 1.465500000000000000e+03 2.900000000000000000e+01
3.940699999999999932e+02 2.107299999999999898e+02 2.900000000000000000e+01
1.007700000000000045e+03 4.030099999999999909e+02 2.900000000000000000e+01
6.622500000000000000e+02 1.008500000000000000e+03 2.900000000000000000e+01
5.277500000000000000e+02 3.279900000000000091e+02 2.900000000000000000e+01
9.986000000000000227e+02 5.400700000000000500e+02 2.900000000000000000e+01
1.125099999999999909e+03 2.799499999999999886e+02 2.900000000000000000e+01
1.301200000000000045e+03 1.015000000000000000e+03 2.900000000000000000e+01
9.745399999999999636e+02 9.149700000000000273e+02 2.900000000000000000e+01
1.192800000000000011e+02 9.564299999999999500e+02 2.900000000000000000e+01
9.661000000000000227e+02 6.990000000000000000e+02 2.900000000000000000e+01
2.376699999999999875e+02 8.150900000000000318e+02 2.900000000000000000e+01
4.827500000000000000e+02 2.620199999999999818e+02 2.900000000000000000e+01
3.624700000000000273e+02 1.346500000000000000e+03 2.900000000000000000e+01
5.670000000000000000e+02 2.045500000000000114e+02 2.900000000000000000e+01
7.605299999999999727e+02 1.165799999999999955e+03 2.900000000000000000e+01
7.199500000000000455e+02 1.342599999999999909e+03 2.900000000000000000e+01
1.475500000000000000e+03 3.249499999999999886e+02 2.900000000000000000e+01
1.202500000000000000e+03 6.614700000000000273e+02 2.900000000000000000e+01
1.400099999999999909e+03 1.308200000000000045e+03 2.900000000000000000e+01
1.479000000000000000e+03 9.538700000000000045e+02 2.900000000000000000e+01
2.360999999999999943e+02 1.478299999999999955e+03 3.000000000000000000e+01
1.005700000000000045e+03 6.550399999999999636e+02 2.900000000000000000e+01
4.162400000000000091e+02 1.556100000000000136e+02 3.000000000000000000e+01
7.780800000000000409e+02 1.497700000000000045e+03 3.000000000000000000e+01
1.159300000000000068e+02 1.416200000000000045e+03 2.900000000000000000e+01
1.054000000000000000e+03 1.219299999999999955e+03 2.900000000000000000e+01
1.176599999999999909e+03 4.683500000000000227e+02 2.900000000000000000e+01
1.297000000000000000e+03 1.324000000000000000e+03 2.900000000000000000e+01
8.341299999999999955e+02 1.118900000000000091e+03 2.900000000000000000e+01
1.231400000000000091e+03 7.677000000000000455e+02 2.900000000000000000e+01
1.151000000000000000e+03 9.630299999999999727e+02 2.900000000000000000e+01
2.843000000000000114e+02 1.017100000000000023e+03 2.900000000000000000e+01
1.258500000000000000e+03 1.439000000000000000e+03 2.900000000000000000e+01
8.637400000000000091e+02 1.515299999999999955e+03 3.000000000000000000e+01
1.348400000000000091e+03 1.188099999999999909e+03 2.900000000000000000e+01
6.595000000000000000e+02 1.129500000000000000e+03 3.000000000000000000e+01
4.366299999999999955e+02 1.073000000000000000e+03 2.900000000000000000e+01
9.230800000000000409e+02 1.519799999999999955e+03 3.000000000000000000e+01
2.275399999999999920e+02 9.944900000000000091e+02 2.900000000000000000e+01
5.861799999999999500e+02 1.534099999999999909e+03 3.000000000000000000e+01
3.016000000000000227e+02 6.694299999999999500e+02 2.900000000000000000e+01
1.019500000000000000e+03 1.510000000000000000e+03 3.000000000000000000e+01
1.312000000000000000e+03 7.080000000000000000e+02 2.900000000000000000e+01
6.482899999999999636e+02 8.910399999999999636e+02 2.900000000000000000e+01
2.070600000000000023e+02 3.203199999999999932e+02 2.900000000000000000e+01
5.026299999999999955e+02 6.420900000000000318e+02 2.900000000000000000e+01
8.111599999999999966e+01 1.591200000000000045e+02 2.900000000000000000e+01
3.218399999999999750e+02 8.956100000000000136e+02 2.900000000000000000e+01
9.255199999999999818e+02 8.822799999999999727e+02 2.900000000000000000e+01
1.844699999999999989e+02 5.619700000000000273e+02 2.900000000000000000e+01
1.287500000000000000e+03 1.382900000000000091e+03 2.900000000000000000e+01
6.675099999999999909e+02 1.068500000000000000e+03 2.900000000000000000e+01
6.644800000000000182e+02 1.291500000000000000e+03 2.900000000000000000e+01
2.360500000000000114e+02 2.680299999999999727e+02 2.900000000000000000e+01
5.414299999999999500e+02 9.385199999999999818e+02 2.900000000000000000e+01
4.064599999999999795e+02 1.018100000000000023e+03 2.900000000000000000e+01
1.275099999999999909e+03 1.114799999999999955e+03 3.000000000000000000e+01
6.034800000000000182e+02 1.291500000000000000e+03 2.900000000000000000e+01
1.965200000000000102e+02 1.046500000000000000e+03 2.900000000000000000e+01
1.435000000000000000e+03 6.902999999999999545e+02 2.900000000000000000e+01
3.134900000000000091e+02 3.335299999999999727e+02 2.900000000000000000e+01
1.114599999999999909e+03 8.699600000000000364e+02 2.900000000000000000e+01
2.160999999999999943e+02 3.944900000000000091e+02 2.900000000000000000e+01
5.135000000000000000e+02 1.208500000000000000e+03 2.900000000000000000e+01
7.584900000000000091e+02 3.545299999999999727e+02 2.900000000000000000e+01
1.279000000000000000e+03 5.721499999999999773e+02 2.900000000000000000e+01
4.939800000000000182e+02 1.362299999999999955e+03 2.900000000000000000e+01
1.285000000000000000e+03 4.104700000000000273e+02 2.900000000000000000e+01
8.063400000000000318e+02 4.959700000000000273e+02 2.900000000000000000e+01
7.130000000000000000e+02 6.185199999999999818e+02 3.000000000000000000e+01
3.720000000000000000e+02 1.286500000000000000e+03 2.900000000000000000e+01
6.990099999999999909e+02 1.243700000000000045e+03 2.900000000000000000e+01
3.004700000000000273e+02 7.284500000000000455e+02 2.900000000000000000e+01
1.258400000000000091e+03 1.056799999999999955e+03 2.900000000000000000e+01
2.049000000000000057e+02 1.575099999999999909e+02 2.900000000000000000e+01
1.179700000000000045e+03 3.564300000000000068e+02 2.900000000000000000e+01
9.888600000000000136e+02 1.086299999999999955e+03 2.900000000000000000e+01
8.968099999999999454e+02 3.417900000000000205e+02 2.900000000000000000e+01
7.346799999999999500e+02 1.503300000000000125e+02 3.000000000000000000e+01
1.057500000000000000e+03 9.885199999999999818e+02 2.900000000000000000e+01
2.248600000000000136e+02 8.747799999999999727e+02 2.900000000000000000e+01
2.502899999999999920e+02 6.390700000000000500e+02 2.900000000000000000e+01
8.340499999999999545e+02 1.524699999999999989e+02 2.900000000000000000e+01
3.609100000000000250e+02 3.699800000000000182e+02 2.900000000000000000e+01
1.439299999999999955e+03 1.420099999999999909e+03 2.900000000000000000e+01
1.000700000000000045e+03 1.453700000000000045e+03 2.900000000000000000e+01
1.198200000000000045e+03 8.170299999999999727e+02 2.900000000000000000e+01
3.493600000000000136e+02 1.433000000000000000e+03 2.900000000000000000e+01
1.328000000000000000e+03 3.702900000000000205e+02 2.900000000000000000e+01
7.914400000000000546e+02 8.205399999999999636e+02 2.900000000000000000e+01
5.565299999999999727e+02 7.334700000000000273e+02 2.900000000000000000e+01
2.470600000000000023e+02 1.128500000000000000e+03 2.900000000000000000e+01
4.061100000000000136e+02 4.415099999999999909e+02 2.900000000000000000e+01
8.528500000000000227e+02 8.305599999999999454e+02 2.900000000000000000e+01
4.697099999999999795e+02 1.023100000000000023e+03 2.900000000000000000e+01
1.144599999999999909e+03 5.577100000000000364e+02 2.900000000000000000e+01
8.930800000000000409e+02 1.486599999999999966e+02 2.900000000000000000e+01
8.642599999999999909e+02 3.921100000000000136e+02 2.900000000000000000e+01
8.041599999999999682e+02 9.770099999999999909e+02 2.900000000000000000e+01
1.196099999999999909e+03 1.136500000000000000e+03 2.900000000000000000e+01
8.135800000000000409e+02 9.186399999999999864e+02 2.900000000000000000e+01
1.046799999999999955e+03 7.478999999999999773e+02 2.900000000000000000e+01
8.875099999999999909e+02 1.384000000000000000e+03 2.900000000000000000e+01
5.550099999999999909e+02 6.130299999999999727e+02 2.900000000000000000e+01
6.644500000000000455e+02 3.934300000000000068e+02 2.900000000000000000e+01
1.415000000000000000e+03 7.454099999999999682e+02 2.900000000000000000e+01
4.072300000000000182e+02 7.398799999999999955e+02 2.900000000000000000e+01
1.372400000000000091e+03 4.805899999999999750e+02 2.900000000000000000e+01
8.929400000000000546e+02 7.275000000000000000e+02 2.900000000000000000e+01
5.922599999999999909e+02 1.474000000000000000e+03 2.900000000000000000e+01
6.355000000000000000e+02 1.959699999999999989e+02 2.900000000000000000e+01
1.481500000000000000e+03 1.365200000000000045e+03 2.900000000000000000e+01
1.047000000000000000e+03 1.076500000000000000e+03 2.900000000000000000e+01
2.583399999999999750e+02 5.790099999999999909e+02 2.900000000000000000e+01
9.490900000000000318e+02 8.151399999999999864e+02 2.900000000000000000e+01
1.128500000000000000e+03 1.037000000000000000e+03 2.900000000000000000e+01
1.141799999999999955e+03 1.489000000000000057e+02 2.900000000000000000e+01
1.389000000000000000e+03 3.812799999999999727e+02 2.900000000000000000e+01
6.130599999999999454e+02 8.435900000000000318e+02 2.900000000000000000e+01
6.018899999999999864e+02 9.523300000000000409e+02 2.900000000000000000e+01
8.105099999999999909e+02 1.410099999999999909e+03 2.900000000000000000e+01
1.208299999999999955e+03 2.418799999999999955e+02 2.900000000000000000e+01
5.045099999999999909e+02 7.014700000000000273e+02 2.900000000000000000e+01
9.544500000000000455e+02 3.260000000000000000e+02 2.900000000000000000e+01
8.515700000000000500e+02 3.029200000000000159e+02 2.900000000000000000e+01
7.521699999999999591e+02 6.638500000000000227e+02 2.900000000000000000e+01
5.359900000000000091e+02 1.565500000000000000e+03 3.000000000000000000e+01
1.115000000000000000e+03 1.546500000000000000e+03 3.000000000000000000e+01
1.120500000000000000e+03 6.104600000000000364e+02 2.900000000000000000e+01
5.736000000000000227e+02 1.048599999999999909e+03 2.900000000000000000e+01
6.362100000000000364e+02 1.565200000000000045e+03 2.900000000000000000e+01
8.869400000000000546e+02 1.271500000000000000e+03 2.900000000000000000e+01
1.060500000000000000e+03 4.375099999999999909e+02 2.900000000000000000e+01
9.290800000000000409e+02 4.932099999999999795e+02 2.900000000000000000e+01
1.194800000000000040e+02 5.654900000000000091e+02 2.900000000000000000e+01
1.291099999999999909e+03 7.647200000000000273e+02 2.900000000000000000e+01
1.094500000000000000e+03 9.354800000000000182e+02 2.900000000000000000e+01
4.421899999999999977e+02 5.542599999999999909e+02 2.900000000000000000e+01
3.958899999999999864e+02 1.396200000000000045e+03 2.900000000000000000e+01
2.990000000000000000e+02 7.884600000000000364e+02 2.900000000000000000e+01
1.181900000000000091e+03 6.064099999999999682e+02 2.900000000000000000e+01
3.247599999999999909e+02 1.565800000000000125e+02 3.000000000000000000e+01
4.260299999999999727e+02 4.972300000000000182e+02 2.900000000000000000e+01
3.114100000000000250e+02 6.098899999999999864e+02 2.900000000000000000e+01
3.645199999999999818e+02 4.844700000000000273e+02 2.900000000000000000e+01
1.361999999999999886e+02 1.047900000000000091e+03 2.900000000000000000e+01
1.335200000000000045e+03 3.120799999999999841e+02 2.900000000000000000e+01
1.144299999999999955e+03 1.454400000000000091e+03 2.900000000000000000e+01
3.948199999999999932e+02 9.576000000000000227e+02 2.900000000000000000e+01
3.129800000000000182e+02 1.385500000000000000e+03 3.000000000000000000e+01
6.956200000000000045e+02 1.957500000000000000e+02 2.900000000000000000e+01
7.187100000000000364e+02 5.610800000000000409e+02 2.900000000000000000e+01
3.542400000000000091e+02 7.671499999999999773e+02 2.900000000000000000e+01
1.190499999999999972e+02 4.472099999999999795e+02 2.900000000000000000e+01
7.271100000000000136e+02 4.092699999999999818e+02 2.900000000000000000e+01
8.958799999999999955e+02 4.433199999999999932e+02 2.900000000000000000e+01
1.030900000000000091e+03 4.896200000000000045e+02 2.900000000000000000e+01
1.148799999999999955e+03 7.824900000000000091e+02 2.900000000000000000e+01
8.098500000000000227e+02 6.760099999999999909e+02 2.900000000000000000e+01
2.995500000000000114e+02 9.599700000000000273e+02 2.900000000000000000e+01
3.905099999999999909e+02 5.995599999999999454e+02 2.900000000000000000e+01
9.425099999999999909e+02 1.248900000000000091e+03 2.900000000000000000e+01
1.394900000000000091e+03 5.984400000000000546e+02 2.900000000000000000e+01
1.233599999999999909e+03 3.821399999999999864e+02 2.900000000000000000e+01
4.535699999999999932e+02 2.099499999999999886e+02 2.900000000000000000e+01
4.689900000000000091e+02 3.198999999999999773e+02 2.900000000000000000e+01
6.088600000000000136e+02 6.454500000000000455e+02 2.900000000000000000e+01
6.149199999999999591e+02 7.457599999999999909e+02 2.900000000000000000e+01
1.010200000000000045e+03 1.179200000000000045e+03 2.900000000000000000e+01
3.705199999999999818e+02 1.505500000000000000e+03 3.000000000000000000e+01
1.037599999999999909e+03 3.228600000000000136e+02 2.900000000000000000e+01
7.684600000000000364e+02 2.000500000000000114e+02 3.000000000000000000e+01
8.935800000000000409e+02 7.865299999999999727e+02 2.900000000000000000e+01
6.801499999999999773e+02 1.523900000000000091e+03 2.900000000000000000e+01
2.348199999999999932e+02 2.091399999999999864e+02 2.900000000000000000e+01
9.452699999999999818e+02 7.553400000000000318e+02 2.900000000000000000e+01
1.335000000000000000e+03 8.036499999999999773e+02 2.900000000000000000e+01
3.580899999999999750e+02 6.483700000000000045e+02 2.900000000000000000e+01
5.113999999999999773e+02 8.031900000000000546e+02 2.900000000000000000e+01
4.035500000000000114e+02 1.456099999999999909e+03 2.900000000000000000e+01
1.097999999999999972e+02 3.882699999999999818e+02 2.900000000000000000e+01
9.289800000000000182e+02 1.090299999999999955e+03 2.900000000000000000e+01
1.234000000000000000e+03 1.284000000000000000e+03 2.900000000000000000e+01
6.664500000000000455e+02 2.472700000000000102e+02 2.900000000000000000e+01
4.530699999999999932e+02 8.337999999999999545e+02 2.900000000000000000e+01
1.746999999999999886e+02 2.092899999999999920e+02 2.900000000000000000e+01
8.954900000000000091e+02 5.420000000000000000e+02 2.900000000000000000e+01
1.186900000000000091e+03 1.369599999999999909e+03 2.900000000000000000e+01
1.064500000000000000e+03 8.364299999999999500e+02 2.900000000000000000e+01
4.975500000000000114e+02 5.815900000000000318e+02 2.900000000000000000e+01
1.060799999999999955e+03 3.799800000000000182e+02 2.900000000000000000e+01
1.435500000000000000e+03 4.669700000000000273e+02 2.900000000000000000e+01
1.293299999999999955e+03 8.439500000000000455e+02 2.900000000000000000e+01
3.244800000000000182e+02 5.474500000000000455e+02 2.900000000000000000e+01
6.386699999999999591e+02 2.995600000000000023e+02 2.900000000000000000e+01
1.325200000000000045e+03 5.215700000000000500e+02 2.900000000000000000e+01
2.476299999999999955e+02 7.570099999999999909e+02 2.900000000000000000e+01
1.236000000000000000e+03 9.220399999999999636e+02 2.900000000000000000e+01
1.375000000000000000e+03 6.925700000000000500e+02 2.900000000000000000e+01
1.283799999999999955e+03 9.580800000000000409e+02 2.900000000000000000e+01
1.382299999999999955e+03 5.391699999999999591e+02 2.900000000000000000e+01
1.084299999999999955e+03 2.373400000000000034e+02 2.900000000000000000e+01
1.386099999999999909e+03 2.792300000000000182e+02 2.900000000000000000e+01
6.195199999999999818e+02 3.561000000000000227e+02 2.900000000000000000e+01
2.170600000000000023e+02 1.245000000000000000e+03 2.900000000000000000e+01
1.170900000000000091e+03 1.564299999999999955e+03 2.900000000000000000e+01
1.149399999999999977e+02 1.252500000000000000e+03 2.900000000000000000e+01
1.350000000000000000e+03 6.384099999999999682e+02 2.900000000000000000e+01
6.095299999999999727e+02 5.451499999999999773e+02 2.900000000000000000e+01
1.292700000000000045e+03 1.205599999999999909e+03 2.900000000000000000e+01
1.355900000000000091e+03 7.474299999999999500e+02 2.900000000000000000e+01
4.761999999999999886e+02 1.539300000000000068e+02 2.900000000000000000e+01
1.043299999999999955e+03 5.789199999999999591e+02 2.900000000000000000e+01
3.150000000000000000e+02 1.482500000000000000e+03 2.900000000000000000e+01
1.181900000000000091e+03 1.250200000000000045e+03 2.900000000000000000e+01
1.306400000000000091e+03 4.653799999999999955e+02 2.900000000000000000e+01
3.222099999999999795e+02 2.756100000000000136e+02 2.900000000000000000e+01
1.036000000000000000e+03 9.324800000000000182e+02 2.900000000000000000e+01
1.245500000000000000e+03 1.445099999999999909e+02 3.000000000000000000e+01
1.425000000000000000e+02 1.589499999999999886e+02 2.900000000000000000e+01
5.275199999999999818e+02 4.994300000000000068e+02 2.900000000000000000e+01
2.168100000000000023e+02 4.874300000000000068e+02 2.900000000000000000e+01
5.362999999999999545e+02 1.540300000000000011e+02 2.900000000000000000e+01
5.557300000000000182e+02 6.730000000000000000e+02 2.900000000000000000e+01
3.567400000000000091e+02 7.085900000000000318e+02 2.900000000000000000e+01
3.807200000000000273e+02 8.982599999999999909e+02 2.900000000000000000e+01
6.128999999999999773e+02 1.093000000000000000e+03 2.900000000000000000e+01
5.052200000000000273e+02 3.830299999999999727e+02 2.900000000000000000e+01
7.675499999999999545e+02 5.964700000000000273e+02 2.900000000000000000e+01
6.624700000000000273e+02 1.467000000000000000e+03 2.900000000000000000e+01
5.090199999999999818e+02 4.424900000000000091e+02 2.900000000000000000e+01
1.188400000000000091e+03 1.865699999999999932e+02 2.900000000000000000e+01
4.034700000000000273e+02 8.003300000000000409e+02 2.900000000000000000e+01
1.239299999999999955e+03 1.000600000000000023e+03 2.900000000000000000e+01
1.064599999999999909e+03 6.336499999999999773e+02 2.900000000000000000e+01
1.422900000000000091e+03 1.253000000000000000e+03 2.900000000000000000e+01
1.967199999999999989e+02 7.265399999999999636e+02 2.900000000000000000e+01
2.448899999999999864e+02 9.375099999999999909e+02 2.900000000000000000e+01
8.641399999999999864e+02 2.028400000000000034e+02 2.900000000000000000e+01
2.569399999999999977e+02 3.532500000000000000e+02 2.900000000000000000e+01
1.338099999999999909e+03 5.793899999999999864e+02 2.900000000000000000e+01
4.584499999999999886e+02 7.739600000000000364e+02 2.900000000000000000e+01
2.647300000000000182e+02 1.572599999999999909e+02 2.900000000000000000e+01
1.186000000000000000e+03 2.969599999999999795e+02 2.900000000000000000e+01
1.229299999999999955e+03 4.427900000000000205e+02 2.900000000000000000e+01
9.087000000000000455e+02 2.440800000000000125e+02 2.900000000000000000e+01
3.483299999999999841e+02 4.279100000000000250e+02 2.900000000000000000e+01
1.358000000000000000e+03 1.441299999999999955e+03 2.900000000000000000e+01
9.529400000000000546e+02 4.268799999999999955e+02 2.900000000000000000e+01
1.119400000000000091e+03 4.565299999999999727e+02 2.900000000000000000e+01
1.255900000000000091e+03 6.877100000000000364e+02 2.900000000000000000e+01
1.647400000000000091e+02 3.657300000000000182e+02 2.900000000000000000e+01
1.025299999999999955e+03 2.217800000000000011e+02 2.900000000000000000e+01
1.137399999999999949e+02 2.846600000000000250e+02 3.000000000000000000e+01
1.398799999999999955e+03 1.430600000000000023e+02 3.000000000000000000e+01
2.670699999999999932e+02 5.201799999999999500e+02 2.900000000000000000e+01
3.353600000000000136e+02 2.165099999999999909e+02 2.900000000000000000e+01
1.344599999999999909e+03 1.285900000000000091e+03 2.900000000000000000e+01
6.702999999999999545e+02 1.188700000000000045e+03 2.900000000000000000e+01
1.253599999999999909e+03 6.271200000000000045e+02 2.900000000000000000e+01
1.136200000000000045e+03 1.142500000000000000e+03 2.900000000000000000e+01
1.178000000000000000e+03 8.764700000000000273e+02 2.900000000000000000e+01
3.841700000000000159e+02 5.408400000000000318e+02 2.900000000000000000e+01
4.899700000000000273e+02 9.665599999999999454e+02 2.900000000000000000e+01
1.219899999999999949e+02 5.059399999999999977e+02 3.000000000000000000e+01
1.650000000000000000e+02 9.950399999999999636e+02 2.900000000000000000e+01
6.685099999999999909e+02 5.299299999999999500e+02 2.900000000000000000e+01
1.247700000000000045e+03 2.877400000000000091e+02 2.900000000000000000e+01
2.549300000000000068e+02 4.404100000000000250e+02 2.900000000000000000e+01
1.319099999999999909e+03 1.071700000000000045e+03 2.900000000000000000e+01
7.486399999999999864e+02 9.999199999999999591e+02 2.900000000000000000e+01
4.526000000000000227e+02 6.737699999999999818e+02 2.900000000000000000e+01
2.496500000000000057e+02 6.972599999999999909e+02 2.900000000000000000e+01
1.239900000000000091e+03 1.342500000000000000e+03 2.900000000000000000e+01
2.073100000000000023e+02 1.303500000000000000e+03 2.900000000000000000e+01
4.480799999999999841e+02 6.150900000000000318e+02 2.900000000000000000e+01
5.608500000000000227e+02 4.080799999999999841e+02 2.900000000000000000e+01
4.449900000000000091e+02 9.283500000000000227e+02 2.900000000000000000e+01
1.236299999999999955e+03 8.625599999999999454e+02 2.900000000000000000e+01
1.039400000000000091e+03 1.461399999999999864e+02 2.900000000000000000e+01
1.206400000000000006e+02 6.639299999999999500e+02 2.900000000000000000e+01
1.355000000000000000e+03 1.825300000000000011e+02 2.900000000000000000e+01
6.080399999999999636e+02 2.488700000000000045e+02 2.900000000000000000e+01
5.762799999999999727e+02 1.415500000000000000e+03 2.900000000000000000e+01
6.261799999999999500e+02 4.876800000000000068e+02 2.900000000000000000e+01
1.159000000000000000e+03 4.108600000000000136e+02 2.900000000000000000e+01
1.096599999999999909e+03 1.489799999999999955e+03 2.900000000000000000e+01
5.514099999999999682e+02 8.437899999999999636e+02 2.900000000000000000e+01
1.374700000000000045e+03 1.090799999999999955e+03 2.900000000000000000e+01
9.535399999999999636e+02 6.275900000000000318e+02 2.900000000000000000e+01
1.577400000000000091e+02 6.153899999999999864e+02 2.900000000000000000e+01
8.555900000000000318e+02 6.352699999999999818e+02 2.900000000000000000e+01
7.337999999999999545e+01 1.170799999999999955e+03 2.000000000000000000e+01
1.337000000000000000e+03 1.394299999999999955e+03 2.000000000000000000e+01
3.519100000000000250e+02 1.107599999999999909e+03 2.000000000000000000e+01
5.968700000000000045e+02 1.004000000000000000e+03 2.100000000000000000e+01
9.795700000000000500e+02 4.920699999999999932e+02 2.000000000000000000e+01
1.484500000000000000e+03 6.557899999999999636e+02 2.100000000000000000e+01
1.402799999999999955e+03 1.186099999999999909e+03 2.100000000000000000e+01
6.969700000000000273e+01 1.101900000000000091e+03 2.000000000000000000e+01
1.077500000000000000e+03 1.035099999999999909e+03 2.000000000000000000e+01
1.488099999999999909e+03 1.046200000000000045e+03 2.000000000000000000e+01
8.174199999999999591e+02 1.324000000000000000e+03 2.000000000000000000e+01
7.159400000000000546e+02 1.291500000000000000e+03 2.000000000000000000e+01
5.476599999999999682e+02 1.102000000000000000e+03 2.000000000000000000e+01
1.226200000000000045e+03 1.096400000000000091e+03 2.000000000000000000e+01
2.510500000000000114e+02 1.368599999999999909e+03 2.100000000000000000e+01
2.814200000000000159e+02 2.455699999999999932e+02 2.000000000000000000e+01
7.407500000000000000e+02 7.133700000000000045e+02 2.000000000000000000e+01
1.190099999999999909e+03 1.313200000000000045e+03 2.100000000000000000e+01
1.298400000000000091e+03 6.590000000000000000e+02 2.000000000000000000e+01
1.150000000000000000e+03 8.335299999999999727e+02 2.000000000000000000e+01
1.184900000000000091e+03 7.468200000000000500e+02 2.000000000000000000e+01
7.016400000000000148e+01 9.401699999999999591e+02 2.100000000000000000e+01
8.829700000000000273e+02 1.573000000000000000e+03 2.100000000000000000e+01
6.769500000000000455e+02 4.805600000000000023e+02 2.000000000000000000e+01
4.275699999999999932e+02 8.788200000000000500e+02 2.000000000000000000e+01
9.191299999999999955e+02 3.882400000000000091e+02 2.000000000000000000e+01
9.109299999999999500e+02 2.946499999999999773e+02 1.900000000000000000e+01
8.869800000000000182e+02 1.121700000000000045e+03 2.000000000000000000e+01
7.673200000000000500e+02 1.114599999999999909e+03 2.100000000000000000e+01
1.240300000000000011e+02 1.303000000000000000e+03 2.000000000000000000e+01
4.467099999999999795e+02 4.096600000000000250e+02 2.000000000000000000e+01
6.713099999999999454e+02 3.377900000000000205e+02 2.100000000000000000e+01
7.096800000000000352e+01 8.327899999999999636e+02 2.000000000000000000e+01
2.700500000000000114e+02 1.173700000000000045e+03 2.000000000000000000e+01
1.064099999999999909e+03 1.168099999999999909e+03 2.000000000000000000e+01
5.250499999999999545e+02 2.342199999999999989e+02 2.000000000000000000e+01
7.450499999999999545e+02 7.940499999999999545e+02 2.100000000000000000e+01
7.980399999999999636e+02 1.084299999999999955e+03 2.100000000000000000e+01
7.226200000000000045e+01 1.575099999999999909e+03 2.000000000000000000e+01
1.111700000000000017e+02 3.369900000000000091e+02 2.100000000000000000e+01
9.425900000000000318e+02 9.876900000000000546e+02 2.000000000000000000e+01
1.429400000000000091e+03 5.591000000000000227e+02 2.000000000000000000e+01
7.130800000000000693e+01 3.118799999999999955e+02 2.000000000000000000e+01
1.140900000000000091e+03 7.320399999999999636e+02 2.100000000000000000e+01
1.488599999999999909e+03 1.120200000000000045e+03 2.000000000000000000e+01
1.079200000000000017e+02 1.512799999999999955e+03 2.100000000000000000e+01
3.599499999999999886e+02 3.117599999999999909e+02 2.000000000000000000e+01
7.830299999999999727e+02 7.188200000000000500e+02 2.000000000000000000e+01
1.490400000000000091e+03 1.463099999999999909e+03 2.100000000000000000e+01
1.665300000000000011e+02 1.405099999999999909e+03 2.100000000000000000e+01
2.869800000000000182e+02 2.040300000000000011e+02 2.100000000000000000e+01
6.901099999999999568e+01 1.274200000000000045e+03 2.000000000000000000e+01
9.663300000000000409e+02 5.779500000000000455e+02 2.000000000000000000e+01
9.962899999999999636e+02 4.532799999999999727e+02 2.000000000000000000e+01
1.001399999999999977e+03 8.286900000000000546e+02 2.000000000000000000e+01
5.875099999999999909e+02 3.145400000000000205e+02 2.100000000000000000e+01
8.834000000000000341e+01 1.064000000000000000e+03 2.000000000000000000e+01
8.621399999999999864e+02 6.862100000000000364e+02 2.000000000000000000e+01
8.359900000000000091e+02 1.367200000000000045e+03 2.000000000000000000e+01
1.354000000000000000e+03 1.035900000000000091e+03 2.000000000000000000e+01
7.101000000000000512e+01 6.388799999999999955e+02 2.100000000000000000e+01
2.093300000000000125e+02 1.094900000000000091e+03 2.000000000000000000e+01
8.459800000000000182e+02 1.240500000000000000e+03 2.000000000000000000e+01
1.167000000000000028e+02 1.095599999999999909e+03 2.000000000000000000e+01
7.116100000000000136e+01 7.392100000000000364e+02 2.100000000000000000e+01
7.052799999999999727e+02 3.628500000000000227e+02 2.000000000000000000e+01
6.022100000000000364e+02 5.950199999999999818e+02 2.000000000000000000e+01
8.747300000000000182e+02 5.892999999999999545e+02 2.000000000000000000e+01
1.235599999999999909e+03 5.400099999999999909e+02 2.000000000000000000e+01
6.815300000000000580e+01 1.439799999999999955e+03 2.000000000000000000e+01
1.082700000000000045e+03 1.379700000000000045e+03 2.000000000000000000e+01
1.475299999999999955e+03 5.680299999999999727e+02 2.100000000000000000e+01
7.550499999999999545e+02 1.378599999999999909e+03 2.000000000000000000e+01
1.135099999999999909e+03 3.304499999999999886e+02 2.000000000000000000e+01
7.939099999999999682e+02 1.361700000000000045e+03 2.100000000000000000e+01
9.573300000000000409e+02 2.226100000000000136e+02 2.100000000000000000e+01
7.121899999999999409e+01 6.814099999999999682e+02 2.100000000000000000e+01
7.618899999999999864e+02 7.545000000000000000e+02 2.000000000000000000e+01
1.010199999999999960e+02 1.204099999999999909e+03 2.000000000000000000e+01
2.650799999999999841e+02 1.225799999999999955e+03 2.000000000000000000e+01
9.029400000000000546e+02 1.161500000000000000e+03 2.000000000000000000e+01
1.191900000000000091e+03 1.420299999999999955e+03 2.100000000000000000e+01
6.610199999999999818e+02 7.687699999999999818e+02 2.000000000000000000e+01
7.189800000000000182e+02 3.229900000000000091e+02 2.000000000000000000e+01
7.184999999999999432e+01 4.644700000000000273e+02 2.000000000000000000e+01
6.894800000000000182e+02 2.925000000000000000e+02 2.100000000000000000e+01
1.068599999999999909e+03 8.912999999999999545e+02 2.000000000000000000e+01
1.484900000000000091e+03 6.130599999999999454e+02 2.100000000000000000e+01
1.608400000000000034e+02 1.325299999999999955e+03 2.000000000000000000e+01
3.049700000000000273e+02 1.197700000000000045e+03 2.000000000000000000e+01
1.491500000000000057e+02 7.060800000000000409e+02 2.100000000000000000e+01
7.201699999999999591e+02 4.660400000000000205e+02 2.000000000000000000e+01
7.100499999999999545e+01 4.220400000000000205e+02 2.100000000000000000e+01
7.036899999999999977e+01 1.025400000000000091e+03 2.100000000000000000e+01
3.047500000000000000e+02 1.240400000000000091e+03 2.000000000000000000e+01
9.295800000000000409e+02 1.299200000000000045e+03 2.100000000000000000e+01
1.049000000000000000e+03 1.353599999999999909e+03 2.000000000000000000e+01
6.799399999999999977e+01 1.490299999999999955e+03 2.100000000000000000e+01
9.991799999999999500e+02 6.046599999999999682e+02 2.000000000000000000e+01
1.490000000000000000e+03 1.417500000000000000e+03 2.100000000000000000e+01
3.963100000000000023e+02 2.891100000000000136e+02 2.000000000000000000e+01
9.040000000000000000e+02 8.360199999999999818e+02 2.000000000000000000e+01
1.403599999999999909e+03 1.048500000000000000e+03 2.000000000000000000e+01
2.017800000000000011e+02 7.793999999999999773e+02 2.100000000000000000e+01
9.225199999999999818e+02 1.421500000000000000e+03 2.100000000000000000e+01
9.879400000000000546e+02 1.573400000000000091e+03 2.100000000000000000e+01
9.973500000000000227e+02 3.533399999999999750e+02 2.000000000000000000e+01
5.070299999999999727e+02 1.962100000000000080e+02 2.000000000000000000e+01
5.576100000000000136e+02 4.594800000000000182e+02 2.000000000000000000e+01
1.354599999999999909e+03 9.126900000000000546e+02 2.000000000000000000e+01
1.015700000000000045e+03 7.079299999999999500e+02 2.000000000000000000e+01
7.151900000000000546e+01 9.829299999999999500e+02 2.000000000000000000e+01
4.708999999999999773e+02 8.819800000000000182e+02 2.000000000000000000e+01
2.079900000000000091e+02 1.163799999999999955e+03 2.000000000000000000e+01
1.427900000000000091e+03 7.956799999999999500e+02 2.000000000000000000e+01
1.840500000000000114e+02 1.129299999999999955e+03 2.000000000000000000e+01
8.017999999999999545e+02 5.470499999999999545e+02 2.000000000000000000e+01
4.192599999999999909e+02 1.306200000000000045e+03 2.000000000000000000e+01
8.172699999999999818e+02 8.670299999999999727e+02 2.000000000000000000e+01
4.566000000000000227e+02 3.689800000000000182e+02 2.000000000000000000e+01
7.746599999999999682e+02 8.680499999999999545e+02 2.000000000000000000e+01
1.267900000000000091e+03 1.572000000000000000e+03 2.100000000000000000e+01
1.139500000000000000e+03 5.040000000000000000e+02 2.000000000000000000e+01
6.272599999999999909e+02 7.951299999999999955e+02 2.000000000000000000e+01
7.619299999999999500e+02 5.328799999999999955e+02 2.000000000000000000e+01
1.035500000000000000e+03 2.719700000000000273e+02 2.000000000000000000e+01
7.465399999999999636e+02 1.262599999999999909e+03 2.000000000000000000e+01
1.484000000000000000e+03 2.743399999999999750e+02 2.000000000000000000e+01
4.179599999999999795e+02 1.263099999999999909e+03 2.100000000000000000e+01
8.181399999999999864e+02 6.000199999999999818e+02 2.000000000000000000e+01
1.062000000000000000e+03 5.312699999999999818e+02 2.000000000000000000e+01
9.491599999999999682e+02 1.454000000000000000e+03 2.100000000000000000e+01
3.220199999999999818e+02 1.278900000000000091e+03 2.100000000000000000e+01
6.164800000000000182e+02 1.189500000000000000e+03 2.100000000000000000e+01
4.545099999999999909e+02 1.331000000000000000e+03 2.000000000000000000e+01
1.107000000000000000e+03 1.854699999999999989e+02 2.000000000000000000e+01
2.577400000000000091e+02 1.574000000000000000e+03 2.100000000000000000e+01
4.849900000000000091e+02 1.574000000000000000e+03 2.100000000000000000e+01
1.433599999999999909e+03 1.571599999999999909e+03 2.100000000000000000e+01
9.926599999999999682e+02 7.867999999999999545e+02 2.000000000000000000e+01
3.695199999999999818e+02 2.555900000000000034e+02 2.000000000000000000e+01
6.904000000000000625e+01 1.232299999999999955e+03 2.000000000000000000e+01
8.037899999999999636e+02 3.216000000000000227e+02 2.000000000000000000e+01
1.443599999999999909e+03 6.402999999999999545e+02 2.000000000000000000e+01
8.760099999999999909e+02 4.899200000000000159e+02 2.100000000000000000e+01
1.487599999999999909e+03 1.004200000000000045e+03 2.000000000000000000e+01
1.312400000000000091e+03 9.165800000000000409e+02 2.000000000000000000e+01
1.615200000000000102e+02 1.282000000000000000e+03 2.000000000000000000e+01
9.760999999999999943e+01 1.134000000000000000e+03 2.000000000000000000e+01
7.553100000000000591e+01 8.749400000000000546e+02 2.000000000000000000e+01
1.446200000000000045e+03 1.204200000000000045e+03 2.100000000000000000e+01
9.711699999999999591e+02 8.606900000000000546e+02 2.000000000000000000e+01
4.050099999999999909e+02 1.223400000000000091e+03 2.000000000000000000e+01
7.099800000000000182e+02 1.156299999999999955e+03 2.000000000000000000e+01
1.079000000000000000e+03 7.881900000000000546e+02 2.000000000000000000e+01
4.204100000000000250e+02 1.515500000000000000e+03 2.100000000000000000e+01
5.017200000000000273e+02 8.529800000000000182e+02 2.000000000000000000e+01
1.484500000000000000e+03 3.759100000000000250e+02 2.000000000000000000e+01
1.628000000000000114e+02 1.092200000000000045e+03 2.000000000000000000e+01
9.472899999999999636e+02 5.405499999999999545e+02 2.000000000000000000e+01
1.109799999999999955e+03 6.607999999999999545e+02 1.900000000000000000e+01
1.324799999999999898e+02 2.380099999999999909e+02 2.000000000000000000e+01
9.864400000000000546e+02 1.394000000000000057e+02 2.100000000000000000e+01
1.484900000000000091e+03 6.976599999999999682e+02 2.000000000000000000e+01
3.940799999999999841e+02 8.496799999999999500e+02 2.000000000000000000e+01
9.243600000000000136e+02 5.848500000000000227e+02 2.000000000000000000e+01
1.110200000000000045e+03 8.154700000000000273e+02 1.900000000000000000e+01
7.940000000000000000e+02 1.204000000000000000e+03 2.100000000000000000e+01
6.472799999999999727e+02 7.058600000000000136e+02 2.000000000000000000e+01
5.684600000000000364e+02 3.576000000000000227e+02 2.000000000000000000e+01
4.415099999999999909e+02 1.421400000000000091e+03 2.100000000000000000e+01
1.132000000000000028e+02 8.321399999999999864e+02 2.000000000000000000e+01
1.348799999999999955e+03 1.490599999999999909e+03 2.000000000000000000e+01
2.128899999999999864e+02 6.041599999999999682e+02 2.000000000000000000e+01
1.367099999999999909e+03 2.315800000000000125e+02 2.000000000000000000e+01
1.558300000000000125e+02 3.157400000000000091e+02 2.000000000000000000e+01
1.090500000000000000e+03 1.423700000000000045e+02 2.100000000000000000e+01
8.345299999999999727e+02 3.514900000000000091e+02 2.000000000000000000e+01
1.603000000000000114e+02 4.163399999999999750e+02 2.000000000000000000e+01
1.110200000000000045e+03 3.648399999999999750e+02 2.000000000000000000e+01
7.134400000000000546e+02 5.082500000000000000e+02 2.100000000000000000e+01
1.217500000000000000e+03 5.013500000000000227e+02 2.000000000000000000e+01
1.437299999999999898e+02 1.204299999999999955e+03 2.000000000000000000e+01
1.408200000000000045e+03 1.128500000000000000e+03 2.100000000000000000e+01
9.885099999999999909e+02 1.226500000000000000e+03 2.100000000000000000e+01
1.390000000000000000e+03 1.401799999999999955e+03 2.100000000000000000e+01
7.555099999999999909e+02 1.221700000000000045e+03 2.000000000000000000e+01
7.151099999999999568e+01 5.488400000000000318e+02 2.000000000000000000e+01
1.333500000000000000e+03 9.539900000000000091e+02 2.000000000000000000e+01
8.612599999999999909e+02 1.427599999999999909e+03 2.100000000000000000e+01
9.955900000000000318e+02 7.445199999999999818e+02 2.000000000000000000e+01
1.090099999999999909e+03 3.276499999999999773e+02 2.000000000000000000e+01
1.401900000000000091e+03 6.484600000000000364e+02 2.000000000000000000e+01
5.977400000000000091e+02 4.460000000000000000e+02 2.000000000000000000e+01
1.033299999999999955e+03 7.972300000000000182e+02 2.000000000000000000e+01
1.108500000000000000e+03 9.904500000000000455e+02 1.900000000000000000e+01
1.302799999999999955e+03 6.166799999999999500e+02 2.000000000000000000e+01
1.347299999999999955e+03 9.945700000000000500e+02 2.000000000000000000e+01
5.045500000000000114e+02 7.523899999999999864e+02 2.000000000000000000e+01
1.482700000000000045e+03 4.238799999999999955e+02 2.100000000000000000e+01
1.329200000000000045e+03 1.121200000000000045e+03 2.000000000000000000e+01
8.119800000000000182e+02 1.165000000000000000e+03 2.100000000000000000e+01
9.490000000000000000e+02 2.753399999999999750e+02 2.000000000000000000e+01
1.216500000000000057e+02 8.732000000000000455e+02 2.000000000000000000e+01
1.376400000000000091e+03 1.230799999999999955e+03 2.100000000000000000e+01
7.074700000000000273e+02 1.032500000000000000e+03 2.100000000000000000e+01
4.766800000000000068e+02 4.873899999999999864e+02 2.000000000000000000e+01
1.484000000000000000e+03 4.825000000000000000e+02 2.000000000000000000e+01
1.492099999999999909e+03 1.570500000000000000e+03 2.100000000000000000e+01
8.262399999999999523e+01 1.314700000000000045e+03 2.100000000000000000e+01
4.470199999999999818e+02 1.481900000000000091e+03 2.100000000000000000e+01
7.040099999999999909e+02 9.765299999999999727e+02 2.000000000000000000e+01
1.424699999999999989e+02 9.105099999999999909e+02 2.000000000000000000e+01
1.249399999999999977e+02 7.470199999999999818e+02 2.100000000000000000e+01
6.917499999999999716e+01 1.354700000000000045e+03 2.000000000000000000e+01
1.297599999999999909e+03 2.774399999999999977e+02 2.000000000000000000e+01
1.207500000000000000e+03 1.058299999999999955e+03 2.000000000000000000e+01
1.132500000000000000e+03 1.240500000000000000e+03 2.100000000000000000e+01
8.490399999999999636e+02 5.225399999999999636e+02 2.000000000000000000e+01
1.105400000000000091e+03 4.071100000000000136e+02 2.000000000000000000e+01
5.448600000000000136e+02 1.455200000000000045e+03 2.000000000000000000e+01
4.040099999999999909e+02 6.893300000000000409e+02 2.000000000000000000e+01
1.195599999999999909e+03 5.573700000000000045e+02 2.000000000000000000e+01
2.150999999999999943e+02 1.574299999999999955e+03 2.100000000000000000e+01
1.734000000000000057e+02 5.128200000000000500e+02 2.000000000000000000e+01
1.217299999999999955e+03 7.187699999999999818e+02 2.000000000000000000e+01
5.779700000000000273e+02 5.046399999999999864e+02 2.000000000000000000e+01
2.732500000000000000e+02 3.039399999999999977e+02 2.000000000000000000e+01
1.177900000000000091e+03 7.054099999999999682e+02 2.000000000000000000e+01
1.666100000000000136e+02 1.240200000000000045e+03 2.100000000000000000e+01
4.455299999999999727e+02 1.378500000000000000e+03 2.100000000000000000e+01
6.848799999999999955e+01 1.396500000000000000e+03 2.100000000000000000e+01
9.949700000000000273e+02 2.953500000000000227e+02 2.000000000000000000e+01
7.207699999999999818e+02 1.197400000000000091e+03 2.100000000000000000e+01
2.529300000000000068e+02 1.325700000000000045e+03 2.000000000000000000e+01
6.233300000000000409e+02 1.041599999999999909e+03 2.000000000000000000e+01
1.890300000000000011e+02 1.202500000000000000e+03 2.000000000000000000e+01
1.321500000000000000e+03 2.212400000000000091e+02 2.100000000000000000e+01
1.085300000000000011e+02 1.006399999999999977e+03 2.000000000000000000e+01
1.490799999999999955e+03 1.506900000000000091e+03 2.100000000000000000e+01
9.000900000000000318e+02 9.892400000000000091e+02 2.000000000000000000e+01
1.234900000000000091e+03 1.393900000000000091e+03 2.000000000000000000e+01
6.011900000000000546e+02 6.962000000000000455e+02 2.000000000000000000e+01
2.343100000000000023e+02 1.196700000000000045e+03 2.000000000000000000e+01
1.482900000000000091e+03 2.311299999999999955e+02 2.100000000000000000e+01
1.488799999999999955e+03 1.205200000000000045e+03 2.000000000000000000e+01
1.445099999999999909e+03 1.047200000000000045e+03 2.000000000000000000e+01
7.635299999999999727e+02 9.079400000000000546e+02 2.000000000000000000e+01
1.222099999999999909e+03 1.572500000000000000e+03 2.000000000000000000e+01
1.382700000000000045e+03 3.304399999999999977e+02 2.100000000000000000e+01
1.225799999999999955e+03 1.530400000000000091e+03 2.100000000000000000e+01
1.407199999999999989e+02 7.989199999999999591e+02 2.000000000000000000e+01
1.366900000000000091e+03 8.564800000000000182e+02 2.000000000000000000e+01
1.106099999999999909e+03 7.565299999999999727e+02 2.000000000000000000e+01
1.185299999999999955e+03 9.253400000000000318e+02 2.000000000000000000e+01
4.080799999999999841e+02 3.912500000000000000e+02 2.000000000000000000e+01
1.487000000000000000e+03 8.586900000000000546e+02 2.000000000000000000e+01
4.306600000000000250e+02 2.649700000000000273e+02 2.100000000000000000e+01
7.178400000000000603e+01 2.097400000000000091e+02 2.100000000000000000e+01
1.490599999999999909e+03 1.306299999999999955e+03 2.000000000000000000e+01
8.410000000000000000e+02 5.639299999999999500e+02 2.000000000000000000e+01
1.483700000000000045e+03 1.162799999999999955e+03 2.000000000000000000e+01
1.048500000000000000e+03 6.812500000000000000e+02 2.000000000000000000e+01
1.444099999999999909e+03 8.475000000000000000e+02 2.000000000000000000e+01
9.014700000000000273e+02 1.031099999999999909e+03 2.000000000000000000e+01
1.140599999999999909e+03 9.130599999999999454e+02 2.000000000000000000e+01
2.234199999999999875e+02 1.531599999999999909e+03 2.100000000000000000e+01
1.308700000000000045e+03 1.428299999999999955e+03 2.000000000000000000e+01
1.135000000000000000e+02 1.998799999999999955e+02 2.000000000000000000e+01
3.064499999999999886e+02 1.573099999999999909e+03 2.000000000000000000e+01
6.873700000000000045e+02 1.573900000000000091e+03 2.000000000000000000e+01
1.238199999999999932e+02 1.167900000000000091e+03 2.000000000000000000e+01
9.181299999999999955e+02 1.934499999999999886e+02 2.000000000000000000e+01
1.656599999999999966e+02 1.167799999999999955e+03 2.000000000000000000e+01
6.218300000000000409e+02 1.392299999999999955e+03 2.000000000000000000e+01
1.065300000000000011e+02 6.149199999999999591e+02 2.000000000000000000e+01
1.251299999999999955e+03 8.144199999999999591e+02 2.000000000000000000e+01
1.361900000000000091e+03 1.531000000000000000e+03 2.100000000000000000e+01
1.385900000000000091e+03 1.009700000000000045e+03 2.000000000000000000e+01
9.819199999999999591e+02 1.136299999999999955e+03 2.000000000000000000e+01
8.259900000000000091e+02 1.052000000000000000e+03 2.100000000000000000e+01
4.150600000000000023e+02 1.348900000000000091e+03 2.100000000000000000e+01
7.131699999999999591e+02 1.393299999999999955e+03 2.000000000000000000e+01
1.720500000000000114e+02 1.574299999999999955e+03 2.100000000000000000e+01
9.409800000000000182e+02 1.568500000000000000e+03 2.100000000000000000e+01
1.065299999999999955e+03 1.124299999999999955e+03 1.900000000000000000e+01
1.449400000000000091e+03 1.137000000000000000e+03 2.000000000000000000e+01
6.467799999999999727e+02 1.439900000000000091e+02 2.000000000000000000e+01
1.397799999999999955e+03 9.098400000000000318e+02 2.000000000000000000e+01
7.837100000000000364e+02 1.548500000000000000e+03 2.100000000000000000e+01
1.313099999999999909e+03 1.513099999999999909e+03 2.100000000000000000e+01
1.338000000000000000e+03 1.339799999999999898e+02 2.100000000000000000e+01
8.372699999999999818e+02 1.199000000000000000e+03 2.000000000000000000e+01
2.711399999999999864e+02 8.947799999999999727e+02 2.000000000000000000e+01
1.064500000000000000e+03 1.904799999999999898e+02 2.100000000000000000e+01
1.406400000000000091e+03 1.459500000000000000e+03 2.100000000000000000e+01
1.205500000000000000e+03 9.623999999999999773e+02 2.000000000000000000e+01
9.677599999999999909e+02 1.492099999999999909e+03 2.100000000000000000e+01
7.847799999999999727e+02 1.412500000000000000e+02 2.000000000000000000e+01
1.310000000000000000e+03 1.470299999999999955e+03 2.100000000000000000e+01
1.049200000000000045e+03 1.468900000000000091e+03 2.100000000000000000e+01
1.000799999999999983e+02 9.096900000000000546e+02 2.000000000000000000e+01
1.391700000000000045e+03 1.499500000000000000e+03 2.100000000000000000e+01
1.444500000000000000e+03 5.976699999999999591e+02 2.000000000000000000e+01
1.256799999999999955e+03 4.851999999999999886e+02 2.000000000000000000e+01
1.274700000000000045e+03 5.225599999999999454e+02 2.000000000000000000e+01
1.024099999999999909e+03 1.130299999999999955e+03 2.000000000000000000e+01
9.992100000000000364e+02 1.796399999999999864e+02 2.000000000000000000e+01
1.091799999999999955e+03 5.680000000000000000e+02 2.000000000000000000e+01
1.278099999999999909e+03 8.934800000000000182e+02 2.000000000000000000e+01
8.441599999999999682e+02 7.799700000000000273e+02 2.000000000000000000e+01
4.855099999999999909e+02 5.291100000000000136e+02 2.000000000000000000e+01
4.565500000000000114e+02 4.509499999999999886e+02 2.000000000000000000e+01
5.279500000000000455e+02 8.883700000000000045e+02 2.000000000000000000e+01
1.075299999999999955e+03 2.884499999999999886e+02 2.000000000000000000e+01
1.400099999999999909e+03 4.305400000000000205e+02 2.000000000000000000e+01
7.041400000000000148e+01 3.544300000000000068e+02 2.100000000000000000e+01
1.442700000000000045e+03 8.952599999999999909e+02 2.100000000000000000e+01
7.142900000000000205e+01 5.065699999999999932e+02 2.100000000000000000e+01
1.430000000000000000e+03 9.361499999999999773e+02 2.000000000000000000e+01
1.304000000000000000e+03 1.154599999999999909e+03 2.000000000000000000e+01
1.374799999999999955e+03 1.571700000000000045e+03 2.100000000000000000e+01
3.293299999999999841e+02 1.537400000000000091e+03 2.100000000000000000e+01
7.925599999999999454e+02 1.026500000000000000e+03 2.000000000000000000e+01
1.330200000000000045e+03 8.785099999999999909e+02 2.000000000000000000e+01
1.142099999999999909e+03 1.346099999999999909e+03 2.000000000000000000e+01
9.570499999999999545e+02 1.796899999999999977e+02 2.000000000000000000e+01
6.314099999999999682e+02 1.508000000000000000e+03 2.000000000000000000e+01
7.005900000000000318e+02 1.433099999999999909e+03 2.000000000000000000e+01
7.549600000000000364e+02 4.904700000000000273e+02 2.000000000000000000e+01
1.332900000000000091e+03 1.236400000000000091e+03 2.000000000000000000e+01
6.243999999999999773e+02 1.434099999999999909e+03 2.000000000000000000e+01
1.480900000000000091e+03 5.253099999999999454e+02 2.100000000000000000e+01
1.434200000000000045e+03 2.936600000000000250e+02 2.000000000000000000e+01
3.476100000000000136e+02 9.411900000000000546e+02 2.000000000000000000e+01
5.885299999999999727e+02 1.365099999999999909e+03 2.000000000000000000e+01
1.065500000000000000e+03 1.530599999999999909e+03 2.100000000000000000e+01
8.005399999999999636e+02 7.694900000000000091e+02 2.000000000000000000e+01
5.424800000000000182e+02 1.378500000000000000e+03 2.100000000000000000e+01
6.419099999999999682e+02 4.396999999999999886e+02 2.000000000000000000e+01
1.152299999999999955e+03 6.500599999999999454e+02 2.000000000000000000e+01
1.467799999999999955e+03 1.083400000000000091e+03 2.000000000000000000e+01
1.228200000000000045e+03 5.840900000000000318e+02 2.000000000000000000e+01
9.029700000000000273e+02 6.211900000000000546e+02 2.000000000000000000e+01
4.816899999999999977e+02 1.411299999999999955e+03 2.000000000000000000e+01
1.103799999999999955e+03 5.275599999999999454e+02 2.000000000000000000e+01
1.415200000000000102e+02 1.129500000000000000e+03 2.100000000000000000e+01
9.717000000000000455e+02 1.534500000000000000e+03 2.100000000000000000e+01
1.071900000000000091e+03 1.573000000000000000e+03 2.100000000000000000e+01
1.018399999999999977e+03 1.256299999999999955e+03 2.000000000000000000e+01
1.185599999999999909e+03 1.514900000000000091e+03 2.100000000000000000e+01
8.381000000000000227e+02 1.286099999999999909e+03 2.100000000000000000e+01
6.615000000000000000e+02 1.414900000000000091e+03 2.100000000000000000e+01
1.082200000000000045e+03 4.911700000000000159e+02 2.000000000000000000e+01
1.178799999999999955e+03 5.189800000000000182e+02 2.000000000000000000e+01
9.446699999999999591e+02 1.393600000000000136e+02 2.100000000000000000e+01
1.450000000000000000e+03 1.319500000000000000e+03 2.000000000000000000e+01
5.244600000000000364e+02 1.417299999999999955e+03 2.100000000000000000e+01
6.748500000000000227e+02 1.374299999999999955e+03 2.000000000000000000e+01
4.961899999999999977e+02 9.160800000000000409e+02 2.000000000000000000e+01
1.367700000000000045e+03 1.140299999999999955e+03 2.000000000000000000e+01
6.921200000000000330e+01 1.532599999999999909e+03 2.100000000000000000e+01
5.619500000000000455e+02 1.190299999999999955e+03 2.000000000000000000e+01
1.336700000000000045e+03 2.598299999999999841e+02 2.000000000000000000e+01
1.633199999999999932e+02 4.714900000000000091e+02 2.100000000000000000e+01
1.625300000000000011e+02 7.640099999999999909e+02 2.000000000000000000e+01
1.029500000000000000e+03 1.565400000000000091e+03 2.100000000000000000e+01
7.607699999999999818e+02 9.512300000000000182e+02 2.000000000000000000e+01
1.385599999999999909e+03 7.892999999999999545e+02 2.000000000000000000e+01
1.424000000000000000e+03 3.356100000000000136e+02 2.000000000000000000e+01
7.435599999999999454e+01 2.533000000000000114e+02 2.100000000000000000e+01
1.424799999999999955e+03 1.085900000000000091e+03 2.100000000000000000e+01
1.144299999999999955e+03 1.504900000000000091e+03 2.100000000000000000e+01
4.089900000000000091e+02 6.467799999999999727e+02 2.000000000000000000e+01
1.025400000000000063e+02 1.465500000000000000e+03 2.100000000000000000e+01
8.583899999999999864e+02 2.535300000000000011e+02 2.000000000000000000e+01
1.238700000000000045e+03 1.951999999999999886e+02 2.000000000000000000e+01
1.403799999999999955e+03 1.540799999999999955e+03 2.100000000000000000e+01
9.610099999999999909e+02 3.763899999999999864e+02 1.900000000000000000e+01
5.048999999999999773e+02 1.312799999999999955e+03 2.000000000000000000e+01
4.572300000000000182e+02 7.241299999999999955e+02 2.000000000000000000e+01
1.482000000000000000e+03 1.816500000000000057e+02 2.100000000000000000e+01
1.944699999999999989e+02 4.416200000000000045e+02 2.000000000000000000e+01
6.878400000000000318e+02 4.397200000000000273e+02 2.000000000000000000e+01
1.139200000000000045e+03 6.901200000000000045e+02 2.000000000000000000e+01
4.408500000000000227e+02 9.799800000000000182e+02 2.000000000000000000e+01
1.440700000000000045e+03 4.156100000000000136e+02 2.100000000000000000e+01
1.449000000000000000e+03 1.469799999999999955e+03 2.000000000000000000e+01
1.446299999999999955e+03 2.114000000000000057e+02 2.100000000000000000e+01
6.119299999999999500e+02 4.059300000000000068e+02 2.000000000000000000e+01
1.441599999999999909e+03 3.740400000000000205e+02 2.000000000000000000e+01
1.408500000000000000e+03 8.696000000000000227e+02 2.000000000000000000e+01
9.864299999999999500e+02 2.550699999999999932e+02 2.000000000000000000e+01
1.442400000000000091e+03 1.687599999999999909e+02 2.100000000000000000e+01
1.401500000000000000e+03 8.283500000000000227e+02 2.000000000000000000e+01
1.749799999999999898e+02 8.824800000000000182e+02 2.000000000000000000e+01
1.191599999999999909e+03 1.363899999999999864e+02 2.000000000000000000e+01
1.409900000000000091e+02 1.484599999999999909e+03 2.000000000000000000e+01
1.279700000000000045e+03 1.822700000000000102e+02 2.000000000000000000e+01
1.462700000000000045e+03 1.540200000000000045e+03 2.100000000000000000e+01
7.216800000000000637e+01 5.905199999999999818e+02 2.000000000000000000e+01
8.599299999999999500e+02 1.163500000000000000e+03 2.000000000000000000e+01
1.433099999999999909e+03 1.509799999999999955e+03 2.100000000000000000e+01
1.224000000000000000e+03 3.324200000000000159e+02 1.900000000000000000e+01
9.402500000000000000e+02 1.140299999999999955e+03 2.000000000000000000e+01
1.485599999999999909e+03 9.011799999999999500e+02 2.000000000000000000e+01
1.447200000000000045e+03 2.543700000000000045e+02 2.000000000000000000e+01
1.022000000000000028e+02 7.110900000000000318e+02 2.000000000000000000e+01
1.408000000000000000e+03 1.924399999999999977e+02 2.000000000000000000e+01
1.409299999999999955e+03 2.346200000000000045e+02 2.000000000000000000e+01
1.439299999999999955e+03 5.179299999999999500e+02 2.000000000000000000e+01
1.466299999999999955e+03 1.327800000000000011e+02 2.100000000000000000e+01
1.296000000000000000e+03 1.427100000000000080e+02 2.100000000000000000e+01
