4.200000000000000000e+01 1.200000000000000000e+01 0.000000000000000000e+00 6.744400000000000004e-04 8.955599999999999672e-02
5.400000000000000000e+01 1.400000000000000000e+01 0.000000000000000000e+00 7.773100000000000506e-05 3.077699999999999880e-02
6.300000000000000000e+01 4.100000000000000000e+01 0.000000000000000000e+00 -5.423000000000000086e-05 1.736000000000000043e-02
6.600000000000000000e+01 5.600000000000000000e+01 0.000000000000000000e+00 9.510599999999999263e-03 9.192799999999999583e-02
6.700000000000000000e+01 3.800000000000000000e+01 0.000000000000000000e+00 -1.429000000000000040e-05 6.018199999999999938e-02
6.700000000000000000e+01 4.700000000000000000e+01 0.000000000000000000e+00 -4.779099999999999695e-06 3.559899999999999870e-02
6.900000000000000000e+01 3.400000000000000000e+01 0.000000000000000000e+00 2.870500000000000045e-05 2.267900000000000124e-02
7.000000000000000000e+01 4.700000000000000000e+01 0.000000000000000000e+00 -1.983300000000000137e-05 2.738000000000000156e-02
7.200000000000000000e+01 1.800000000000000000e+01 0.000000000000000000e+00 -4.658500000000000375e-06 3.560900000000000176e-02
7.700000000000000000e+01 1.500000000000000000e+01 0.000000000000000000e+00 -2.514500000000000066e-05 3.264000000000000234e-02
7.900000000000000000e+01 2.000000000000000000e+00 0.000000000000000000e+00 -4.360799999999999990e-05 4.680200000000000332e-02
8.200000000000000000e+01 6.900000000000000000e+01 0.000000000000000000e+00 -7.181799999999999577e-06 5.171499999999999708e-02
8.700000000000000000e+01 7.900000000000000000e+01 0.000000000000000000e+00 2.215499999999999913e-04 3.210500000000000159e-02
8.800000000000000000e+01 5.000000000000000000e+01 0.000000000000000000e+00 -1.254299999999999968e-04 3.946700000000000208e-02
9.300000000000000000e+01 8.800000000000000000e+01 0.000000000000000000e+00 1.739800000000000114e-04 3.118200000000000138e-02
9.500000000000000000e+01 8.200000000000000000e+01 0.000000000000000000e+00 1.000500000000000087e-03 3.031599999999999920e-02
9.900000000000000000e+01 9.700000000000000000e+01 0.000000000000000000e+00 1.049399999999999986e-02 4.892900000000000027e-02
1.000000000000000000e+02 1.400000000000000000e+01 0.000000000000000000e+00 9.181500000000000100e-06 4.614000000000000046e-02
1.000000000000000000e+02 7.200000000000000000e+01 0.000000000000000000e+00 -2.794899999999999956e-05 4.170800000000000202e-02
1.010000000000000000e+02 4.900000000000000000e+01 0.000000000000000000e+00 1.828199999999999964e-02 6.043699999999999767e-02
1.060000000000000000e+02 8.900000000000000000e+01 0.000000000000000000e+00 8.728400000000000741e-03 4.887299999999999978e-02
1.080000000000000000e+02 6.800000000000000000e+01 0.000000000000000000e+00 2.141500000000000079e-05 2.729200000000000029e-02
1.120000000000000000e+02 1.000000000000000000e+01 0.000000000000000000e+00 -5.738200000000000050e-05 6.923500000000000487e-02
1.130000000000000000e+02 4.200000000000000000e+01 0.000000000000000000e+00 2.906200000000000103e-02 4.642799999999999705e-02
1.240000000000000000e+02 5.700000000000000000e+01 0.000000000000000000e+00 -1.486699999999999979e-04 1.967400000000000052e-02
1.310000000000000000e+02 6.400000000000000000e+01 0.000000000000000000e+00 3.753999999999999972e-06 3.802099999999999924e-02
1.310000000000000000e+02 1.190000000000000000e+02 0.000000000000000000e+00 -1.869199999999999993e-05 3.610000000000000014e-02
1.390000000000000000e+02 3.700000000000000000e+01 0.000000000000000000e+00 -1.163900000000000020e-04 4.770900000000000141e-02
1.440000000000000000e+02 1.600000000000000000e+01 0.000000000000000000e+00 -4.043699999999999899e-03 6.217299999999999910e-02
1.440000000000000000e+02 7.700000000000000000e+01 0.000000000000000000e+00 -1.927099999999999950e-03 1.175299999999999956e-01
1.450000000000000000e+02 4.000000000000000000e+01 0.000000000000000000e+00 5.503599999999999985e-03 5.878799999999999998e-02
1.490000000000000000e+02 1.100000000000000000e+02 0.000000000000000000e+00 4.499300000000000348e-03 3.381499999999999784e-02
1.520000000000000000e+02 6.300000000000000000e+01 0.000000000000000000e+00 9.526599999999999652e-03 5.840000000000000052e-02
1.530000000000000000e+02 7.300000000000000000e+01 0.000000000000000000e+00 5.220599999999999720e-03 3.201899999999999885e-02
1.540000000000000000e+02 1.600000000000000000e+01 0.000000000000000000e+00 -4.291300000000000062e-04 5.102000000000000285e-02
1.540000000000000000e+02 7.600000000000000000e+01 0.000000000000000000e+00 4.088799999999999884e-05 1.032600000000000046e-01
1.540000000000000000e+02 1.200000000000000000e+02 0.000000000000000000e+00 -4.340200000000000221e-04 2.046299999999999855e-02
1.560000000000000000e+02 5.600000000000000000e+01 0.000000000000000000e+00 -5.389499999999999543e-04 7.542500000000000593e-02
1.570000000000000000e+02 2.000000000000000000e+00 0.000000000000000000e+00 -2.763399999999999732e-04 2.208799999999999999e-02
1.570000000000000000e+02 1.200000000000000000e+01 0.000000000000000000e+00 -3.273799999999999996e-04 8.272000000000000186e-02
1.580000000000000000e+02 1.540000000000000000e+02 0.000000000000000000e+00 1.927999999999999972e-04 6.771699999999999942e-02
1.600000000000000000e+02 6.700000000000000000e+01 0.000000000000000000e+00 7.088700000000000079e-04 8.071100000000000496e-02
1.680000000000000000e+02 6.400000000000000000e+01 0.000000000000000000e+00 7.346300000000000052e-04 4.714100000000000235e-02
1.690000000000000000e+02 9.300000000000000000e+01 0.000000000000000000e+00 -2.177500000000000074e-04 6.802199999999999913e-02
1.730000000000000000e+02 2.600000000000000000e+01 0.000000000000000000e+00 5.069700000000000335e-04 7.812399999999999900e-02
1.730000000000000000e+02 3.400000000000000000e+01 0.000000000000000000e+00 -5.743200000000000171e-04 4.955199999999999882e-02
1.740000000000000000e+02 9.000000000000000000e+01 0.000000000000000000e+00 -1.562500000000000033e-04 2.667800000000000032e-02
1.740000000000000000e+02 1.650000000000000000e+02 0.000000000000000000e+00 -1.223999999999999936e-04 4.808300000000000074e-02
1.770000000000000000e+02 4.600000000000000000e+01 0.000000000000000000e+00 3.663800000000000043e-03 2.394100000000000047e-02
1.780000000000000000e+02 2.600000000000000000e+01 0.000000000000000000e+00 1.795900000000000014e-03 2.557500000000000051e-02
1.780000000000000000e+02 6.900000000000000000e+01 0.000000000000000000e+00 -1.795900000000000014e-03 2.557500000000000051e-02
1.790000000000000000e+02 1.590000000000000000e+02 0.000000000000000000e+00 -9.100500000000000028e-05 3.973000000000000143e-02
1.840000000000000000e+02 7.900000000000000000e+01 0.000000000000000000e+00 4.204600000000000178e-03 4.240399999999999725e-02
1.840000000000000000e+02 8.200000000000000000e+01 0.000000000000000000e+00 -4.204600000000000178e-03 4.240399999999999725e-02
1.890000000000000000e+02 1.090000000000000000e+02 0.000000000000000000e+00 -7.971599999999999910e-04 2.876000000000000084e-02
1.900000000000000000e+02 9.800000000000000000e+01 0.000000000000000000e+00 -2.937899999999999908e-04 5.157199999999999979e-02
1.920000000000000000e+02 1.730000000000000000e+02 0.000000000000000000e+00 -1.393900000000000054e-04 5.110300000000000259e-02
2.000000000000000000e+02 1.010000000000000000e+02 0.000000000000000000e+00 -4.963100000000000237e-04 5.408899999999999819e-02
2.020000000000000000e+02 1.610000000000000000e+02 0.000000000000000000e+00 5.260199999999999598e-03 3.182200000000000306e-02
2.040000000000000000e+02 4.400000000000000000e+01 0.000000000000000000e+00 -8.159200000000000350e-04 6.561000000000000165e-02
2.040000000000000000e+02 1.810000000000000000e+02 0.000000000000000000e+00 1.430100000000000013e-04 5.471499999999999975e-02
2.050000000000000000e+02 3.700000000000000000e+01 0.000000000000000000e+00 -1.095700000000000030e-05 2.972800000000000095e-02
2.060000000000000000e+02 5.400000000000000000e+01 0.000000000000000000e+00 -3.869500000000000137e-05 4.385200000000000209e-02
2.060000000000000000e+02 8.000000000000000000e+01 0.000000000000000000e+00 -1.084499999999999933e-04 6.835900000000000309e-02
2.070000000000000000e+02 1.500000000000000000e+02 0.000000000000000000e+00 1.238900000000000027e-03 6.472500000000000475e-02
2.090000000000000000e+02 1.880000000000000000e+02 0.000000000000000000e+00 1.129800000000000075e-02 2.969000000000000111e-02
2.120000000000000000e+02 6.300000000000000000e+01 0.000000000000000000e+00 -2.928699999999999793e-04 3.114400000000000154e-02
2.150000000000000000e+02 6.100000000000000000e+01 0.000000000000000000e+00 -2.192700000000000064e-04 2.663099999999999842e-02
2.150000000000000000e+02 1.570000000000000000e+02 0.000000000000000000e+00 -1.364100000000000035e-04 9.762600000000000444e-02
2.170000000000000000e+02 2.030000000000000000e+02 0.000000000000000000e+00 -2.385800000000000095e-04 8.287500000000000422e-02
2.210000000000000000e+02 8.800000000000000000e+01 0.000000000000000000e+00 -4.588199999999999752e-07 2.560899999999999982e-02
2.210000000000000000e+02 2.190000000000000000e+02 0.000000000000000000e+00 -4.608500000000000007e-06 4.718499999999999778e-02
2.230000000000000000e+02 1.100000000000000000e+01 0.000000000000000000e+00 -1.027699999999999935e-04 4.937099999999999822e-02
2.230000000000000000e+02 2.200000000000000000e+01 0.000000000000000000e+00 -1.102199999999999984e-04 2.348099999999999840e-02
2.240000000000000000e+02 9.400000000000000000e+01 0.000000000000000000e+00 4.052600000000000061e-04 2.213899999999999896e-02
2.260000000000000000e+02 8.600000000000000000e+01 0.000000000000000000e+00 -9.315099999999999972e-06 1.962399999999999908e-02
2.260000000000000000e+02 1.800000000000000000e+02 0.000000000000000000e+00 -2.191799999999999920e-05 1.149099999999999948e-02
2.290000000000000000e+02 3.500000000000000000e+01 0.000000000000000000e+00 6.635100000000000221e-05 3.961100000000000038e-02
2.290000000000000000e+02 1.140000000000000000e+02 0.000000000000000000e+00 -9.160199999999999473e-05 3.107299999999999993e-02
2.300000000000000000e+02 1.600000000000000000e+02 0.000000000000000000e+00 -3.173200000000000044e-05 4.864999999999999880e-02
2.310000000000000000e+02 2.500000000000000000e+01 0.000000000000000000e+00 -2.287200000000000084e-03 1.088699999999999946e-01
2.330000000000000000e+02 1.160000000000000000e+02 0.000000000000000000e+00 5.970800000000000066e-03 2.725599999999999898e-02
2.330000000000000000e+02 1.970000000000000000e+02 0.000000000000000000e+00 -5.970800000000000066e-03 2.725599999999999898e-02
2.390000000000000000e+02 1.060000000000000000e+02 0.000000000000000000e+00 -1.657800000000000018e-04 3.481100000000000166e-02
2.390000000000000000e+02 1.640000000000000000e+02 0.000000000000000000e+00 -1.364699999999999995e-04 2.234900000000000081e-02
2.400000000000000000e+02 1.170000000000000000e+02 0.000000000000000000e+00 7.066499999999999865e-03 3.252100000000000130e-02
2.400000000000000000e+02 1.750000000000000000e+02 0.000000000000000000e+00 -7.066499999999999865e-03 3.252100000000000130e-02
2.410000000000000000e+02 1.500000000000000000e+01 0.000000000000000000e+00 1.212300000000000010e-02 3.207499999999999934e-02
2.430000000000000000e+02 2.110000000000000000e+02 0.000000000000000000e+00 5.979800000000000176e-04 2.912999999999999964e-02
2.460000000000000000e+02 1.900000000000000000e+02 0.000000000000000000e+00 4.045900000000000006e-05 4.857399999999999912e-02
2.470000000000000000e+02 6.700000000000000000e+01 0.000000000000000000e+00 1.452299999999999970e-05 4.208100000000000035e-02
2.470000000000000000e+02 1.600000000000000000e+02 0.000000000000000000e+00 -7.406199999999999665e-05 2.637899999999999967e-02
2.500000000000000000e+02 6.100000000000000000e+01 0.000000000000000000e+00 3.090400000000000091e-05 1.808799999999999991e-02
2.500000000000000000e+02 7.500000000000000000e+01 0.000000000000000000e+00 -2.047400000000000082e-05 4.796899999999999775e-02
2.510000000000000000e+02 1.600000000000000000e+02 0.000000000000000000e+00 -1.605700000000000053e-03 1.227899999999999964e-01
2.520000000000000000e+02 1.100000000000000000e+01 0.000000000000000000e+00 1.520700000000000026e-05 7.807300000000000351e-02
2.520000000000000000e+02 2.700000000000000000e+01 0.000000000000000000e+00 -1.076799999999999990e-04 5.214300000000000185e-02
2.590000000000000000e+02 2.080000000000000000e+02 0.000000000000000000e+00 1.361500000000000037e-02 4.273199999999999915e-02
2.600000000000000000e+02 6.400000000000000000e+01 0.000000000000000000e+00 -2.865699999999999888e-04 6.349499999999999589e-02
2.600000000000000000e+02 1.930000000000000000e+02 0.000000000000000000e+00 -3.334899999999999800e-04 1.979600000000000110e-02
2.670000000000000000e+02 2.090000000000000000e+02 0.000000000000000000e+00 1.433899999999999942e-05 2.817599999999999966e-02
2.700000000000000000e+02 1.110000000000000000e+02 0.000000000000000000e+00 1.363699999999999982e-02 9.080900000000000083e-02
2.700000000000000000e+02 2.080000000000000000e+02 0.000000000000000000e+00 -1.363699999999999982e-02 9.080900000000000083e-02
2.710000000000000000e+02 9.700000000000000000e+01 0.000000000000000000e+00 -6.545999999999999736e-04 4.110699999999999771e-02
2.710000000000000000e+02 1.990000000000000000e+02 0.000000000000000000e+00 -1.370300000000000077e-03 8.049900000000000111e-02
2.710000000000000000e+02 2.310000000000000000e+02 0.000000000000000000e+00 1.057100000000000053e-03 9.033900000000000263e-02
2.720000000000000000e+02 1.900000000000000000e+02 0.000000000000000000e+00 2.265200000000000199e-03 4.437399999999999678e-02
2.730000000000000000e+02 2.600000000000000000e+02 0.000000000000000000e+00 -2.747199999999999989e-04 5.844799999999999995e-02
2.760000000000000000e+02 1.090000000000000000e+02 0.000000000000000000e+00 2.667899999999999986e-05 1.862099999999999866e-02
2.760000000000000000e+02 2.180000000000000000e+02 0.000000000000000000e+00 3.178200000000000166e-05 6.287099999999999633e-02
2.770000000000000000e+02 1.250000000000000000e+02 0.000000000000000000e+00 -1.601599999999999899e-03 8.319799999999999418e-02
2.780000000000000000e+02 2.070000000000000000e+02 0.000000000000000000e+00 1.759499999999999996e-03 5.267800000000000260e-02
2.790000000000000000e+02 3.500000000000000000e+01 0.000000000000000000e+00 -3.585300000000000249e-04 5.454400000000000220e-02
2.790000000000000000e+02 2.460000000000000000e+02 0.000000000000000000e+00 -3.199599999999999927e-04 3.328899999999999915e-02
2.800000000000000000e+02 1.520000000000000000e+02 0.000000000000000000e+00 -3.385899999999999847e-03 6.354400000000000326e-02
2.820000000000000000e+02 6.500000000000000000e+01 0.000000000000000000e+00 7.595899999999999560e-05 5.625299999999999745e-02
2.820000000000000000e+02 1.000000000000000000e+02 0.000000000000000000e+00 2.262500000000000107e-05 5.182799999999999907e-02
2.820000000000000000e+02 2.520000000000000000e+02 0.000000000000000000e+00 1.113900000000000025e-04 3.429299999999999710e-02
2.840000000000000000e+02 1.880000000000000000e+02 0.000000000000000000e+00 -1.843400000000000003e-05 5.654200000000000198e-02
2.840000000000000000e+02 1.960000000000000000e+02 0.000000000000000000e+00 1.330299999999999952e-05 4.817199999999999954e-02
2.850000000000000000e+02 1.210000000000000000e+02 0.000000000000000000e+00 3.562500000000000128e-04 6.100200000000000067e-02
2.850000000000000000e+02 1.320000000000000000e+02 0.000000000000000000e+00 2.222299999999999916e-04 3.413999999999999674e-02
2.860000000000000000e+02 4.400000000000000000e+01 0.000000000000000000e+00 1.473799999999999882e-04 4.159600000000000103e-02
2.860000000000000000e+02 1.240000000000000000e+02 0.000000000000000000e+00 -2.224899999999999925e-04 6.511400000000000521e-02
2.860000000000000000e+02 1.320000000000000000e+02 0.000000000000000000e+00 5.853200000000000135e-06 5.881299999999999722e-02
2.870000000000000000e+02 9.800000000000000000e+01 0.000000000000000000e+00 1.415899999999999971e-02 3.856300000000000006e-02
2.880000000000000000e+02 2.110000000000000000e+02 0.000000000000000000e+00 -3.188799999999999861e-06 2.312399999999999872e-02
2.900000000000000000e+02 2.800000000000000000e+01 0.000000000000000000e+00 5.058000000000000023e-05 6.822800000000000392e-03
2.940000000000000000e+02 4.000000000000000000e+00 0.000000000000000000e+00 -7.683100000000000216e-04 1.865699999999999997e-02
2.940000000000000000e+02 7.700000000000000000e+01 0.000000000000000000e+00 -1.206700000000000004e-03 9.711100000000000287e-02
2.940000000000000000e+02 2.510000000000000000e+02 0.000000000000000000e+00 -6.200999999999999481e-04 5.926399999999999724e-02
2.950000000000000000e+02 1.740000000000000000e+02 0.000000000000000000e+00 -5.022399999999999890e-05 4.321300000000000141e-02
2.950000000000000000e+02 1.950000000000000000e+02 0.000000000000000000e+00 1.660699999999999872e-05 6.222700000000000280e-03
2.960000000000000000e+02 2.290000000000000000e+02 0.000000000000000000e+00 -1.367100000000000108e-04 2.863800000000000026e-02
2.960000000000000000e+02 2.350000000000000000e+02 0.000000000000000000e+00 -5.017499999999999987e-05 4.399900000000000339e-02
2.980000000000000000e+02 1.610000000000000000e+02 0.000000000000000000e+00 -1.815200000000000103e-03 6.508799999999999308e-02
2.980000000000000000e+02 2.640000000000000000e+02 0.000000000000000000e+00 -1.307599999999999908e-03 4.485000000000000098e-02
3.000000000000000000e+02 2.080000000000000000e+02 0.000000000000000000e+00 4.812399999999999664e-03 6.802099999999999813e-02
3.010000000000000000e+02 2.740000000000000000e+02 0.000000000000000000e+00 -1.042599999999999945e-04 2.740899999999999934e-02
3.020000000000000000e+02 4.900000000000000000e+01 0.000000000000000000e+00 -6.495500000000000405e-05 9.754699999999999482e-02
3.020000000000000000e+02 1.100000000000000000e+02 0.000000000000000000e+00 3.267599999999999953e-04 4.991099999999999703e-02
3.020000000000000000e+02 1.970000000000000000e+02 0.000000000000000000e+00 2.096599999999999950e-04 2.973299999999999901e-02
3.060000000000000000e+02 9.000000000000000000e+01 0.000000000000000000e+00 -9.544799999999999552e-04 8.089799999999999769e-02
3.060000000000000000e+02 1.950000000000000000e+02 0.000000000000000000e+00 5.922800000000000417e-04 6.741099999999999870e-02
3.090000000000000000e+02 7.400000000000000000e+01 0.000000000000000000e+00 2.037700000000000158e-05 6.280700000000000172e-02
3.090000000000000000e+02 1.820000000000000000e+02 0.000000000000000000e+00 3.905300000000000031e-05 3.649700000000000166e-02
3.100000000000000000e+02 9.400000000000000000e+01 0.000000000000000000e+00 2.540499999999999790e-03 6.216200000000000198e-02
3.110000000000000000e+02 1.220000000000000000e+02 0.000000000000000000e+00 -1.930100000000000037e-05 4.960599999999999732e-02
3.110000000000000000e+02 2.910000000000000000e+02 0.000000000000000000e+00 -4.649900000000000322e-05 2.563299999999999954e-02
3.130000000000000000e+02 2.970000000000000000e+02 0.000000000000000000e+00 8.495900000000000674e-03 3.164399999999999852e-02
3.140000000000000000e+02 2.640000000000000000e+02 0.000000000000000000e+00 1.492300000000000007e-03 3.649700000000000166e-02
3.170000000000000000e+02 1.310000000000000000e+02 0.000000000000000000e+00 -1.223899999999999988e-04 2.165299999999999864e-02
3.170000000000000000e+02 2.600000000000000000e+02 0.000000000000000000e+00 2.316100000000000153e-06 5.287800000000000139e-02
3.200000000000000000e+02 1.270000000000000000e+02 0.000000000000000000e+00 2.474700000000000142e-04 4.593599999999999767e-02
3.200000000000000000e+02 3.180000000000000000e+02 0.000000000000000000e+00 -2.808499999999999961e-05 6.038199999999999817e-02
3.220000000000000000e+02 7.800000000000000000e+01 0.000000000000000000e+00 -1.511200000000000087e-03 2.841300000000000076e-02
3.220000000000000000e+02 1.260000000000000000e+02 0.000000000000000000e+00 -1.515000000000000071e-03 4.706099999999999867e-02
3.240000000000000000e+02 2.250000000000000000e+02 0.000000000000000000e+00 -1.636300000000000037e-03 7.739000000000000046e-02
3.240000000000000000e+02 3.150000000000000000e+02 0.000000000000000000e+00 1.339399999999999922e-03 1.034199999999999980e-01
3.290000000000000000e+02 9.400000000000000000e+01 0.000000000000000000e+00 2.092800000000000129e-03 7.604700000000000348e-02
3.300000000000000000e+02 3.200000000000000000e+01 0.000000000000000000e+00 4.179699999999999979e-05 1.126599999999999963e-01
3.300000000000000000e+02 1.550000000000000000e+02 0.000000000000000000e+00 -1.212100000000000026e-03 5.998799999999999966e-02
3.310000000000000000e+02 1.630000000000000000e+02 0.000000000000000000e+00 2.025300000000000074e-05 5.849499999999999839e-02
3.310000000000000000e+02 2.260000000000000000e+02 0.000000000000000000e+00 -8.770299999999999700e-05 3.434399999999999953e-02
3.310000000000000000e+02 3.190000000000000000e+02 0.000000000000000000e+00 -9.307999999999999651e-05 1.201699999999999990e-02
3.320000000000000000e+02 2.850000000000000000e+02 0.000000000000000000e+00 -3.376100000000000151e-04 4.836300000000000321e-02
3.340000000000000000e+02 5.100000000000000000e+01 0.000000000000000000e+00 -8.423399999999999345e-05 1.196200000000000041e-01
3.340000000000000000e+02 2.080000000000000000e+02 0.000000000000000000e+00 -5.452299999999999551e-04 9.861899999999999833e-02
3.340000000000000000e+02 2.900000000000000000e+02 0.000000000000000000e+00 -6.301800000000000413e-04 2.017400000000000096e-02
3.350000000000000000e+02 1.000000000000000000e+00 0.000000000000000000e+00 6.551699999999999495e-04 2.401999999999999968e-02
3.350000000000000000e+02 3.200000000000000000e+01 0.000000000000000000e+00 6.726100000000000535e-05 1.197000000000000008e-01
3.350000000000000000e+02 1.120000000000000000e+02 0.000000000000000000e+00 4.407600000000000016e-04 1.039999999999999952e-01
3.360000000000000000e+02 1.880000000000000000e+02 0.000000000000000000e+00 1.170299999999999986e-03 6.536799999999999555e-02
3.360000000000000000e+02 3.160000000000000000e+02 0.000000000000000000e+00 -1.170299999999999986e-03 6.536799999999999555e-02
3.370000000000000000e+02 1.810000000000000000e+02 0.000000000000000000e+00 -4.115899999999999810e-04 6.796900000000000164e-02
3.380000000000000000e+02 7.400000000000000000e+01 0.000000000000000000e+00 3.064899999999999743e-05 2.392899999999999888e-02
3.380000000000000000e+02 8.400000000000000000e+01 0.000000000000000000e+00 -7.769799999999999707e-06 3.154300000000000159e-02
3.380000000000000000e+02 2.000000000000000000e+02 0.000000000000000000e+00 4.064900000000000333e-05 2.540800000000000003e-02
3.380000000000000000e+02 2.570000000000000000e+02 0.000000000000000000e+00 4.275199999999999996e-05 2.775999999999999995e-02
3.410000000000000000e+02 9.400000000000000000e+01 0.000000000000000000e+00 -9.960900000000000125e-05 3.916700000000000043e-02
3.430000000000000000e+02 1.340000000000000000e+02 0.000000000000000000e+00 2.207999999999999866e-05 3.975200000000000261e-02
3.430000000000000000e+02 3.320000000000000000e+02 0.000000000000000000e+00 5.974300000000000042e-05 2.842799999999999841e-02
3.440000000000000000e+02 2.240000000000000000e+02 0.000000000000000000e+00 -1.409899999999999901e-04 2.706499999999999878e-02
3.440000000000000000e+02 2.430000000000000000e+02 0.000000000000000000e+00 1.128500000000000054e-04 5.507100000000000189e-02
3.440000000000000000e+02 2.870000000000000000e+02 0.000000000000000000e+00 -2.349599999999999866e-04 4.437900000000000178e-02
3.450000000000000000e+02 1.930000000000000000e+02 0.000000000000000000e+00 -5.837500000000000268e-05 2.216699999999999920e-02
3.450000000000000000e+02 2.730000000000000000e+02 0.000000000000000000e+00 -4.011499999999999794e-05 3.818799999999999972e-02
3.450000000000000000e+02 2.980000000000000000e+02 0.000000000000000000e+00 -6.172399999999999382e-05 5.358500000000000069e-02
3.460000000000000000e+02 1.680000000000000000e+02 0.000000000000000000e+00 6.925100000000000006e-03 3.838500000000000245e-02
3.470000000000000000e+02 8.700000000000000000e+01 0.000000000000000000e+00 -1.376000000000000107e-04 6.299000000000000432e-02
3.470000000000000000e+02 1.560000000000000000e+02 0.000000000000000000e+00 1.481200000000000116e-04 5.306899999999999812e-02
3.470000000000000000e+02 1.720000000000000000e+02 0.000000000000000000e+00 -3.951299999999999930e-05 3.426900000000000085e-02
3.470000000000000000e+02 2.500000000000000000e+02 0.000000000000000000e+00 -1.495500000000000030e-04 7.842599999999999572e-02
3.480000000000000000e+02 1.240000000000000000e+02 0.000000000000000000e+00 7.588000000000000127e-03 3.553800000000000014e-02
3.490000000000000000e+02 1.900000000000000000e+02 0.000000000000000000e+00 -1.020700000000000028e-06 3.782900000000000151e-02
3.490000000000000000e+02 2.720000000000000000e+02 0.000000000000000000e+00 1.519500000000000072e-04 5.374099999999999711e-02
3.500000000000000000e+02 2.940000000000000000e+02 0.000000000000000000e+00 4.734399999999999937e-05 6.410699999999999732e-02
3.510000000000000000e+02 3.410000000000000000e+02 0.000000000000000000e+00 6.546799999999999728e-06 7.440700000000000092e-02
3.510000000000000000e+02 3.480000000000000000e+02 0.000000000000000000e+00 -1.056000000000000054e-04 4.507900000000000101e-02
3.520000000000000000e+02 7.800000000000000000e+01 0.000000000000000000e+00 -2.473900000000000149e-05 3.472100000000000186e-02
3.520000000000000000e+02 2.370000000000000000e+02 0.000000000000000000e+00 -3.219799999999999767e-04 6.761100000000000443e-02
3.520000000000000000e+02 2.420000000000000000e+02 0.000000000000000000e+00 8.130499999999999490e-05 7.126200000000000589e-02
3.530000000000000000e+02 2.730000000000000000e+02 0.000000000000000000e+00 9.539200000000000283e-04 4.102800000000000197e-02
3.530000000000000000e+02 3.050000000000000000e+02 0.000000000000000000e+00 -9.539200000000000283e-04 4.102800000000000197e-02
3.540000000000000000e+02 8.300000000000000000e+01 0.000000000000000000e+00 8.144900000000000057e-03 3.116100000000000120e-02
3.540000000000000000e+02 1.270000000000000000e+02 0.000000000000000000e+00 -8.144900000000000057e-03 3.116100000000000120e-02
3.550000000000000000e+02 2.490000000000000000e+02 0.000000000000000000e+00 1.643000000000000016e-02 3.720600000000000296e-02
3.560000000000000000e+02 1.180000000000000000e+02 0.000000000000000000e+00 7.020200000000000311e-04 1.152900000000000036e-01
3.560000000000000000e+02 1.390000000000000000e+02 0.000000000000000000e+00 -2.825300000000000207e-04 5.359699999999999881e-02
3.570000000000000000e+02 9.000000000000000000e+00 0.000000000000000000e+00 4.405899999999999812e-04 4.734900000000000220e-02
3.570000000000000000e+02 3.170000000000000000e+02 0.000000000000000000e+00 5.782299999999999983e-04 7.194200000000000594e-02
3.580000000000000000e+02 3.000000000000000000e+01 0.000000000000000000e+00 -1.431199999999999985e-04 8.217099999999999405e-02
3.580000000000000000e+02 1.590000000000000000e+02 0.000000000000000000e+00 -1.447099999999999884e-04 3.909499999999999781e-02
3.580000000000000000e+02 2.800000000000000000e+02 0.000000000000000000e+00 3.464499999999999779e-05 4.906300000000000244e-02
3.600000000000000000e+02 3.900000000000000000e+01 0.000000000000000000e+00 2.551400000000000000e-04 5.410600000000000132e-02
3.600000000000000000e+02 1.650000000000000000e+02 0.000000000000000000e+00 -1.609500000000000037e-03 6.763800000000000368e-02
3.600000000000000000e+02 1.810000000000000000e+02 0.000000000000000000e+00 1.358999999999999965e-03 9.368100000000000038e-02
3.600000000000000000e+02 1.830000000000000000e+02 0.000000000000000000e+00 -6.909800000000000013e-04 8.718900000000000261e-02
3.610000000000000000e+02 2.830000000000000000e+02 0.000000000000000000e+00 3.532499999999999941e-04 6.846199999999999508e-02
3.610000000000000000e+02 3.160000000000000000e+02 0.000000000000000000e+00 2.731300000000000091e-04 4.183300000000000213e-02
3.620000000000000000e+02 3.050000000000000000e+02 0.000000000000000000e+00 2.582500000000000160e-03 7.190900000000000070e-02
3.630000000000000000e+02 2.950000000000000000e+02 0.000000000000000000e+00 -1.667000000000000133e-04 2.686900000000000052e-02
3.640000000000000000e+02 1.960000000000000000e+02 0.000000000000000000e+00 5.067399999999999682e-03 4.191000000000000281e-02
3.640000000000000000e+02 2.420000000000000000e+02 0.000000000000000000e+00 -5.067399999999999682e-03 4.191000000000000281e-02
3.650000000000000000e+02 2.840000000000000000e+02 0.000000000000000000e+00 7.047499999999999945e-03 2.251200000000000076e-02
3.670000000000000000e+02 3.900000000000000000e+01 0.000000000000000000e+00 1.002499999999999919e-03 6.100200000000000067e-02
3.670000000000000000e+02 2.040000000000000000e+02 0.000000000000000000e+00 6.939700000000000252e-04 6.070400000000000101e-02
3.670000000000000000e+02 2.130000000000000000e+02 0.000000000000000000e+00 5.824299999999999920e-04 2.766899999999999915e-02
3.670000000000000000e+02 2.650000000000000000e+02 0.000000000000000000e+00 -3.988999999999999924e-04 7.375600000000000211e-02
3.690000000000000000e+02 1.220000000000000000e+02 0.000000000000000000e+00 8.181100000000000665e-05 3.775499999999999690e-02
3.690000000000000000e+02 2.760000000000000000e+02 0.000000000000000000e+00 -8.126700000000000644e-05 9.093700000000000394e-02
3.710000000000000000e+02 1.380000000000000000e+02 0.000000000000000000e+00 2.405999999999999936e-04 3.946100000000000302e-02
3.710000000000000000e+02 1.630000000000000000e+02 0.000000000000000000e+00 -2.051300000000000096e-04 7.429099999999999593e-02
3.720000000000000000e+02 1.830000000000000000e+02 0.000000000000000000e+00 1.601699999999999999e-02 2.507599999999999829e-01
3.720000000000000000e+02 3.010000000000000000e+02 0.000000000000000000e+00 -2.026599999999999929e-02 2.184099999999999930e-01
3.760000000000000000e+02 3.140000000000000000e+02 0.000000000000000000e+00 7.290200000000000152e-03 1.061499999999999944e-01
3.760000000000000000e+02 3.420000000000000000e+02 0.000000000000000000e+00 -7.290200000000000152e-03 1.061499999999999944e-01
3.770000000000000000e+02 1.210000000000000000e+02 0.000000000000000000e+00 9.435900000000000537e-03 4.728899999999999770e-02
3.780000000000000000e+02 1.390000000000000000e+02 0.000000000000000000e+00 1.978999999999999856e-02 3.261900000000000216e-02
3.780000000000000000e+02 1.480000000000000000e+02 0.000000000000000000e+00 -1.978999999999999856e-02 3.261900000000000216e-02
3.790000000000000000e+02 3.400000000000000000e+01 0.000000000000000000e+00 1.575999999999999970e-02 4.114500000000000102e-02
3.790000000000000000e+02 1.560000000000000000e+02 0.000000000000000000e+00 -1.575999999999999970e-02 4.114500000000000102e-02
3.800000000000000000e+02 3.710000000000000000e+02 0.000000000000000000e+00 -3.397599999999999861e-04 7.229599999999999915e-02
3.810000000000000000e+02 1.000000000000000000e+00 0.000000000000000000e+00 2.347600000000000020e-05 1.998000000000000123e-02
3.810000000000000000e+02 3.300000000000000000e+01 0.000000000000000000e+00 1.099699999999999991e-05 1.767900000000000027e-02
3.810000000000000000e+02 1.160000000000000000e+02 0.000000000000000000e+00 -1.346299999999999968e-05 5.362700000000000106e-02
3.830000000000000000e+02 2.580000000000000000e+02 0.000000000000000000e+00 -1.711899999999999923e-04 7.987199999999999855e-02
3.830000000000000000e+02 2.650000000000000000e+02 0.000000000000000000e+00 2.524900000000000169e-04 8.240300000000000402e-02
3.830000000000000000e+02 2.810000000000000000e+02 0.000000000000000000e+00 1.248099999999999926e-04 5.141400000000000137e-02
3.830000000000000000e+02 3.140000000000000000e+02 0.000000000000000000e+00 1.977500000000000091e-04 6.667800000000000116e-02
3.840000000000000000e+02 7.500000000000000000e+01 0.000000000000000000e+00 -7.940999999999999491e-04 6.464999999999999913e-02
3.840000000000000000e+02 2.150000000000000000e+02 0.000000000000000000e+00 -1.372299999999999909e-03 8.410299999999999720e-02
3.850000000000000000e+02 2.550000000000000000e+02 0.000000000000000000e+00 -4.719899999999999964e-03 1.026100000000000068e-01
3.850000000000000000e+02 2.740000000000000000e+02 0.000000000000000000e+00 -3.493700000000000191e-03 6.865000000000000269e-02
3.860000000000000000e+02 3.000000000000000000e+01 0.000000000000000000e+00 1.073199999999999991e-05 1.796700000000000033e-02
3.860000000000000000e+02 1.290000000000000000e+02 0.000000000000000000e+00 2.246900000000000121e-05 2.709500000000000103e-02
3.860000000000000000e+02 1.790000000000000000e+02 0.000000000000000000e+00 -1.304099999999999932e-05 4.496100000000000096e-02
3.870000000000000000e+02 2.720000000000000000e+02 0.000000000000000000e+00 -3.408999999999999921e-04 1.083900000000000002e-01
3.870000000000000000e+02 3.290000000000000000e+02 0.000000000000000000e+00 5.035399999999999935e-05 6.812300000000000300e-02
3.880000000000000000e+02 1.050000000000000000e+02 0.000000000000000000e+00 -4.950399999999999766e-04 7.042099999999999749e-02
3.880000000000000000e+02 2.420000000000000000e+02 0.000000000000000000e+00 -7.358700000000000137e-04 2.881699999999999887e-02
3.890000000000000000e+02 3.900000000000000000e+01 0.000000000000000000e+00 -8.188199999999999971e-05 2.818400000000000072e-02
3.890000000000000000e+02 9.600000000000000000e+01 0.000000000000000000e+00 -5.492200000000000033e-05 2.896400000000000016e-02
3.890000000000000000e+02 1.830000000000000000e+02 0.000000000000000000e+00 4.813099999999999708e-05 2.922599999999999851e-02
3.890000000000000000e+02 3.420000000000000000e+02 0.000000000000000000e+00 -5.502999999999999998e-05 1.075599999999999994e-02
3.900000000000000000e+02 1.270000000000000000e+02 0.000000000000000000e+00 -3.925400000000000059e-05 6.979399999999999493e-02
3.900000000000000000e+02 1.770000000000000000e+02 0.000000000000000000e+00 -3.081500000000000227e-05 3.507199999999999901e-02
3.920000000000000000e+02 2.430000000000000000e+02 0.000000000000000000e+00 -1.019900000000000044e-04 5.335199999999999665e-02
3.930000000000000000e+02 1.610000000000000000e+02 0.000000000000000000e+00 2.491999999999999858e-04 5.840499999999999858e-02
3.930000000000000000e+02 3.170000000000000000e+02 0.000000000000000000e+00 8.937199999999999745e-05 2.285999999999999838e-02
3.930000000000000000e+02 3.570000000000000000e+02 0.000000000000000000e+00 -1.652400000000000104e-04 6.901200000000000390e-02
3.940000000000000000e+02 1.480000000000000000e+02 0.000000000000000000e+00 2.048200000000000021e-03 2.946199999999999861e-02
3.940000000000000000e+02 3.080000000000000000e+02 0.000000000000000000e+00 -2.048200000000000021e-03 2.946199999999999861e-02
3.950000000000000000e+02 3.250000000000000000e+02 0.000000000000000000e+00 -7.074800000000000012e-03 6.008499999999999952e-02
3.960000000000000000e+02 2.580000000000000000e+02 0.000000000000000000e+00 -2.390000000000000157e-05 8.101800000000000668e-02
3.960000000000000000e+02 3.100000000000000000e+02 0.000000000000000000e+00 -1.175100000000000103e-03 5.315799999999999692e-02
3.960000000000000000e+02 3.920000000000000000e+02 0.000000000000000000e+00 -1.570500000000000064e-03 6.945300000000000085e-02
3.990000000000000000e+02 2.070000000000000000e+02 0.000000000000000000e+00 -2.182599999999999872e-04 7.492000000000000048e-02
3.990000000000000000e+02 3.130000000000000000e+02 0.000000000000000000e+00 4.625399999999999998e-04 2.163100000000000092e-02
3.990000000000000000e+02 3.180000000000000000e+02 0.000000000000000000e+00 5.366299999999999629e-04 4.738300000000000151e-02
3.990000000000000000e+02 3.820000000000000000e+02 0.000000000000000000e+00 5.044500000000000373e-04 2.669600000000000098e-02
4.030000000000000000e+02 5.700000000000000000e+01 0.000000000000000000e+00 2.177000000000000061e-04 2.798099999999999893e-02
4.030000000000000000e+02 1.340000000000000000e+02 0.000000000000000000e+00 7.465500000000000131e-04 6.305600000000000094e-02
4.030000000000000000e+02 2.310000000000000000e+02 0.000000000000000000e+00 1.058600000000000036e-03 9.224200000000000454e-02
4.030000000000000000e+02 3.150000000000000000e+02 0.000000000000000000e+00 -8.130999999999999773e-04 1.100000000000000006e-01
4.040000000000000000e+02 2.300000000000000000e+02 0.000000000000000000e+00 -1.692800000000000056e-04 6.420099999999999418e-02
4.050000000000000000e+02 3.870000000000000000e+02 0.000000000000000000e+00 4.057999999999999975e-04 5.027600000000000124e-02
4.060000000000000000e+02 1.470000000000000000e+02 0.000000000000000000e+00 1.187900000000000062e-04 2.085899999999999907e-02
4.060000000000000000e+02 1.960000000000000000e+02 0.000000000000000000e+00 -1.149800000000000084e-03 1.225799999999999945e-01
4.060000000000000000e+02 3.700000000000000000e+02 0.000000000000000000e+00 1.039999999999999909e-03 5.177299999999999958e-02
4.080000000000000000e+02 2.390000000000000000e+02 0.000000000000000000e+00 5.698100000000000213e-04 9.064899999999999347e-02
4.080000000000000000e+02 2.990000000000000000e+02 0.000000000000000000e+00 -8.342300000000000409e-04 3.905299999999999744e-02
4.090000000000000000e+02 3.900000000000000000e+02 0.000000000000000000e+00 7.560900000000000064e-05 3.631000000000000200e-02
4.100000000000000000e+02 1.140000000000000000e+02 0.000000000000000000e+00 -8.565000000000000158e-06 1.756699999999999928e-02
4.100000000000000000e+02 1.420000000000000000e+02 0.000000000000000000e+00 -2.717800000000000034e-04 7.936699999999999311e-02
4.110000000000000000e+02 9.000000000000000000e+00 0.000000000000000000e+00 -3.992800000000000125e-04 4.615699999999999664e-02
4.110000000000000000e+02 1.700000000000000000e+02 0.000000000000000000e+00 2.255500000000000072e-04 6.704999999999999849e-02
4.110000000000000000e+02 4.010000000000000000e+02 0.000000000000000000e+00 -6.956199999999999840e-04 5.148199999999999998e-02
4.120000000000000000e+02 2.790000000000000000e+02 0.000000000000000000e+00 3.085200000000000182e-03 6.521399999999999419e-02
4.240000000000000000e+02 1.360000000000000000e+02 0.000000000000000000e+00 8.475699999999999207e-03 2.276099999999999998e-02
4.280000000000000000e+02 3.370000000000000000e+02 0.000000000000000000e+00 1.786400000000000141e-02 3.459899999999999781e-02
4.290000000000000000e+02 1.070000000000000000e+02 0.000000000000000000e+00 3.025599999999999817e-03 1.351199999999999971e-02
4.290000000000000000e+02 2.460000000000000000e+02 0.000000000000000000e+00 -3.025599999999999817e-03 1.351199999999999971e-02
4.310000000000000000e+02 1.630000000000000000e+02 0.000000000000000000e+00 3.473700000000000138e-03 2.672499999999999876e-02
4.370000000000000000e+02 3.050000000000000000e+02 0.000000000000000000e+00 -3.474699999999999783e-05 4.142099999999999949e-02
4.370000000000000000e+02 3.460000000000000000e+02 0.000000000000000000e+00 1.070500000000000000e-05 2.469899999999999873e-02
4.370000000000000000e+02 3.980000000000000000e+02 0.000000000000000000e+00 8.142400000000000172e-06 1.859299999999999842e-02
4.400000000000000000e+02 1.100000000000000000e+02 0.000000000000000000e+00 1.328100000000000041e-05 2.247800000000000145e-02
4.400000000000000000e+02 3.020000000000000000e+02 0.000000000000000000e+00 -3.017000000000000083e-05 2.569799999999999862e-02
4.450000000000000000e+02 5.900000000000000000e+01 0.000000000000000000e+00 -1.589600000000000041e-03 8.986399999999999944e-02
4.460000000000000000e+02 2.120000000000000000e+02 0.000000000000000000e+00 -2.166000000000000099e-06 4.395700000000000301e-02
4.480000000000000000e+02 5.700000000000000000e+01 0.000000000000000000e+00 1.430300000000000011e-05 2.321099999999999986e-03
4.480000000000000000e+02 1.320000000000000000e+02 0.000000000000000000e+00 -9.434599999999999421e-06 3.891000000000000014e-02
4.480000000000000000e+02 1.340000000000000000e+02 0.000000000000000000e+00 2.080099999999999956e-05 3.962700000000000250e-02
4.490000000000000000e+02 8.900000000000000000e+01 0.000000000000000000e+00 3.173100000000000096e-04 1.875599999999999837e-02
4.530000000000000000e+02 4.900000000000000000e+01 0.000000000000000000e+00 -8.799700000000000469e-05 6.953199999999999659e-02
4.530000000000000000e+02 8.400000000000000000e+01 0.000000000000000000e+00 7.526699999999999612e-05 4.003799999999999720e-02
4.530000000000000000e+02 9.300000000000000000e+01 0.000000000000000000e+00 1.113499999999999961e-04 3.099199999999999872e-02
4.550000000000000000e+02 3.740000000000000000e+02 0.000000000000000000e+00 -4.324800000000000172e-03 1.327699999999999991e-01
4.600000000000000000e+02 2.790000000000000000e+02 0.000000000000000000e+00 1.828300000000000097e-04 1.668999999999999997e-02
4.630000000000000000e+02 2.950000000000000000e+02 0.000000000000000000e+00 6.477799999999999541e-05 1.952900000000000122e-02
4.630000000000000000e+02 3.630000000000000000e+02 0.000000000000000000e+00 -1.307800000000000082e-05 4.045300000000000284e-02
4.630000000000000000e+02 3.770000000000000000e+02 0.000000000000000000e+00 9.029899999999999722e-05 4.243600000000000150e-02
4.630000000000000000e+02 4.280000000000000000e+02 0.000000000000000000e+00 1.087799999999999987e-04 2.858199999999999977e-02
4.650000000000000000e+02 1.250000000000000000e+02 0.000000000000000000e+00 1.291300000000000087e-02 6.705999999999999461e-02
4.650000000000000000e+02 4.100000000000000000e+02 0.000000000000000000e+00 -1.291300000000000087e-02 6.705999999999999461e-02
4.660000000000000000e+02 1.220000000000000000e+02 0.000000000000000000e+00 4.204200000000000168e-04 3.192099999999999799e-02
4.660000000000000000e+02 2.770000000000000000e+02 0.000000000000000000e+00 -2.327800000000000041e-04 7.693700000000000538e-02
4.660000000000000000e+02 3.690000000000000000e+02 0.000000000000000000e+00 4.956099999999999525e-04 2.872900000000000106e-02
4.700000000000000000e+02 2.290000000000000000e+02 0.000000000000000000e+00 5.374099999999999711e-03 2.215599999999999861e-02
4.700000000000000000e+02 4.120000000000000000e+02 0.000000000000000000e+00 -5.374099999999999711e-03 2.215599999999999861e-02
4.710000000000000000e+02 1.100000000000000000e+01 0.000000000000000000e+00 3.681799999999999830e-03 3.039199999999999888e-02
4.710000000000000000e+02 2.410000000000000000e+02 0.000000000000000000e+00 -3.681799999999999830e-03 3.039199999999999888e-02
4.740000000000000000e+02 1.790000000000000000e+02 0.000000000000000000e+00 -5.135899999999999667e-04 5.284300000000000108e-02
4.740000000000000000e+02 2.120000000000000000e+02 0.000000000000000000e+00 4.265699999999999765e-04 3.518199999999999800e-02
4.750000000000000000e+02 8.000000000000000000e+00 0.000000000000000000e+00 -2.432400000000000089e-04 4.030299999999999855e-02
4.750000000000000000e+02 2.520000000000000000e+02 0.000000000000000000e+00 3.021500000000000124e-05 5.206600000000000117e-02
4.770000000000000000e+02 5.900000000000000000e+01 0.000000000000000000e+00 -1.618299999999999871e-04 2.325299999999999936e-02
4.860000000000000000e+02 1.260000000000000000e+02 0.000000000000000000e+00 2.118800000000000110e-04 3.779799999999999827e-02
4.860000000000000000e+02 1.960000000000000000e+02 0.000000000000000000e+00 -2.017900000000000043e-04 5.574899999999999994e-02
4.900000000000000000e+02 4.490000000000000000e+02 0.000000000000000000e+00 1.848199999999999930e-03 1.685000000000000039e-02
4.900000000000000000e+02 4.600000000000000000e+02 0.000000000000000000e+00 -1.848199999999999930e-03 1.685000000000000039e-02
4.930000000000000000e+02 2.700000000000000000e+01 0.000000000000000000e+00 1.125400000000000011e-02 4.544299999999999728e-02
4.930000000000000000e+02 4.400000000000000000e+02 0.000000000000000000e+00 -1.125400000000000011e-02 4.544299999999999728e-02
4.940000000000000000e+02 7.300000000000000000e+01 0.000000000000000000e+00 2.629300000000000213e-03 2.290700000000000028e-02
4.940000000000000000e+02 3.080000000000000000e+02 0.000000000000000000e+00 -2.629300000000000213e-03 2.290700000000000028e-02
4.950000000000000000e+02 1.070000000000000000e+02 0.000000000000000000e+00 1.044999999999999922e-02 4.147800000000000098e-02
4.970000000000000000e+02 2.740000000000000000e+02 0.000000000000000000e+00 8.613499999999999629e-03 4.374399999999999816e-02
5.000000000000000000e+02 4.180000000000000000e+02 0.000000000000000000e+00 -7.561299999999999586e-05 1.571099999999999927e-02
5.010000000000000000e+02 4.000000000000000000e+01 0.000000000000000000e+00 8.249300000000000156e-07 8.708699999999999775e-02
5.010000000000000000e+02 3.950000000000000000e+02 0.000000000000000000e+00 -3.540999999999999877e-04 8.816300000000000525e-02
5.010000000000000000e+02 4.420000000000000000e+02 0.000000000000000000e+00 -2.302700000000000027e-04 4.183599999999999819e-02
5.020000000000000000e+02 1.130000000000000000e+02 0.000000000000000000e+00 -5.198899999999999979e-05 3.789200000000000207e-02
5.020000000000000000e+02 4.460000000000000000e+02 0.000000000000000000e+00 7.025499999999999736e-05 4.754799999999999999e-02
5.030000000000000000e+02 3.570000000000000000e+02 0.000000000000000000e+00 7.604099999999999922e-03 4.300299999999999956e-02
5.060000000000000000e+02 4.690000000000000000e+02 0.000000000000000000e+00 -1.566100000000000066e-04 2.474799999999999917e-02
5.070000000000000000e+02 1.300000000000000000e+01 0.000000000000000000e+00 -2.107799999999999962e-06 2.653399999999999856e-02
5.070000000000000000e+02 4.920000000000000000e+02 0.000000000000000000e+00 2.217400000000000149e-05 3.468399999999999955e-02
5.070000000000000000e+02 5.020000000000000000e+02 0.000000000000000000e+00 4.734800000000000136e-05 3.889000000000000096e-02
5.080000000000000000e+02 2.200000000000000000e+01 0.000000000000000000e+00 8.404000000000000012e-03 1.853700000000000139e-02
5.080000000000000000e+02 2.520000000000000000e+02 0.000000000000000000e+00 -8.404000000000000012e-03 1.853700000000000139e-02
5.090000000000000000e+02 1.000000000000000000e+01 0.000000000000000000e+00 2.308799999999999985e-05 7.385899999999999410e-02
5.090000000000000000e+02 1.400000000000000000e+01 0.000000000000000000e+00 2.368899999999999969e-05 4.034200000000000286e-02
5.090000000000000000e+02 7.200000000000000000e+01 0.000000000000000000e+00 2.839699999999999934e-05 2.035100000000000103e-02
5.090000000000000000e+02 8.000000000000000000e+01 0.000000000000000000e+00 -1.783699999999999880e-05 5.471800000000000275e-02
5.120000000000000000e+02 2.050000000000000000e+02 0.000000000000000000e+00 0.000000000000000000e+00 2.713600000000000040e-02
5.140000000000000000e+02 1.690000000000000000e+02 0.000000000000000000e+00 7.610100000000000203e-06 3.893400000000000333e-02
5.140000000000000000e+02 2.140000000000000000e+02 0.000000000000000000e+00 -3.617600000000000058e-05 3.938099999999999934e-02
5.140000000000000000e+02 2.930000000000000000e+02 0.000000000000000000e+00 -3.745699999999999730e-05 5.257999999999999653e-03
5.150000000000000000e+02 4.090000000000000000e+02 0.000000000000000000e+00 -1.573599999999999977e-04 5.654599999999999904e-02
5.170000000000000000e+02 5.400000000000000000e+01 0.000000000000000000e+00 -9.478599999999999678e-05 4.204999999999999710e-02
5.170000000000000000e+02 1.200000000000000000e+02 0.000000000000000000e+00 1.892400000000000042e-05 1.773100000000000023e-02
5.170000000000000000e+02 2.230000000000000000e+02 0.000000000000000000e+00 1.940500000000000005e-04 3.078399999999999886e-02
5.190000000000000000e+02 1.220000000000000000e+02 0.000000000000000000e+00 1.287300000000000076e-02 2.189400000000000027e-02
5.190000000000000000e+02 2.910000000000000000e+02 0.000000000000000000e+00 -1.287300000000000076e-02 2.189400000000000027e-02
5.210000000000000000e+02 3.410000000000000000e+02 0.000000000000000000e+00 8.037900000000000600e-03 3.373500000000000110e-02
5.240000000000000000e+02 4.340000000000000000e+02 0.000000000000000000e+00 -5.012600000000000085e-06 4.504699999999999677e-02
5.240000000000000000e+02 5.060000000000000000e+02 0.000000000000000000e+00 -7.980700000000000517e-07 2.959699999999999831e-02
5.250000000000000000e+02 3.050000000000000000e+02 0.000000000000000000e+00 8.596499999999999975e-03 5.631099999999999994e-02
5.260000000000000000e+02 2.120000000000000000e+02 0.000000000000000000e+00 1.081100000000000068e-04 2.731400000000000147e-02
5.270000000000000000e+02 2.100000000000000000e+01 0.000000000000000000e+00 7.417399999999999558e-04 6.987400000000000555e-02
5.280000000000000000e+02 4.740000000000000000e+02 0.000000000000000000e+00 -5.781699999999999887e-05 4.782000000000000139e-02
5.280000000000000000e+02 5.260000000000000000e+02 0.000000000000000000e+00 -8.825999999999999861e-05 6.695600000000000163e-02
5.310000000000000000e+02 2.140000000000000000e+02 0.000000000000000000e+00 -1.901100000000000145e-05 3.974899999999999961e-02
5.310000000000000000e+02 2.210000000000000000e+02 0.000000000000000000e+00 -7.599099999999999800e-05 4.005100000000000326e-02
5.330000000000000000e+02 8.900000000000000000e+01 0.000000000000000000e+00 -2.988299999999999832e-05 3.579500000000000043e-02
5.330000000000000000e+02 2.100000000000000000e+02 0.000000000000000000e+00 -1.213699999999999984e-04 4.645799999999999930e-02
5.330000000000000000e+02 5.310000000000000000e+02 0.000000000000000000e+00 -4.800600000000000082e-05 1.517600000000000025e-02
5.340000000000000000e+02 1.040000000000000000e+02 0.000000000000000000e+00 2.348799999999999846e-03 2.810899999999999857e-02
5.350000000000000000e+02 3.700000000000000000e+02 0.000000000000000000e+00 1.262399999999999980e-02 2.938299999999999940e-02
5.360000000000000000e+02 2.390000000000000000e+02 0.000000000000000000e+00 -2.651700000000000040e-05 4.501299999999999746e-02
5.360000000000000000e+02 2.880000000000000000e+02 0.000000000000000000e+00 -2.162800000000000028e-05 2.266900000000000165e-02
5.360000000000000000e+02 4.950000000000000000e+02 0.000000000000000000e+00 -3.323700000000000043e-05 1.943900000000000142e-02
5.380000000000000000e+02 2.910000000000000000e+02 0.000000000000000000e+00 1.726499999999999953e-04 2.929599999999999912e-02
5.380000000000000000e+02 3.730000000000000000e+02 0.000000000000000000e+00 -1.726499999999999953e-04 2.929599999999999912e-02
5.390000000000000000e+02 8.000000000000000000e+00 0.000000000000000000e+00 3.543100000000000009e-05 5.475399999999999712e-02
5.390000000000000000e+02 1.920000000000000000e+02 0.000000000000000000e+00 -1.288100000000000085e-04 1.829100000000000170e-02
5.390000000000000000e+02 4.240000000000000000e+02 0.000000000000000000e+00 -1.183000000000000024e-04 2.347899999999999987e-02
5.410000000000000000e+02 9.500000000000000000e+01 0.000000000000000000e+00 -4.231999999999999651e-03 1.031900000000000039e-01
5.410000000000000000e+02 1.910000000000000000e+02 0.000000000000000000e+00 3.580300000000000127e-04 4.664299999999999696e-02
5.420000000000000000e+02 3.490000000000000000e+02 0.000000000000000000e+00 -1.497199999999999963e-03 8.185000000000000608e-02
5.420000000000000000e+02 4.120000000000000000e+02 0.000000000000000000e+00 2.339300000000000049e-04 1.093999999999999972e-01
5.450000000000000000e+02 1.110000000000000000e+02 0.000000000000000000e+00 -1.805699999999999872e-04 8.195800000000000307e-02
5.450000000000000000e+02 1.910000000000000000e+02 0.000000000000000000e+00 1.084499999999999933e-04 6.598900000000000599e-02
5.450000000000000000e+02 5.070000000000000000e+02 0.000000000000000000e+00 6.271399999999999620e-05 4.442800000000000221e-02
5.470000000000000000e+02 9.500000000000000000e+01 0.000000000000000000e+00 -3.861900000000000243e-06 2.065900000000000028e-02
5.470000000000000000e+02 1.870000000000000000e+02 0.000000000000000000e+00 9.389199999999999822e-06 4.079599999999999893e-02
5.490000000000000000e+02 5.100000000000000000e+01 0.000000000000000000e+00 9.563699999999999632e-03 6.107100000000000029e-02
5.500000000000000000e+02 4.700000000000000000e+01 0.000000000000000000e+00 3.496700000000000155e-03 3.912199999999999706e-02
5.530000000000000000e+02 1.210000000000000000e+02 0.000000000000000000e+00 1.557399999999999930e-02 4.503900000000000264e-02
5.530000000000000000e+02 3.370000000000000000e+02 0.000000000000000000e+00 -1.557399999999999930e-02 4.503900000000000264e-02
5.540000000000000000e+02 4.910000000000000000e+02 0.000000000000000000e+00 2.119100000000000150e-02 5.633900000000000019e-02
5.550000000000000000e+02 9.900000000000000000e+01 0.000000000000000000e+00 4.015399999999999699e-03 5.261600000000000305e-02
5.570000000000000000e+02 2.760000000000000000e+02 0.000000000000000000e+00 1.164600000000000010e-02 7.133799999999999863e-02
5.580000000000000000e+02 8.100000000000000000e+01 0.000000000000000000e+00 -5.230800000000000130e-05 1.079699999999999931e-02
5.580000000000000000e+02 1.400000000000000000e+02 0.000000000000000000e+00 -4.857899999999999686e-05 2.841000000000000122e-02
5.590000000000000000e+02 3.200000000000000000e+02 0.000000000000000000e+00 1.551700000000000041e-03 2.168099999999999888e-02
5.590000000000000000e+02 5.220000000000000000e+02 0.000000000000000000e+00 2.201799999999999959e-04 6.370199999999999474e-02
5.620000000000000000e+02 4.450000000000000000e+02 0.000000000000000000e+00 -3.545299999999999819e-04 7.759000000000000619e-02
5.640000000000000000e+02 7.400000000000000000e+01 0.000000000000000000e+00 -2.125300000000000133e-05 5.218199999999999922e-02
5.640000000000000000e+02 1.690000000000000000e+02 0.000000000000000000e+00 4.290700000000000102e-05 2.989400000000000043e-02
5.640000000000000000e+02 2.350000000000000000e+02 0.000000000000000000e+00 1.530100000000000139e-05 2.732700000000000060e-02
5.650000000000000000e+02 1.300000000000000000e+01 0.000000000000000000e+00 3.703299999999999865e-04 2.981800000000000075e-02
5.650000000000000000e+02 4.200000000000000000e+01 0.000000000000000000e+00 1.906499999999999992e-04 6.309099999999999431e-02
5.650000000000000000e+02 5.410000000000000000e+02 0.000000000000000000e+00 1.603599999999999893e-04 9.589000000000000301e-02
5.660000000000000000e+02 5.600000000000000000e+01 0.000000000000000000e+00 6.253899999999999737e-03 4.549199999999999772e-02
5.670000000000000000e+02 3.090000000000000000e+02 0.000000000000000000e+00 7.133699999999999763e-03 3.432500000000000134e-02
5.680000000000000000e+02 7.000000000000000000e+01 0.000000000000000000e+00 -6.666000000000000213e-06 8.710999999999999993e-03
5.680000000000000000e+02 2.900000000000000000e+02 0.000000000000000000e+00 1.011500000000000056e-05 2.408100000000000171e-02
5.710000000000000000e+02 2.660000000000000000e+02 0.000000000000000000e+00 2.791099999999999918e-03 3.466799999999999743e-02
5.710000000000000000e+02 5.280000000000000000e+02 0.000000000000000000e+00 -2.791099999999999918e-03 3.466799999999999743e-02
5.740000000000000000e+02 3.060000000000000000e+02 0.000000000000000000e+00 -5.164199999999999867e-03 2.968499999999999958e-02
5.740000000000000000e+02 3.740000000000000000e+02 0.000000000000000000e+00 5.393099999999999847e-04 1.150000000000000050e-01
5.750000000000000000e+02 4.000000000000000000e+02 0.000000000000000000e+00 2.817200000000000173e-03 3.490599999999999953e-02
5.780000000000000000e+02 3.070000000000000000e+02 0.000000000000000000e+00 2.996499999999999923e-04 1.932899999999999896e-02
5.780000000000000000e+02 4.100000000000000000e+02 0.000000000000000000e+00 -2.996499999999999923e-04 1.932899999999999896e-02
5.840000000000000000e+02 4.450000000000000000e+02 0.000000000000000000e+00 1.008499999999999983e-04 3.641599999999999698e-02
5.860000000000000000e+02 1.700000000000000000e+02 0.000000000000000000e+00 3.141899999999999988e-03 4.045699999999999991e-02
5.860000000000000000e+02 2.020000000000000000e+02 0.000000000000000000e+00 -3.141899999999999988e-03 4.045699999999999991e-02
5.870000000000000000e+02 3.230000000000000000e+02 0.000000000000000000e+00 1.241699999999999987e-04 3.875499999999999778e-02
5.870000000000000000e+02 4.020000000000000000e+02 0.000000000000000000e+00 9.298599999999999368e-06 4.311700000000000255e-02
5.880000000000000000e+02 9.000000000000000000e+01 0.000000000000000000e+00 3.089100000000000006e-03 7.573100000000000664e-02
5.880000000000000000e+02 1.650000000000000000e+02 0.000000000000000000e+00 3.839599999999999871e-03 8.026400000000000201e-02
5.880000000000000000e+02 3.720000000000000000e+02 0.000000000000000000e+00 1.954000000000000008e-03 1.890999999999999903e-01
5.880000000000000000e+02 3.740000000000000000e+02 0.000000000000000000e+00 6.550800000000000503e-04 1.164199999999999957e-01
5.890000000000000000e+02 2.370000000000000000e+02 0.000000000000000000e+00 3.829899999999999798e-03 2.351900000000000171e-02
5.890000000000000000e+02 4.000000000000000000e+02 0.000000000000000000e+00 -3.829899999999999798e-03 2.351900000000000171e-02
5.900000000000000000e+02 2.180000000000000000e+02 0.000000000000000000e+00 6.249700000000000394e-03 4.446100000000000052e-02
5.900000000000000000e+02 5.550000000000000000e+02 0.000000000000000000e+00 -6.249700000000000394e-03 4.446100000000000052e-02
5.910000000000000000e+02 2.740000000000000000e+02 0.000000000000000000e+00 -4.762999999999999764e-04 6.457000000000000239e-02
5.910000000000000000e+02 3.720000000000000000e+02 0.000000000000000000e+00 1.140800000000000055e-04 9.936000000000000387e-02
5.920000000000000000e+02 3.110000000000000000e+02 0.000000000000000000e+00 3.105600000000000217e-05 1.630200000000000052e-02
5.920000000000000000e+02 4.860000000000000000e+02 0.000000000000000000e+00 -1.908599999999999988e-05 3.258799999999999891e-02
5.930000000000000000e+02 3.870000000000000000e+02 0.000000000000000000e+00 1.822199999999999948e-03 4.768499999999999822e-02
5.950000000000000000e+02 4.910000000000000000e+02 0.000000000000000000e+00 3.434499999999999728e-05 3.703399999999999748e-02
5.980000000000000000e+02 3.700000000000000000e+01 0.000000000000000000e+00 -2.081400000000000096e-05 3.555699999999999833e-02
5.980000000000000000e+02 2.050000000000000000e+02 0.000000000000000000e+00 3.026400000000000027e-05 2.772700000000000164e-02
5.980000000000000000e+02 3.680000000000000000e+02 0.000000000000000000e+00 -1.331999999999999952e-05 2.085499999999999854e-02
6.020000000000000000e+02 1.600000000000000000e+01 0.000000000000000000e+00 3.971399999999999930e-03 6.504899999999999571e-02
6.020000000000000000e+02 2.230000000000000000e+02 0.000000000000000000e+00 -3.971399999999999930e-03 6.504899999999999571e-02
6.030000000000000000e+02 2.960000000000000000e+02 0.000000000000000000e+00 1.249199999999999963e-02 2.726100000000000051e-02
6.030000000000000000e+02 5.230000000000000000e+02 0.000000000000000000e+00 -1.249199999999999963e-02 2.726100000000000051e-02
6.040000000000000000e+02 5.920000000000000000e+02 0.000000000000000000e+00 2.164300000000000078e-03 2.938100000000000087e-02
6.060000000000000000e+02 4.050000000000000000e+02 0.000000000000000000e+00 -3.528199999999999999e-04 4.533500000000000030e-02
6.060000000000000000e+02 5.210000000000000000e+02 0.000000000000000000e+00 -1.740300000000000126e-04 2.165699999999999917e-02
6.080000000000000000e+02 1.510000000000000000e+02 0.000000000000000000e+00 1.915700000000000042e-02 5.608699999999999797e-02
6.080000000000000000e+02 2.000000000000000000e+02 0.000000000000000000e+00 -1.915700000000000042e-02 5.608699999999999797e-02
6.090000000000000000e+02 3.610000000000000000e+02 0.000000000000000000e+00 -1.557100000000000118e-04 6.265099999999999836e-02
6.090000000000000000e+02 3.800000000000000000e+02 0.000000000000000000e+00 2.617100000000000134e-04 3.363499999999999823e-02
6.090000000000000000e+02 4.310000000000000000e+02 0.000000000000000000e+00 1.778200000000000017e-04 2.419400000000000023e-02
6.100000000000000000e+02 1.270000000000000000e+02 0.000000000000000000e+00 -6.840300000000000221e-05 3.911400000000000293e-02
6.100000000000000000e+02 6.010000000000000000e+02 0.000000000000000000e+00 4.831300000000000313e-05 2.083700000000000135e-02
6.110000000000000000e+02 2.430000000000000000e+02 0.000000000000000000e+00 1.636499999999999934e-03 5.090000000000000080e-02
6.110000000000000000e+02 2.990000000000000000e+02 0.000000000000000000e+00 -1.636499999999999934e-03 5.090000000000000080e-02
6.140000000000000000e+02 1.350000000000000000e+02 0.000000000000000000e+00 1.429700000000000068e-02 2.267999999999999877e-02
6.140000000000000000e+02 1.490000000000000000e+02 0.000000000000000000e+00 -1.429700000000000068e-02 2.267999999999999877e-02
6.150000000000000000e+02 2.440000000000000000e+02 0.000000000000000000e+00 7.680700000000000374e-03 2.172200000000000172e-02
6.150000000000000000e+02 3.660000000000000000e+02 0.000000000000000000e+00 -7.680700000000000374e-03 2.172200000000000172e-02
6.170000000000000000e+02 1.550000000000000000e+02 0.000000000000000000e+00 6.741399999999999823e-03 6.465100000000000013e-02
6.170000000000000000e+02 3.560000000000000000e+02 0.000000000000000000e+00 -5.113799999999999943e-03 9.367699999999999638e-02
6.180000000000000000e+02 1.720000000000000000e+02 0.000000000000000000e+00 2.441400000000000037e-04 3.059999999999999873e-02
6.180000000000000000e+02 3.910000000000000000e+02 0.000000000000000000e+00 -2.441400000000000037e-04 3.059999999999999873e-02
6.220000000000000000e+02 4.420000000000000000e+02 0.000000000000000000e+00 2.054100000000000001e-04 3.620299999999999907e-02
6.220000000000000000e+02 4.640000000000000000e+02 0.000000000000000000e+00 9.922499999999999951e-05 1.474499999999999943e-02
6.230000000000000000e+02 3.800000000000000000e+01 0.000000000000000000e+00 -7.290300000000000317e-05 6.006500000000000034e-02
6.230000000000000000e+02 4.700000000000000000e+01 0.000000000000000000e+00 -4.108100000000000190e-05 6.236599999999999783e-02
6.230000000000000000e+02 3.000000000000000000e+02 0.000000000000000000e+00 -9.820000000000000170e-05 6.993099999999999317e-02
6.230000000000000000e+02 5.680000000000000000e+02 0.000000000000000000e+00 -8.910300000000000392e-05 2.006700000000000150e-02
6.240000000000000000e+02 1.170000000000000000e+02 0.000000000000000000e+00 1.659000000000000101e-03 3.885299999999999865e-02
6.240000000000000000e+02 3.910000000000000000e+02 0.000000000000000000e+00 -1.659000000000000101e-03 3.885299999999999865e-02
6.250000000000000000e+02 3.000000000000000000e+01 0.000000000000000000e+00 2.208800000000000130e-04 5.707500000000000073e-02
6.250000000000000000e+02 1.290000000000000000e+02 0.000000000000000000e+00 6.647600000000000525e-05 1.675199999999999953e-02
6.250000000000000000e+02 6.160000000000000000e+02 0.000000000000000000e+00 8.925399999999999282e-06 3.137700000000000211e-02
6.260000000000000000e+02 5.900000000000000000e+01 0.000000000000000000e+00 1.335199999999999929e-03 6.477099999999999524e-02
6.270000000000000000e+02 4.000000000000000000e+01 0.000000000000000000e+00 -1.139300000000000019e-04 4.445099999999999746e-02
6.270000000000000000e+02 6.220000000000000000e+02 0.000000000000000000e+00 -1.820400000000000121e-04 2.058400000000000160e-02
6.280000000000000000e+02 1.050000000000000000e+02 0.000000000000000000e+00 2.272499999999999842e-06 3.105600000000000027e-02
6.280000000000000000e+02 2.670000000000000000e+02 0.000000000000000000e+00 3.943599999999999817e-06 6.487800000000000511e-02
6.280000000000000000e+02 3.880000000000000000e+02 0.000000000000000000e+00 3.763999999999999876e-06 2.459899999999999934e-02
6.300000000000000000e+02 1.800000000000000000e+01 0.000000000000000000e+00 -5.625500000000000265e-05 2.756799999999999876e-02
6.300000000000000000e+02 3.300000000000000000e+01 0.000000000000000000e+00 -1.104799999999999993e-05 2.035500000000000156e-02
6.300000000000000000e+02 3.350000000000000000e+02 0.000000000000000000e+00 2.937799999999999892e-05 4.628100000000000269e-02
6.310000000000000000e+02 1.890000000000000000e+02 0.000000000000000000e+00 2.287400000000000089e-04 5.987800000000000067e-02
6.310000000000000000e+02 3.070000000000000000e+02 0.000000000000000000e+00 8.029000000000000546e-05 3.634799999999999837e-02
6.310000000000000000e+02 5.570000000000000000e+02 0.000000000000000000e+00 4.039800000000000183e-05 6.525799999999999657e-02
6.320000000000000000e+02 3.110000000000000000e+02 0.000000000000000000e+00 -4.937900000000000275e-05 1.538999999999999917e-02
6.320000000000000000e+02 3.700000000000000000e+02 0.000000000000000000e+00 5.247699999999999748e-06 4.753000000000000280e-02
6.320000000000000000e+02 5.920000000000000000e+02 0.000000000000000000e+00 -5.983300000000000126e-05 1.736700000000000049e-02
6.330000000000000000e+02 6.700000000000000000e+01 0.000000000000000000e+00 1.119200000000000056e-02 4.757100000000000217e-02
6.330000000000000000e+02 4.040000000000000000e+02 0.000000000000000000e+00 -1.119200000000000056e-02 4.757100000000000217e-02
6.370000000000000000e+02 1.700000000000000000e+02 0.000000000000000000e+00 -7.625400000000000277e-04 8.386499999999999511e-02
6.370000000000000000e+02 3.420000000000000000e+02 0.000000000000000000e+00 -1.902600000000000114e-04 8.590799999999999825e-02
6.370000000000000000e+02 3.850000000000000000e+02 0.000000000000000000e+00 6.398299999999999777e-04 7.181999999999999496e-02
6.380000000000000000e+02 1.500000000000000000e+02 0.000000000000000000e+00 -4.106199999999999954e-04 7.274600000000000510e-02
6.380000000000000000e+02 3.710000000000000000e+02 0.000000000000000000e+00 6.136499999999999811e-04 6.534299999999999831e-02
6.390000000000000000e+02 3.410000000000000000e+02 0.000000000000000000e+00 7.870099999999999665e-03 4.136800000000000199e-02
6.390000000000000000e+02 4.050000000000000000e+02 0.000000000000000000e+00 -7.870099999999999665e-03 4.136800000000000199e-02
6.410000000000000000e+02 6.380000000000000000e+02 0.000000000000000000e+00 2.800699999999999934e-04 3.717800000000000271e-02
6.460000000000000000e+02 1.350000000000000000e+02 0.000000000000000000e+00 -1.978399999999999896e-04 3.243599999999999955e-02
6.460000000000000000e+02 1.920000000000000000e+02 0.000000000000000000e+00 2.261300000000000050e-04 5.153900000000000148e-02
6.460000000000000000e+02 5.660000000000000000e+02 0.000000000000000000e+00 -2.465300000000000130e-04 5.326399999999999885e-02
6.470000000000000000e+02 1.110000000000000000e+02 0.000000000000000000e+00 1.925699999999999981e-02 6.949099999999999722e-02
6.470000000000000000e+02 3.950000000000000000e+02 0.000000000000000000e+00 -1.925699999999999981e-02 6.949099999999999722e-02
6.510000000000000000e+02 1.290000000000000000e+02 0.000000000000000000e+00 -8.548200000000000590e-05 1.235900000000000019e-02
6.510000000000000000e+02 2.660000000000000000e+02 0.000000000000000000e+00 3.328899999999999925e-05 3.908299999999999969e-02
6.510000000000000000e+02 5.060000000000000000e+02 0.000000000000000000e+00 -1.042599999999999945e-04 4.333499999999999852e-02
6.560000000000000000e+02 3.250000000000000000e+02 0.000000000000000000e+00 3.070900000000000024e-05 5.364599999999999924e-02
6.560000000000000000e+02 4.460000000000000000e+02 0.000000000000000000e+00 -7.343600000000000637e-05 2.616100000000000023e-02
6.560000000000000000e+02 4.920000000000000000e+02 0.000000000000000000e+00 6.694000000000000622e-05 4.176300000000000151e-02
6.560000000000000000e+02 5.260000000000000000e+02 0.000000000000000000e+00 -4.761799999999999708e-05 6.426600000000000368e-02
6.590000000000000000e+02 4.220000000000000000e+02 0.000000000000000000e+00 2.468999999999999841e-04 5.225400000000000184e-02
6.590000000000000000e+02 5.150000000000000000e+02 0.000000000000000000e+00 1.432700000000000022e-04 5.868099999999999705e-02
6.600000000000000000e+02 5.330000000000000000e+02 0.000000000000000000e+00 4.277800000000000005e-03 5.029200000000000337e-02
6.610000000000000000e+02 3.260000000000000000e+02 0.000000000000000000e+00 1.709500000000000082e-03 2.449600000000000041e-02
6.610000000000000000e+02 5.340000000000000000e+02 0.000000000000000000e+00 -1.709500000000000082e-03 2.449600000000000041e-02
6.620000000000000000e+02 2.670000000000000000e+02 0.000000000000000000e+00 3.252499999999999776e-05 2.097500000000000059e-02
6.620000000000000000e+02 3.230000000000000000e+02 0.000000000000000000e+00 3.877500000000000060e-05 3.494300000000000184e-02
6.640000000000000000e+02 5.840000000000000000e+02 0.000000000000000000e+00 6.819200000000000305e-04 5.399099999999999733e-02
6.660000000000000000e+02 1.150000000000000000e+02 0.000000000000000000e+00 1.296400000000000124e-04 6.800000000000000488e-02
6.660000000000000000e+02 2.780000000000000000e+02 0.000000000000000000e+00 -3.512300000000000101e-04 4.171300000000000008e-02
6.660000000000000000e+02 5.670000000000000000e+02 0.000000000000000000e+00 -2.106999999999999986e-04 3.923900000000000304e-02
6.670000000000000000e+02 1.510000000000000000e+02 0.000000000000000000e+00 -4.999100000000000130e-06 4.716200000000000253e-02
6.670000000000000000e+02 3.180000000000000000e+02 0.000000000000000000e+00 -4.591899999999999861e-05 5.000500000000000084e-02
6.670000000000000000e+02 3.820000000000000000e+02 0.000000000000000000e+00 -8.359500000000000177e-05 2.339799999999999866e-02
6.730000000000000000e+02 5.420000000000000000e+02 0.000000000000000000e+00 1.039699999999999999e-02 6.859800000000000619e-02
6.730000000000000000e+02 6.310000000000000000e+02 0.000000000000000000e+00 -1.039699999999999999e-02 6.859800000000000619e-02
6.740000000000000000e+02 6.580000000000000000e+02 0.000000000000000000e+00 4.468399999999999976e-03 1.446300000000000016e-02
6.750000000000000000e+02 1.150000000000000000e+02 0.000000000000000000e+00 -1.430799999999999921e-04 5.381999999999999978e-02
6.750000000000000000e+02 1.420000000000000000e+02 0.000000000000000000e+00 2.751300000000000035e-04 7.540199999999999680e-02
6.750000000000000000e+02 3.550000000000000000e+02 0.000000000000000000e+00 1.478299999999999992e-04 3.490599999999999953e-02
6.780000000000000000e+02 2.570000000000000000e+02 0.000000000000000000e+00 1.242500000000000028e-02 2.944899999999999948e-02
6.780000000000000000e+02 6.670000000000000000e+02 0.000000000000000000e+00 -1.242500000000000028e-02 2.944899999999999948e-02
6.790000000000000000e+02 5.100000000000000000e+01 0.000000000000000000e+00 1.154200000000000028e-04 7.437799999999999967e-02
6.790000000000000000e+02 1.030000000000000000e+02 0.000000000000000000e+00 -8.541699999999999889e-05 4.678000000000000214e-02
6.790000000000000000e+02 6.360000000000000000e+02 0.000000000000000000e+00 1.270199999999999968e-05 2.806499999999999967e-02
6.800000000000000000e+02 1.530000000000000000e+02 0.000000000000000000e+00 -3.494000000000000090e-05 2.404200000000000087e-02
6.800000000000000000e+02 1.710000000000000000e+02 0.000000000000000000e+00 -2.420100000000000089e-05 1.350200000000000011e-02
6.800000000000000000e+02 3.680000000000000000e+02 0.000000000000000000e+00 4.882200000000000114e-05 4.239899999999999919e-02
6.810000000000000000e+02 3.400000000000000000e+02 0.000000000000000000e+00 4.269499999999999858e-03 1.048000000000000043e-01
6.810000000000000000e+02 5.740000000000000000e+02 0.000000000000000000e+00 -2.866599999999999964e-03 8.289799999999999947e-02
6.810000000000000000e+02 6.710000000000000000e+02 0.000000000000000000e+00 -3.970999999999999704e-03 5.245799999999999769e-02
6.830000000000000000e+02 4.000000000000000000e+00 0.000000000000000000e+00 -1.589399999999999927e-03 4.180799999999999794e-02
6.830000000000000000e+02 2.510000000000000000e+02 0.000000000000000000e+00 -1.970400000000000190e-03 3.378500000000000253e-02
6.830000000000000000e+02 2.940000000000000000e+02 0.000000000000000000e+00 -1.459599999999999917e-03 6.720099999999999685e-02
6.840000000000000000e+02 4.910000000000000000e+02 0.000000000000000000e+00 -1.282099999999999939e-04 5.872399999999999842e-02
6.840000000000000000e+02 5.950000000000000000e+02 0.000000000000000000e+00 -3.711100000000000163e-04 8.329200000000000145e-03
6.850000000000000000e+02 2.170000000000000000e+02 0.000000000000000000e+00 1.438200000000000069e-02 4.716299999999999659e-02
6.850000000000000000e+02 3.660000000000000000e+02 0.000000000000000000e+00 -1.438200000000000069e-02 4.716299999999999659e-02
6.860000000000000000e+02 5.260000000000000000e+02 0.000000000000000000e+00 2.161999999999999968e-04 1.874200000000000171e-02
6.860000000000000000e+02 5.950000000000000000e+02 0.000000000000000000e+00 -8.065200000000000301e-06 6.350999999999999701e-02
6.860000000000000000e+02 6.840000000000000000e+02 0.000000000000000000e+00 1.490700000000000076e-04 3.679099999999999732e-02
6.880000000000000000e+02 2.550000000000000000e+02 0.000000000000000000e+00 2.633400000000000150e-03 7.452499999999999403e-02
6.880000000000000000e+02 4.010000000000000000e+02 0.000000000000000000e+00 -3.481800000000000173e-03 8.218200000000000505e-02
6.880000000000000000e+02 4.730000000000000000e+02 0.000000000000000000e+00 -1.189399999999999962e-03 3.302200000000000274e-02
6.900000000000000000e+02 1.040000000000000000e+02 0.000000000000000000e+00 -2.421200000000000129e-05 2.527199999999999933e-02
6.900000000000000000e+02 5.850000000000000000e+02 0.000000000000000000e+00 -1.114100000000000057e-05 1.824999999999999886e-02
6.910000000000000000e+02 4.300000000000000000e+01 0.000000000000000000e+00 -1.952099999999999962e-04 4.667500000000000121e-02
6.910000000000000000e+02 5.150000000000000000e+02 0.000000000000000000e+00 1.146999999999999962e-04 4.499999999999999833e-02
6.910000000000000000e+02 6.100000000000000000e+02 0.000000000000000000e+00 -2.414599999999999887e-05 4.593900000000000067e-02
6.930000000000000000e+02 5.000000000000000000e+01 0.000000000000000000e+00 1.469399999999999992e-04 3.956799999999999901e-02
6.930000000000000000e+02 1.100000000000000000e+02 0.000000000000000000e+00 -2.420599999999999965e-04 9.738700000000000134e-02
6.940000000000000000e+02 2.590000000000000000e+02 0.000000000000000000e+00 -1.308399999999999873e-04 3.615700000000000164e-02
6.940000000000000000e+02 5.300000000000000000e+02 0.000000000000000000e+00 7.803599999999999621e-05 3.590399999999999842e-02
6.940000000000000000e+02 5.470000000000000000e+02 0.000000000000000000e+00 -1.469100000000000046e-05 2.852800000000000127e-02
6.950000000000000000e+02 1.360000000000000000e+02 0.000000000000000000e+00 8.094899999999999492e-04 3.300899999999999668e-02
6.960000000000000000e+02 1.030000000000000000e+02 0.000000000000000000e+00 2.376400000000000151e-05 1.606399999999999842e-02
6.990000000000000000e+02 4.570000000000000000e+02 0.000000000000000000e+00 -1.230600000000000042e-05 4.341899999999999926e-02
6.990000000000000000e+02 5.960000000000000000e+02 0.000000000000000000e+00 8.478399999999999327e-05 3.326699999999999796e-02
6.990000000000000000e+02 6.740000000000000000e+02 0.000000000000000000e+00 3.934799999999999664e-05 2.447399999999999923e-02
7.010000000000000000e+02 4.300000000000000000e+01 0.000000000000000000e+00 3.492200000000000209e-04 4.388299999999999840e-02
7.010000000000000000e+02 5.220000000000000000e+02 0.000000000000000000e+00 4.245699999999999821e-04 4.263100000000000223e-02
7.020000000000000000e+02 4.000000000000000000e+00 0.000000000000000000e+00 3.567299999999999811e-03 4.139299999999999924e-02
7.020000000000000000e+02 7.600000000000000000e+01 0.000000000000000000e+00 -1.767799999999999927e-03 1.169400000000000023e-01
7.020000000000000000e+02 1.440000000000000000e+02 0.000000000000000000e+00 5.027900000000000078e-03 7.080100000000000282e-02
7.040000000000000000e+02 4.020000000000000000e+02 0.000000000000000000e+00 7.963299999999999581e-08 7.311299999999999744e-02
7.060000000000000000e+02 6.400000000000000000e+01 0.000000000000000000e+00 4.785199999999999870e-03 5.872800000000000242e-02
7.060000000000000000e+02 3.580000000000000000e+02 0.000000000000000000e+00 -4.785199999999999870e-03 5.872800000000000242e-02
7.070000000000000000e+02 3.220000000000000000e+02 0.000000000000000000e+00 3.586999999999999911e-03 7.774699999999999667e-02
7.070000000000000000e+02 4.000000000000000000e+02 0.000000000000000000e+00 -3.586999999999999911e-03 7.774699999999999667e-02
7.100000000000000000e+02 1.580000000000000000e+02 0.000000000000000000e+00 -3.809899999999999962e-04 4.442399999999999821e-02
7.100000000000000000e+02 2.060000000000000000e+02 0.000000000000000000e+00 2.392700000000000046e-04 6.569899999999999352e-02
7.110000000000000000e+02 1.990000000000000000e+02 0.000000000000000000e+00 -7.357999999999999613e-09 6.637800000000000644e-02
7.110000000000000000e+02 2.030000000000000000e+02 0.000000000000000000e+00 4.343299999999999988e-07 1.026699999999999974e-01
7.130000000000000000e+02 2.060000000000000000e+02 0.000000000000000000e+00 5.319600000000000500e-04 2.514900000000000121e-02
7.130000000000000000e+02 4.070000000000000000e+02 0.000000000000000000e+00 -5.319600000000000500e-04 2.514900000000000121e-02
7.140000000000000000e+02 4.340000000000000000e+02 0.000000000000000000e+00 -2.907600000000000080e-05 6.427299999999999680e-02
7.140000000000000000e+02 5.620000000000000000e+02 0.000000000000000000e+00 9.050099999999999969e-06 6.528200000000000669e-02
7.140000000000000000e+02 6.250000000000000000e+02 0.000000000000000000e+00 1.472400000000000065e-04 4.968899999999999706e-02
7.160000000000000000e+02 2.830000000000000000e+02 0.000000000000000000e+00 -6.528800000000000239e-05 4.653899999999999704e-02
7.160000000000000000e+02 4.540000000000000000e+02 0.000000000000000000e+00 5.002899999999999822e-05 3.642299999999999705e-02
7.160000000000000000e+02 5.000000000000000000e+02 0.000000000000000000e+00 6.978200000000000375e-06 9.117999999999999716e-02
7.160000000000000000e+02 5.560000000000000000e+02 0.000000000000000000e+00 -2.348700000000000061e-05 1.601899999999999852e-02
7.180000000000000000e+02 1.860000000000000000e+02 0.000000000000000000e+00 4.006100000000000286e-03 1.729299999999999934e-02
7.180000000000000000e+02 7.170000000000000000e+02 0.000000000000000000e+00 -4.006100000000000286e-03 1.729299999999999934e-02
7.210000000000000000e+02 2.490000000000000000e+02 0.000000000000000000e+00 1.465299999999999936e-02 3.571300000000000169e-02
7.220000000000000000e+02 3.990000000000000000e+02 0.000000000000000000e+00 2.857800000000000184e-04 4.860799999999999843e-02
7.220000000000000000e+02 5.590000000000000000e+02 0.000000000000000000e+00 -2.857800000000000184e-04 4.860799999999999843e-02
7.230000000000000000e+02 3.500000000000000000e+01 0.000000000000000000e+00 3.007500000000000191e-04 3.651700000000000085e-02
7.230000000000000000e+02 2.140000000000000000e+02 0.000000000000000000e+00 -3.007500000000000191e-04 3.651700000000000085e-02
7.240000000000000000e+02 2.580000000000000000e+02 0.000000000000000000e+00 8.914100000000000322e-04 6.717199999999999560e-02
7.240000000000000000e+02 3.410000000000000000e+02 0.000000000000000000e+00 -8.914100000000000322e-04 6.717199999999999560e-02
7.250000000000000000e+02 2.130000000000000000e+02 0.000000000000000000e+00 3.997699999999999865e-03 2.805799999999999961e-02
7.250000000000000000e+02 3.510000000000000000e+02 0.000000000000000000e+00 -3.997699999999999865e-03 2.805799999999999961e-02
7.260000000000000000e+02 4.080000000000000000e+02 0.000000000000000000e+00 1.117199999999999964e-02 5.972500000000000031e-02
7.270000000000000000e+02 2.910000000000000000e+02 0.000000000000000000e+00 3.146000000000000033e-04 2.325100000000000083e-02
7.270000000000000000e+02 3.220000000000000000e+02 0.000000000000000000e+00 -5.413500000000000262e-05 5.972399999999999931e-02
7.270000000000000000e+02 6.040000000000000000e+02 0.000000000000000000e+00 3.731499999999999899e-04 2.195300000000000029e-02
7.290000000000000000e+02 3.010000000000000000e+02 0.000000000000000000e+00 -1.384000000000000031e-04 3.565999999999999726e-02
7.290000000000000000e+02 4.550000000000000000e+02 0.000000000000000000e+00 -4.181400000000000047e-04 2.000000000000000042e-02
7.310000000000000000e+02 3.850000000000000000e+02 0.000000000000000000e+00 1.432899999999999972e-03 8.950700000000000323e-02
7.320000000000000000e+02 1.400000000000000000e+02 0.000000000000000000e+00 1.691599999999999918e-03 7.154900000000000149e-02
7.320000000000000000e+02 7.010000000000000000e+02 0.000000000000000000e+00 -1.691599999999999918e-03 7.154900000000000149e-02
7.330000000000000000e+02 3.300000000000000000e+02 0.000000000000000000e+00 6.664899999999999644e-03 3.213900000000000090e-02
7.330000000000000000e+02 6.130000000000000000e+02 0.000000000000000000e+00 -6.664899999999999644e-03 3.213900000000000090e-02
7.360000000000000000e+02 6.600000000000000000e+01 0.000000000000000000e+00 -4.798499999999999814e-04 8.737699999999999634e-02
7.360000000000000000e+02 2.190000000000000000e+02 0.000000000000000000e+00 -5.182700000000000371e-04 3.646900000000000142e-02
7.360000000000000000e+02 3.910000000000000000e+02 0.000000000000000000e+00 -5.594099999999999854e-04 6.563399999999999790e-02
7.360000000000000000e+02 6.930000000000000000e+02 0.000000000000000000e+00 1.526699999999999867e-04 1.074600000000000000e-01
7.380000000000000000e+02 1.080000000000000000e+02 0.000000000000000000e+00 5.984500000000000046e-06 3.253400000000000042e-02
7.380000000000000000e+02 1.120000000000000000e+02 0.000000000000000000e+00 1.557999999999999991e-05 6.947599999999999956e-03
7.380000000000000000e+02 3.080000000000000000e+02 0.000000000000000000e+00 9.420200000000000033e-06 3.379599999999999965e-02
7.400000000000000000e+02 2.300000000000000000e+02 0.000000000000000000e+00 4.851399999999999636e-03 2.497800000000000020e-02
7.400000000000000000e+02 2.940000000000000000e+02 0.000000000000000000e+00 -4.851399999999999636e-03 2.497800000000000020e-02
7.410000000000000000e+02 7.700000000000000000e+01 0.000000000000000000e+00 8.634299999999999918e-04 8.777300000000000380e-02
7.410000000000000000e+02 6.950000000000000000e+02 0.000000000000000000e+00 -4.801499999999999887e-04 5.588100000000000012e-02
7.420000000000000000e+02 1.890000000000000000e+02 0.000000000000000000e+00 -1.005500000000000046e-04 1.045399999999999940e-01
7.420000000000000000e+02 5.040000000000000000e+02 0.000000000000000000e+00 7.214100000000000200e-04 3.102600000000000149e-02
7.420000000000000000e+02 5.930000000000000000e+02 0.000000000000000000e+00 5.712900000000000139e-04 3.381900000000000184e-02
7.430000000000000000e+02 3.300000000000000000e+02 0.000000000000000000e+00 7.525600000000000345e-03 1.740999999999999839e-02
7.430000000000000000e+02 6.170000000000000000e+02 0.000000000000000000e+00 -7.525600000000000345e-03 1.740999999999999839e-02
7.440000000000000000e+02 3.500000000000000000e+02 0.000000000000000000e+00 7.702600000000000419e-03 3.763299999999999979e-02
7.440000000000000000e+02 4.040000000000000000e+02 0.000000000000000000e+00 -7.702600000000000419e-03 3.763299999999999979e-02
7.470000000000000000e+02 1.680000000000000000e+02 0.000000000000000000e+00 -1.956600000000000179e-03 3.078399999999999886e-02
7.470000000000000000e+02 2.690000000000000000e+02 0.000000000000000000e+00 1.259799999999999939e-03 8.271599999999999786e-02
7.470000000000000000e+02 2.800000000000000000e+02 0.000000000000000000e+00 -1.736200000000000026e-03 6.510499999999999621e-02
7.480000000000000000e+02 2.600000000000000000e+01 0.000000000000000000e+00 2.961500000000000157e-03 6.921800000000000175e-02
7.480000000000000000e+02 4.500000000000000000e+01 0.000000000000000000e+00 3.865500000000000012e-03 3.357999999999999874e-02
7.480000000000000000e+02 4.040000000000000000e+02 0.000000000000000000e+00 -1.274799999999999978e-03 8.471700000000000064e-02
7.490000000000000000e+02 1.620000000000000000e+02 0.000000000000000000e+00 -3.909199999999999774e-05 2.281100000000000141e-02
7.490000000000000000e+02 4.070000000000000000e+02 0.000000000000000000e+00 -5.140300000000000235e-05 1.645200000000000135e-02
7.500000000000000000e+02 3.500000000000000000e+01 0.000000000000000000e+00 1.257300000000000084e-02 5.020999999999999769e-02
7.500000000000000000e+02 2.100000000000000000e+02 0.000000000000000000e+00 -1.257300000000000084e-02 5.020999999999999769e-02
7.510000000000000000e+02 1.870000000000000000e+02 0.000000000000000000e+00 1.450100000000000000e-02 5.795000000000000151e-02
7.510000000000000000e+02 4.040000000000000000e+02 0.000000000000000000e+00 -1.450100000000000000e-02 5.795000000000000151e-02
7.530000000000000000e+02 1.380000000000000000e+02 0.000000000000000000e+00 -4.318300000000000312e-05 4.343500000000000139e-02
7.530000000000000000e+02 2.490000000000000000e+02 0.000000000000000000e+00 1.704200000000000116e-04 5.056499999999999884e-02
7.540000000000000000e+02 4.570000000000000000e+02 0.000000000000000000e+00 2.286099999999999949e-04 2.710699999999999915e-02
7.540000000000000000e+02 6.590000000000000000e+02 0.000000000000000000e+00 -2.286099999999999949e-04 2.710699999999999915e-02
7.550000000000000000e+02 1.860000000000000000e+02 0.000000000000000000e+00 1.117999999999999935e-04 2.949200000000000085e-02
7.550000000000000000e+02 3.800000000000000000e+02 0.000000000000000000e+00 4.682999999999999988e-04 6.123499999999999777e-02
7.550000000000000000e+02 6.350000000000000000e+02 0.000000000000000000e+00 -4.129499999999999816e-04 8.970200000000000395e-02
7.560000000000000000e+02 4.100000000000000000e+02 0.000000000000000000e+00 1.635299999999999948e-02 7.704300000000000037e-02
7.560000000000000000e+02 4.120000000000000000e+02 0.000000000000000000e+00 -1.635299999999999948e-02 7.704300000000000037e-02
7.570000000000000000e+02 3.800000000000000000e+01 0.000000000000000000e+00 -2.884200000000000067e-04 7.427200000000000468e-02
7.570000000000000000e+02 1.870000000000000000e+02 0.000000000000000000e+00 2.922099999999999958e-04 6.424100000000000643e-02
7.570000000000000000e+02 5.830000000000000000e+02 0.000000000000000000e+00 -6.970700000000000192e-05 3.580499999999999655e-02
7.580000000000000000e+02 2.160000000000000000e+02 0.000000000000000000e+00 1.194099999999999968e-04 2.998299999999999924e-02
7.580000000000000000e+02 7.210000000000000000e+02 0.000000000000000000e+00 2.357299999999999944e-04 2.678399999999999878e-02
7.590000000000000000e+02 5.280000000000000000e+02 0.000000000000000000e+00 1.772500000000000117e-02 2.949600000000000138e-02
7.590000000000000000e+02 6.840000000000000000e+02 0.000000000000000000e+00 -1.772500000000000117e-02 2.949600000000000138e-02
7.600000000000000000e+02 1.580000000000000000e+02 0.000000000000000000e+00 7.244500000000000180e-05 1.566599999999999937e-02
7.600000000000000000e+02 1.620000000000000000e+02 0.000000000000000000e+00 1.287600000000000005e-05 1.907599999999999921e-02
7.600000000000000000e+02 5.180000000000000000e+02 0.000000000000000000e+00 -3.287100000000000156e-04 8.566200000000000203e-02
7.600000000000000000e+02 7.100000000000000000e+02 0.000000000000000000e+00 3.195100000000000088e-04 6.481000000000000649e-02
7.610000000000000000e+02 7.490000000000000000e+02 0.000000000000000000e+00 1.765599999999999982e-03 3.707200000000000079e-02
7.630000000000000000e+02 7.300000000000000000e+01 0.000000000000000000e+00 -1.959700000000000092e-04 4.055000000000000271e-02
7.630000000000000000e+02 3.260000000000000000e+02 0.000000000000000000e+00 4.796399999999999682e-05 6.410799999999999832e-02
7.650000000000000000e+02 3.500000000000000000e+02 0.000000000000000000e+00 -5.132300000000000447e-04 4.379999999999999866e-02
7.650000000000000000e+02 7.410000000000000000e+02 0.000000000000000000e+00 -6.182600000000000335e-04 5.554300000000000209e-02
7.660000000000000000e+02 2.770000000000000000e+02 0.000000000000000000e+00 1.509799999999999944e-03 8.039200000000000512e-02
7.660000000000000000e+02 3.700000000000000000e+02 0.000000000000000000e+00 -1.133399999999999902e-03 9.777199999999999780e-02
7.660000000000000000e+02 7.580000000000000000e+02 0.000000000000000000e+00 -6.743600000000000419e-04 7.448299999999999366e-02
7.670000000000000000e+02 1.470000000000000000e+02 0.000000000000000000e+00 -6.260700000000000553e-05 2.718699999999999936e-02
7.670000000000000000e+02 5.350000000000000000e+02 0.000000000000000000e+00 -8.412800000000000497e-05 1.975599999999999926e-02
7.670000000000000000e+02 6.350000000000000000e+02 0.000000000000000000e+00 1.256199999999999933e-05 6.674700000000000077e-02
7.680000000000000000e+02 2.170000000000000000e+02 0.000000000000000000e+00 4.899000000000000350e-10 4.604599999999999665e-02
7.680000000000000000e+02 5.750000000000000000e+02 0.000000000000000000e+00 4.199699999999999983e-10 5.327500000000000291e-02
7.710000000000000000e+02 2.600000000000000000e+01 0.000000000000000000e+00 3.115899999999999920e-02 7.549899999999999667e-02
7.710000000000000000e+02 7.650000000000000000e+02 0.000000000000000000e+00 -3.115899999999999920e-02 7.549899999999999667e-02
7.720000000000000000e+02 3.840000000000000000e+02 0.000000000000000000e+00 3.878399999999999730e-04 1.169599999999999945e-01
7.720000000000000000e+02 5.250000000000000000e+02 0.000000000000000000e+00 -4.883599999999999660e-04 6.439300000000000579e-02
7.720000000000000000e+02 7.260000000000000000e+02 0.000000000000000000e+00 -4.687199999999999779e-06 6.264300000000000423e-02
7.730000000000000000e+02 1.550000000000000000e+02 0.000000000000000000e+00 -1.500899999999999945e-04 7.388699999999999435e-02
7.730000000000000000e+02 4.090000000000000000e+02 0.000000000000000000e+00 1.481099999999999931e-05 3.512099999999999944e-02
7.730000000000000000e+02 5.960000000000000000e+02 0.000000000000000000e+00 -7.171600000000000251e-05 1.799800000000000011e-02
7.740000000000000000e+02 4.510000000000000000e+02 0.000000000000000000e+00 3.705499999999999928e-06 3.194199999999999817e-02
7.740000000000000000e+02 5.100000000000000000e+02 0.000000000000000000e+00 -8.797999999999999452e-06 2.690899999999999889e-02
7.750000000000000000e+02 6.900000000000000000e+01 0.000000000000000000e+00 1.173000000000000084e-02 3.804300000000000043e-02
7.750000000000000000e+02 8.700000000000000000e+01 0.000000000000000000e+00 -1.173000000000000084e-02 3.804300000000000043e-02
7.760000000000000000e+02 3.230000000000000000e+02 0.000000000000000000e+00 3.506499999999999716e-05 2.627799999999999928e-02
7.760000000000000000e+02 5.870000000000000000e+02 0.000000000000000000e+00 5.654899999999999678e-05 2.890900000000000067e-02
7.760000000000000000e+02 6.280000000000000000e+02 0.000000000000000000e+00 -1.114899999999999947e-05 3.787800000000000195e-02
7.770000000000000000e+02 6.370000000000000000e+02 0.000000000000000000e+00 2.303900000000000045e-02 4.722599999999999715e-02
7.780000000000000000e+02 3.570000000000000000e+02 0.000000000000000000e+00 -1.923399999999999914e-04 7.957799999999999596e-02
7.780000000000000000e+02 6.260000000000000000e+02 0.000000000000000000e+00 -4.587100000000000178e-05 2.868000000000000063e-02
7.780000000000000000e+02 6.640000000000000000e+02 0.000000000000000000e+00 -2.825600000000000052e-04 5.080699999999999800e-02
7.800000000000000000e+02 3.910000000000000000e+02 0.000000000000000000e+00 5.153500000000000095e-03 5.911000000000000282e-02
7.800000000000000000e+02 6.600000000000000000e+02 0.000000000000000000e+00 -5.153500000000000095e-03 5.911000000000000282e-02
7.810000000000000000e+02 2.970000000000000000e+02 0.000000000000000000e+00 6.621200000000000235e-06 2.049899999999999986e-02
7.810000000000000000e+02 3.310000000000000000e+02 0.000000000000000000e+00 -2.828299999999999738e-04 8.010200000000000653e-02
7.810000000000000000e+02 5.270000000000000000e+02 0.000000000000000000e+00 1.002199999999999993e-04 3.345000000000000057e-02
7.820000000000000000e+02 6.620000000000000000e+02 0.000000000000000000e+00 2.163999999999999951e-02 4.514800000000000063e-02
7.860000000000000000e+02 2.810000000000000000e+02 0.000000000000000000e+00 -1.980800000000000009e-03 4.634800000000000031e-02
7.860000000000000000e+02 2.980000000000000000e+02 0.000000000000000000e+00 3.152900000000000255e-04 1.042499999999999954e-01
7.860000000000000000e+02 3.920000000000000000e+02 0.000000000000000000e+00 -2.139499999999999909e-03 4.048000000000000209e-02
7.860000000000000000e+02 3.960000000000000000e+02 0.000000000000000000e+00 -2.006799999999999990e-03 4.033799999999999886e-02
7.870000000000000000e+02 1.450000000000000000e+02 0.000000000000000000e+00 2.672099999999999844e-04 3.489799999999999847e-02
7.870000000000000000e+02 5.100000000000000000e+02 0.000000000000000000e+00 -1.737000000000000141e-05 5.229400000000000021e-02
7.890000000000000000e+02 1.050000000000000000e+02 0.000000000000000000e+00 -2.733199999999999866e-03 8.151100000000000012e-02
7.890000000000000000e+02 3.390000000000000000e+02 0.000000000000000000e+00 2.288800000000000123e-03 9.748800000000000521e-02
7.890000000000000000e+02 3.520000000000000000e+02 0.000000000000000000e+00 1.832599999999999984e-03 3.765099999999999697e-02
7.900000000000000000e+02 5.510000000000000000e+02 0.000000000000000000e+00 -1.251700000000000061e-05 3.835600000000000120e-02
7.900000000000000000e+02 6.900000000000000000e+02 0.000000000000000000e+00 1.044599999999999960e-05 2.806799999999999920e-02
7.910000000000000000e+02 2.440000000000000000e+02 0.000000000000000000e+00 2.863099999999999933e-03 1.537700000000000004e-02
7.910000000000000000e+02 3.690000000000000000e+02 0.000000000000000000e+00 -2.863099999999999933e-03 1.537700000000000004e-02
7.920000000000000000e+02 4.500000000000000000e+01 0.000000000000000000e+00 -8.330099999999999408e-05 4.139899999999999830e-02
7.920000000000000000e+02 8.200000000000000000e+01 0.000000000000000000e+00 -2.338899999999999917e-05 5.804399999999999837e-02
7.920000000000000000e+02 9.500000000000000000e+01 0.000000000000000000e+00 -3.765100000000000255e-05 6.380099999999999660e-02
7.920000000000000000e+02 1.870000000000000000e+02 0.000000000000000000e+00 9.755200000000000384e-05 7.340099999999999403e-02
7.930000000000000000e+02 3.620000000000000000e+02 0.000000000000000000e+00 4.675699999999999648e-03 8.205700000000000494e-02
7.930000000000000000e+02 3.920000000000000000e+02 0.000000000000000000e+00 -4.675699999999999648e-03 8.205700000000000494e-02
7.950000000000000000e+02 1.830000000000000000e+02 0.000000000000000000e+00 -1.468100000000000123e-04 7.666299999999999504e-02
7.950000000000000000e+02 3.420000000000000000e+02 0.000000000000000000e+00 -1.124900000000000021e-04 7.401399999999999646e-02
7.950000000000000000e+02 5.910000000000000000e+02 0.000000000000000000e+00 -2.833000000000000015e-04 5.634399999999999825e-02
7.950000000000000000e+02 7.770000000000000000e+02 0.000000000000000000e+00 2.049300000000000047e-04 4.330799999999999927e-02
7.960000000000000000e+02 2.250000000000000000e+02 0.000000000000000000e+00 1.422499999999999980e-02 5.660400000000000154e-02
7.960000000000000000e+02 5.040000000000000000e+02 0.000000000000000000e+00 -1.422499999999999980e-02 5.660400000000000154e-02
7.970000000000000000e+02 1.150000000000000000e+02 0.000000000000000000e+00 -1.124600000000000041e-05 5.999899999999999678e-02
7.970000000000000000e+02 6.410000000000000000e+02 0.000000000000000000e+00 -7.127399999999999556e-05 3.880000000000000115e-02
7.970000000000000000e+02 7.530000000000000000e+02 0.000000000000000000e+00 -2.198500000000000042e-04 3.064599999999999963e-02
7.980000000000000000e+02 2.150000000000000000e+02 0.000000000000000000e+00 9.013699999999999707e-04 8.268399999999999361e-02
7.980000000000000000e+02 2.690000000000000000e+02 0.000000000000000000e+00 -1.427300000000000053e-03 6.608300000000000285e-02
7.980000000000000000e+02 3.840000000000000000e+02 0.000000000000000000e+00 -3.270799999999999923e-04 4.739899999999999669e-02
7.990000000000000000e+02 3.120000000000000000e+02 0.000000000000000000e+00 6.574199999999999662e-03 2.665500000000000161e-02
8.000000000000000000e+02 2.050000000000000000e+02 0.000000000000000000e+00 5.298899999999999699e-05 2.587199999999999916e-02
8.000000000000000000e+02 4.610000000000000000e+02 0.000000000000000000e+00 2.356199999999999904e-05 2.406499999999999959e-02
8.020000000000000000e+02 3.240000000000000000e+02 0.000000000000000000e+00 5.748099999999999911e-03 6.037100000000000105e-02
8.020000000000000000e+02 6.060000000000000000e+02 0.000000000000000000e+00 -5.748099999999999911e-03 6.037100000000000105e-02
8.030000000000000000e+02 5.700000000000000000e+02 0.000000000000000000e+00 -8.695599999999999890e-05 3.668799999999999839e-02
8.030000000000000000e+02 7.820000000000000000e+02 0.000000000000000000e+00 6.391799999999999348e-05 3.877099999999999991e-02
8.030000000000000000e+02 7.990000000000000000e+02 0.000000000000000000e+00 -7.398600000000000619e-05 4.466200000000000031e-02
8.040000000000000000e+02 7.010000000000000000e+02 0.000000000000000000e+00 7.124499999999999974e-04 7.458499999999999852e-02
8.070000000000000000e+02 5.270000000000000000e+02 0.000000000000000000e+00 -1.198099999999999930e-05 4.206399999999999723e-02
8.070000000000000000e+02 7.810000000000000000e+02 0.000000000000000000e+00 7.826700000000000806e-06 7.928599999999999537e-02
8.070000000000000000e+02 8.040000000000000000e+02 0.000000000000000000e+00 -1.796000000000000084e-05 6.469500000000000250e-02
8.090000000000000000e+02 3.520000000000000000e+02 0.000000000000000000e+00 4.059400000000000334e-03 3.099500000000000172e-02
8.100000000000000000e+02 1.030000000000000000e+02 0.000000000000000000e+00 1.159899999999999994e-02 4.823999999999999816e-02
8.100000000000000000e+02 7.870000000000000000e+02 0.000000000000000000e+00 -1.159899999999999994e-02 4.823999999999999816e-02
8.110000000000000000e+02 1.050000000000000000e+02 0.000000000000000000e+00 1.199700000000000050e-04 3.071000000000000119e-02
8.150000000000000000e+02 7.900000000000000000e+02 0.000000000000000000e+00 6.902300000000000102e-03 2.967900000000000052e-02
8.150000000000000000e+02 8.000000000000000000e+02 0.000000000000000000e+00 -6.902300000000000102e-03 2.967900000000000052e-02
8.160000000000000000e+02 1.960000000000000000e+02 0.000000000000000000e+00 8.752099999999999603e-07 5.157400000000000179e-02
8.160000000000000000e+02 2.840000000000000000e+02 0.000000000000000000e+00 -1.931900000000000121e-04 4.856800000000000006e-02
8.160000000000000000e+02 3.880000000000000000e+02 0.000000000000000000e+00 -1.987600000000000079e-05 1.035299999999999970e-01
8.170000000000000000e+02 6.500000000000000000e+01 0.000000000000000000e+00 2.265599999999999992e-03 4.918399999999999855e-02
8.170000000000000000e+02 3.020000000000000000e+02 0.000000000000000000e+00 -2.265599999999999992e-03 4.918399999999999855e-02
8.200000000000000000e+02 4.010000000000000000e+02 0.000000000000000000e+00 8.324800000000000255e-04 1.000000000000000056e-01
8.200000000000000000e+02 4.770000000000000000e+02 0.000000000000000000e+00 5.877700000000000323e-05 5.842599999999999877e-02
8.200000000000000000e+02 4.890000000000000000e+02 0.000000000000000000e+00 7.161599999999999737e-04 2.392700000000000035e-02
8.200000000000000000e+02 5.030000000000000000e+02 0.000000000000000000e+00 5.379099999999999507e-04 1.774500000000000036e-02
8.200000000000000000e+02 6.260000000000000000e+02 0.000000000000000000e+00 6.041700000000000109e-05 6.561000000000000165e-02
8.230000000000000000e+02 3.120000000000000000e+02 0.000000000000000000e+00 1.008800000000000018e-03 4.349000000000000088e-02
8.230000000000000000e+02 4.540000000000000000e+02 0.000000000000000000e+00 -1.008800000000000018e-03 4.349000000000000088e-02
8.250000000000000000e+02 7.040000000000000000e+02 0.000000000000000000e+00 1.231200000000000003e-02 2.569199999999999956e-02
8.250000000000000000e+02 8.110000000000000000e+02 0.000000000000000000e+00 -1.231200000000000003e-02 2.569199999999999956e-02
