2.900000000000000000e+01 2.000000000000000000e+00 0.000000000000000000e+00 -7.621400000000000396e-03 2.645099999999999882e-02
2.900000000000000000e+01 1.900000000000000000e+01 0.000000000000000000e+00 7.621400000000000396e-03 2.645099999999999882e-02
4.200000000000000000e+01 1.200000000000000000e+01 0.000000000000000000e+00 -1.428400000000000080e-05 4.215800000000000103e-02
4.200000000000000000e+01 1.300000000000000000e+01 0.000000000000000000e+00 -1.182099999999999948e-04 2.684599999999999834e-02
4.600000000000000000e+01 3.200000000000000000e+01 0.000000000000000000e+00 -1.594699999999999894e-04 4.078799999999999787e-02
5.400000000000000000e+01 1.400000000000000000e+01 0.000000000000000000e+00 2.529499999999999956e-04 7.480799999999999950e-02
6.300000000000000000e+01 4.100000000000000000e+01 0.000000000000000000e+00 2.102400000000000102e-02 3.185799999999999743e-02
6.600000000000000000e+01 5.600000000000000000e+01 0.000000000000000000e+00 4.673700000000000331e-05 1.087000000000000050e-01
6.700000000000000000e+01 3.800000000000000000e+01 0.000000000000000000e+00 -1.904300000000000046e-04 4.459500000000000269e-02
6.700000000000000000e+01 4.700000000000000000e+01 0.000000000000000000e+00 -7.934399999999999792e-06 2.559700000000000170e-02
6.900000000000000000e+01 3.400000000000000000e+01 0.000000000000000000e+00 -3.168299999999999871e-04 3.590999999999999748e-02
7.200000000000000000e+01 1.000000000000000000e+01 0.000000000000000000e+00 -1.540299999999999872e-04 4.543400000000000216e-02
7.200000000000000000e+01 1.800000000000000000e+01 0.000000000000000000e+00 -3.460499999999999817e-04 5.726400000000000240e-02
8.200000000000000000e+01 6.900000000000000000e+01 0.000000000000000000e+00 1.975299999999999973e-02 5.583500000000000268e-02
8.800000000000000000e+01 5.000000000000000000e+01 0.000000000000000000e+00 -2.832399999999999851e-05 3.198399999999999854e-02
9.300000000000000000e+01 8.800000000000000000e+01 0.000000000000000000e+00 3.036500000000000150e-05 2.779699999999999879e-02
9.500000000000000000e+01 1.900000000000000000e+01 0.000000000000000000e+00 -1.955999999999999907e-05 1.877099999999999949e-02
9.900000000000000000e+01 9.700000000000000000e+01 0.000000000000000000e+00 8.440299999999999539e-03 4.249200000000000199e-02
1.000000000000000000e+02 1.400000000000000000e+01 0.000000000000000000e+00 -9.998000000000000160e-05 7.206600000000000505e-02
1.000000000000000000e+02 7.200000000000000000e+01 0.000000000000000000e+00 2.339900000000000009e-04 7.026999999999999913e-02
1.010000000000000000e+02 4.900000000000000000e+01 0.000000000000000000e+00 3.761799999999999931e-04 9.560200000000000642e-02
1.060000000000000000e+02 8.900000000000000000e+01 0.000000000000000000e+00 1.004400000000000084e-02 5.595100000000000073e-02
1.120000000000000000e+02 1.800000000000000000e+01 0.000000000000000000e+00 3.800799999999999795e-04 3.156899999999999984e-02
1.260000000000000000e+02 7.800000000000000000e+01 0.000000000000000000e+00 -1.319699999999999985e-04 4.813499999999999723e-02
1.280000000000000000e+02 7.400000000000000000e+01 0.000000000000000000e+00 -3.114700000000000194e-03 2.296899999999999983e-02
1.280000000000000000e+02 9.300000000000000000e+01 0.000000000000000000e+00 3.114700000000000194e-03 2.296899999999999983e-02
1.340000000000000000e+02 2.500000000000000000e+01 0.000000000000000000e+00 1.952100000000000165e-05 5.012500000000000289e-02
1.390000000000000000e+02 3.700000000000000000e+01 0.000000000000000000e+00 2.019900000000000092e-04 7.181999999999999496e-02
1.440000000000000000e+02 1.600000000000000000e+01 0.000000000000000000e+00 -1.624000000000000096e-02 3.588999999999999829e-02
1.440000000000000000e+02 7.700000000000000000e+01 0.000000000000000000e+00 1.624000000000000096e-02 3.588999999999999829e-02
1.450000000000000000e+02 4.000000000000000000e+01 0.000000000000000000e+00 5.260599999999999825e-03 4.691300000000000331e-02
1.480000000000000000e+02 6.000000000000000000e+01 0.000000000000000000e+00 2.854199999999999880e-03 1.925800000000000081e-02
1.490000000000000000e+02 1.100000000000000000e+02 0.000000000000000000e+00 6.798799999999999809e-03 5.752700000000000174e-02
1.530000000000000000e+02 6.200000000000000000e+01 0.000000000000000000e+00 -4.293400000000000262e-06 2.806300000000000114e-02
1.530000000000000000e+02 7.300000000000000000e+01 0.000000000000000000e+00 -4.237999999999999743e-05 3.064000000000000057e-02
1.540000000000000000e+02 1.600000000000000000e+01 0.000000000000000000e+00 1.143799999999999959e-05 2.185700000000000143e-02
1.540000000000000000e+02 7.600000000000000000e+01 0.000000000000000000e+00 -2.131199999999999924e-04 7.365099999999999425e-02
1.540000000000000000e+02 1.200000000000000000e+02 0.000000000000000000e+00 7.735499999999999375e-05 2.935400000000000162e-02
1.560000000000000000e+02 5.600000000000000000e+01 0.000000000000000000e+00 -1.579499999999999958e-03 8.693099999999999439e-02
1.570000000000000000e+02 2.000000000000000000e+00 0.000000000000000000e+00 6.832300000000000298e-05 1.563099999999999906e-02
1.570000000000000000e+02 1.200000000000000000e+01 0.000000000000000000e+00 -2.471800000000000017e-04 8.929900000000000337e-02
1.580000000000000000e+02 1.540000000000000000e+02 0.000000000000000000e+00 6.290500000000000085e-03 5.006900000000000239e-02
1.600000000000000000e+02 6.700000000000000000e+01 0.000000000000000000e+00 1.565399999999999995e-03 6.471899999999999875e-02
1.640000000000000000e+02 1.170000000000000000e+02 0.000000000000000000e+00 5.836599999999999948e-03 2.711399999999999921e-02
1.690000000000000000e+02 9.300000000000000000e+01 0.000000000000000000e+00 -1.338699999999999905e-04 5.260100000000000192e-02
1.710000000000000000e+02 1.480000000000000000e+02 0.000000000000000000e+00 7.474699999999999921e-03 2.421500000000000041e-02
1.730000000000000000e+02 2.600000000000000000e+01 0.000000000000000000e+00 1.261699999999999931e-04 8.518000000000000571e-02
1.730000000000000000e+02 3.400000000000000000e+01 0.000000000000000000e+00 -2.577100000000000246e-04 3.351099999999999912e-02
1.740000000000000000e+02 1.650000000000000000e+02 0.000000000000000000e+00 -6.868999999999999455e-05 3.323999999999999871e-02
1.750000000000000000e+02 5.500000000000000000e+01 0.000000000000000000e+00 4.795699999999999963e-03 3.103699999999999862e-02
1.770000000000000000e+02 4.600000000000000000e+01 0.000000000000000000e+00 -1.332400000000000077e-03 4.958300000000000207e-02
1.790000000000000000e+02 1.590000000000000000e+02 0.000000000000000000e+00 7.367800000000000304e-04 6.898799999999999377e-02
1.900000000000000000e+02 9.800000000000000000e+01 0.000000000000000000e+00 8.001599999999999338e-03 2.000599999999999948e-02
1.920000000000000000e+02 1.730000000000000000e+02 0.000000000000000000e+00 -1.297000000000000084e-04 4.267699999999999966e-02
1.940000000000000000e+02 1.770000000000000000e+02 0.000000000000000000e+00 4.284599999999999737e-04 5.067499999999999782e-02
2.000000000000000000e+02 1.010000000000000000e+02 0.000000000000000000e+00 -7.481999999999999719e-04 6.925199999999999412e-02
2.020000000000000000e+02 1.610000000000000000e+02 0.000000000000000000e+00 3.336599999999999896e-03 3.239999999999999825e-02
2.040000000000000000e+02 4.400000000000000000e+01 0.000000000000000000e+00 -5.896900000000000275e-04 5.103599999999999803e-02
2.040000000000000000e+02 1.810000000000000000e+02 0.000000000000000000e+00 4.750600000000000222e-05 9.731399999999999773e-02
2.060000000000000000e+02 5.400000000000000000e+01 0.000000000000000000e+00 -7.601100000000000120e-05 5.742799999999999988e-02
2.070000000000000000e+02 1.500000000000000000e+02 0.000000000000000000e+00 6.786899999999999682e-05 3.225700000000000095e-02
2.090000000000000000e+02 1.880000000000000000e+02 0.000000000000000000e+00 9.850799999999999834e-03 2.591800000000000007e-02
2.150000000000000000e+02 1.570000000000000000e+02 0.000000000000000000e+00 9.804300000000000168e-03 8.508899999999999797e-02
2.170000000000000000e+02 2.030000000000000000e+02 0.000000000000000000e+00 -1.980299999999999996e-04 2.805099999999999955e-02
2.180000000000000000e+02 1.980000000000000000e+02 0.000000000000000000e+00 -1.997599999999999983e-05 1.477700000000000020e-02
2.200000000000000000e+02 4.600000000000000000e+01 0.000000000000000000e+00 1.030799999999999945e-02 3.241299999999999737e-02
2.210000000000000000e+02 8.800000000000000000e+01 0.000000000000000000e+00 -1.961800000000000089e-05 2.820699999999999943e-02
2.210000000000000000e+02 2.190000000000000000e+02 0.000000000000000000e+00 2.637099999999999874e-05 2.196499999999999841e-02
2.230000000000000000e+02 1.100000000000000000e+01 0.000000000000000000e+00 -1.006500000000000020e-06 3.811400000000000204e-02
2.240000000000000000e+02 9.400000000000000000e+01 0.000000000000000000e+00 5.077200000000000246e-04 3.019399999999999862e-02
2.290000000000000000e+02 1.140000000000000000e+02 0.000000000000000000e+00 4.663900000000000337e-03 2.558900000000000063e-02
2.300000000000000000e+02 1.600000000000000000e+02 0.000000000000000000e+00 7.546699999999999936e-03 3.855900000000000299e-02
2.310000000000000000e+02 2.500000000000000000e+01 0.000000000000000000e+00 1.064899999999999918e-03 9.165399999999999936e-02
2.320000000000000000e+02 3.700000000000000000e+01 0.000000000000000000e+00 1.500299999999999984e-03 7.379600000000000048e-02
2.330000000000000000e+02 1.010000000000000000e+02 0.000000000000000000e+00 -8.189800000000000552e-03 2.307299999999999976e-02
2.330000000000000000e+02 1.160000000000000000e+02 0.000000000000000000e+00 8.189800000000000552e-03 2.307299999999999976e-02
2.360000000000000000e+02 1.160000000000000000e+02 0.000000000000000000e+00 1.639300000000000132e-02 3.830299999999999677e-02
2.390000000000000000e+02 5.500000000000000000e+01 0.000000000000000000e+00 1.532499999999999939e-06 2.405099999999999946e-02
2.390000000000000000e+02 1.060000000000000000e+02 0.000000000000000000e+00 -5.161900000000000163e-05 4.564599999999999907e-02
2.390000000000000000e+02 1.640000000000000000e+02 0.000000000000000000e+00 3.468899999999999940e-06 2.494400000000000089e-02
2.400000000000000000e+02 5.500000000000000000e+01 0.000000000000000000e+00 3.801900000000000310e-05 1.896700000000000122e-02
2.400000000000000000e+02 1.170000000000000000e+02 0.000000000000000000e+00 2.105099999999999886e-05 2.432499999999999940e-02
2.470000000000000000e+02 6.700000000000000000e+01 0.000000000000000000e+00 5.506899999999999469e-04 2.853100000000000080e-02
2.490000000000000000e+02 2.160000000000000000e+02 0.000000000000000000e+00 -3.759699999999999934e-05 3.070399999999999865e-02
2.500000000000000000e+02 6.100000000000000000e+01 0.000000000000000000e+00 4.666800000000000109e-05 1.442399999999999932e-02
2.500000000000000000e+02 7.500000000000000000e+01 0.000000000000000000e+00 2.677800000000000145e-04 6.604100000000000248e-02
2.510000000000000000e+02 1.600000000000000000e+02 0.000000000000000000e+00 -2.424200000000000053e-03 9.339999999999999691e-02
2.520000000000000000e+02 1.100000000000000000e+01 0.000000000000000000e+00 1.115499999999999955e-03 3.792899999999999744e-02
2.600000000000000000e+02 6.400000000000000000e+01 0.000000000000000000e+00 -1.536999999999999955e-03 7.659900000000000042e-02
2.650000000000000000e+02 9.600000000000000000e+01 0.000000000000000000e+00 5.050299999999999538e-04 1.746100000000000083e-02
2.660000000000000000e+02 1.790000000000000000e+02 0.000000000000000000e+00 4.517700000000000361e-03 3.479600000000000054e-02
2.670000000000000000e+02 2.090000000000000000e+02 0.000000000000000000e+00 7.429700000000000019e-03 1.458800000000000027e-02
2.680000000000000000e+02 1.080000000000000000e+02 0.000000000000000000e+00 3.094200000000000075e-03 3.486600000000000116e-02
2.690000000000000000e+02 5.300000000000000000e+01 0.000000000000000000e+00 8.766200000000000196e-05 2.728399999999999923e-02
2.700000000000000000e+02 1.110000000000000000e+02 0.000000000000000000e+00 2.281299999999999994e-02 9.753299999999999470e-02
2.700000000000000000e+02 2.080000000000000000e+02 0.000000000000000000e+00 -2.281299999999999994e-02 9.753299999999999470e-02
2.710000000000000000e+02 9.700000000000000000e+01 0.000000000000000000e+00 9.040299999999999486e-05 4.415399999999999880e-02
2.710000000000000000e+02 1.990000000000000000e+02 0.000000000000000000e+00 8.734700000000000244e-05 5.640099999999999975e-02
2.710000000000000000e+02 2.310000000000000000e+02 0.000000000000000000e+00 -1.023800000000000057e-04 5.662500000000000172e-02
2.720000000000000000e+02 1.900000000000000000e+02 0.000000000000000000e+00 5.708999999999999719e-05 2.219000000000000139e-02
2.730000000000000000e+02 2.600000000000000000e+02 0.000000000000000000e+00 8.952300000000000058e-04 7.603899999999999548e-02
2.760000000000000000e+02 2.180000000000000000e+02 0.000000000000000000e+00 9.049700000000000786e-06 5.011899999999999689e-02
2.770000000000000000e+02 1.250000000000000000e+02 0.000000000000000000e+00 -4.015900000000000090e-04 5.581099999999999950e-02
2.780000000000000000e+02 2.070000000000000000e+02 0.000000000000000000e+00 2.346700000000000012e-04 3.595399999999999985e-02
2.790000000000000000e+02 3.500000000000000000e+01 0.000000000000000000e+00 4.487900000000000179e-05 3.323999999999999871e-02
2.820000000000000000e+02 6.500000000000000000e+01 0.000000000000000000e+00 3.870999999999999767e-04 6.136300000000000088e-02
2.820000000000000000e+02 1.000000000000000000e+02 0.000000000000000000e+00 4.415399999999999772e-04 8.666799999999999504e-02
2.820000000000000000e+02 2.520000000000000000e+02 0.000000000000000000e+00 -3.755200000000000096e-04 7.752799999999999969e-02
2.840000000000000000e+02 1.880000000000000000e+02 0.000000000000000000e+00 -3.244200000000000144e-04 5.499600000000000322e-02
2.840000000000000000e+02 1.960000000000000000e+02 0.000000000000000000e+00 2.709599999999999943e-04 3.434899999999999759e-02
2.850000000000000000e+02 1.210000000000000000e+02 0.000000000000000000e+00 6.180800000000000183e-05 3.023699999999999999e-02
2.850000000000000000e+02 1.320000000000000000e+02 0.000000000000000000e+00 6.171899999999999641e-05 2.451899999999999913e-02
2.860000000000000000e+02 4.400000000000000000e+01 0.000000000000000000e+00 1.075400000000000038e-04 4.227100000000000302e-02
2.860000000000000000e+02 1.320000000000000000e+02 0.000000000000000000e+00 -2.889799999999999877e-04 4.927499999999999936e-02
2.870000000000000000e+02 9.800000000000000000e+01 0.000000000000000000e+00 1.242800000000000027e-05 1.024800000000000016e-02
2.900000000000000000e+02 2.800000000000000000e+01 0.000000000000000000e+00 1.505900000000000066e-04 5.347899999999999876e-02
2.930000000000000000e+02 2.290000000000000000e+02 0.000000000000000000e+00 2.762800000000000152e-03 3.815000000000000335e-02
2.940000000000000000e+02 4.000000000000000000e+00 0.000000000000000000e+00 4.699799999999999638e-03 3.178500000000000075e-02
2.940000000000000000e+02 7.700000000000000000e+01 0.000000000000000000e+00 3.622400000000000012e-03 5.905599999999999739e-02
2.950000000000000000e+02 1.740000000000000000e+02 0.000000000000000000e+00 8.906999999999999987e-03 3.636099999999999749e-02
2.950000000000000000e+02 1.950000000000000000e+02 0.000000000000000000e+00 -8.906999999999999987e-03 3.636099999999999749e-02
2.980000000000000000e+02 1.610000000000000000e+02 0.000000000000000000e+00 1.821600000000000042e-04 6.075300000000000145e-02
2.980000000000000000e+02 2.810000000000000000e+02 0.000000000000000000e+00 -4.140699999999999980e-04 5.625800000000000245e-02
3.000000000000000000e+02 2.080000000000000000e+02 0.000000000000000000e+00 1.161700000000000102e-03 8.029500000000000526e-02
3.010000000000000000e+02 2.740000000000000000e+02 0.000000000000000000e+00 4.891399999999999958e-04 3.759599999999999748e-02
3.020000000000000000e+02 4.900000000000000000e+01 0.000000000000000000e+00 -8.390900000000000181e-04 9.006999999999999729e-02
3.020000000000000000e+02 1.100000000000000000e+02 0.000000000000000000e+00 1.272799999999999930e-03 7.468400000000000039e-02
3.030000000000000000e+02 3.200000000000000000e+01 0.000000000000000000e+00 -4.454200000000000146e-05 3.079600000000000046e-02
3.030000000000000000e+02 6.000000000000000000e+01 0.000000000000000000e+00 -4.563300000000000169e-05 2.792599999999999943e-02
3.060000000000000000e+02 9.000000000000000000e+01 0.000000000000000000e+00 -1.914099999999999959e-03 7.301799999999999957e-02
3.060000000000000000e+02 1.950000000000000000e+02 0.000000000000000000e+00 1.374000000000000004e-03 7.430299999999999405e-02
3.090000000000000000e+02 7.400000000000000000e+01 0.000000000000000000e+00 1.746400000000000036e-02 5.810900000000000093e-02
3.130000000000000000e+02 2.970000000000000000e+02 0.000000000000000000e+00 -3.003199999999999893e-06 3.922099999999999892e-02
3.170000000000000000e+02 2.600000000000000000e+02 0.000000000000000000e+00 1.691000000000000142e-02 3.063000000000000098e-02
3.190000000000000000e+02 1.800000000000000000e+02 0.000000000000000000e+00 9.462000000000000421e-07 3.071300000000000072e-02
3.200000000000000000e+02 1.270000000000000000e+02 0.000000000000000000e+00 1.281699999999999875e-04 4.317700000000000010e-02
3.200000000000000000e+02 3.180000000000000000e+02 0.000000000000000000e+00 -1.617300000000000118e-04 4.267599999999999866e-02
3.240000000000000000e+02 2.250000000000000000e+02 0.000000000000000000e+00 -8.869499999999999563e-04 5.757400000000000018e-02
3.240000000000000000e+02 3.150000000000000000e+02 0.000000000000000000e+00 7.462600000000000006e-04 6.668699999999999628e-02
3.260000000000000000e+02 2.480000000000000000e+02 0.000000000000000000e+00 -4.725600000000000292e-05 2.476000000000000076e-02
3.280000000000000000e+02 3.190000000000000000e+02 0.000000000000000000e+00 3.958599999999999619e-03 3.586099999999999705e-02
3.290000000000000000e+02 9.400000000000000000e+01 0.000000000000000000e+00 -1.882599999999999899e-04 7.341100000000000403e-02
3.300000000000000000e+02 3.200000000000000000e+01 0.000000000000000000e+00 5.933900000000000226e-05 4.471100000000000074e-02
3.300000000000000000e+02 4.600000000000000000e+01 0.000000000000000000e+00 3.241000000000000310e-05 2.999100000000000030e-02
3.300000000000000000e+02 6.000000000000000000e+01 0.000000000000000000e+00 4.238200000000000181e-05 4.163599999999999940e-02
3.300000000000000000e+02 1.550000000000000000e+02 0.000000000000000000e+00 -6.823399999999999756e-05 5.019300000000000150e-02
3.310000000000000000e+02 1.630000000000000000e+02 0.000000000000000000e+00 2.086699999999999859e-06 3.264399999999999941e-02
3.310000000000000000e+02 2.970000000000000000e+02 0.000000000000000000e+00 -3.975299999999999700e-05 3.928199999999999747e-02
3.310000000000000000e+02 3.190000000000000000e+02 0.000000000000000000e+00 -1.829099999999999987e-06 3.535100000000000048e-02
3.320000000000000000e+02 2.850000000000000000e+02 0.000000000000000000e+00 -4.163899999999999893e-05 3.587599999999999817e-02
3.340000000000000000e+02 5.100000000000000000e+01 0.000000000000000000e+00 -4.972499999999999707e-04 8.776699999999999779e-02
3.340000000000000000e+02 2.080000000000000000e+02 0.000000000000000000e+00 9.251899999999999968e-05 9.982800000000000007e-02
3.340000000000000000e+02 2.900000000000000000e+02 0.000000000000000000e+00 -4.274899999999999881e-04 3.052200000000000052e-02
3.350000000000000000e+02 1.000000000000000000e+00 0.000000000000000000e+00 6.202699999999999414e-05 2.843899999999999900e-02
3.350000000000000000e+02 3.200000000000000000e+01 0.000000000000000000e+00 -2.284100000000000035e-05 8.559500000000000441e-02
3.350000000000000000e+02 1.120000000000000000e+02 0.000000000000000000e+00 8.164400000000000639e-05 4.979900000000000299e-02
3.360000000000000000e+02 1.880000000000000000e+02 0.000000000000000000e+00 1.278800000000000076e-03 6.355800000000000338e-02
3.360000000000000000e+02 3.160000000000000000e+02 0.000000000000000000e+00 -1.278800000000000076e-03 6.355800000000000338e-02
3.370000000000000000e+02 1.810000000000000000e+02 0.000000000000000000e+00 1.551699999999999933e-04 5.791999999999999926e-02
3.380000000000000000e+02 7.400000000000000000e+01 0.000000000000000000e+00 -1.020899999999999933e-03 2.128599999999999937e-02
3.380000000000000000e+02 2.000000000000000000e+02 0.000000000000000000e+00 1.020899999999999933e-03 2.128599999999999937e-02
3.410000000000000000e+02 9.400000000000000000e+01 0.000000000000000000e+00 2.133299999999999921e-04 6.484199999999999686e-02
3.440000000000000000e+02 2.240000000000000000e+02 0.000000000000000000e+00 -4.746300000000000280e-05 1.657799999999999899e-02
3.440000000000000000e+02 2.430000000000000000e+02 0.000000000000000000e+00 -5.961299999999999997e-05 3.429600000000000010e-02
3.450000000000000000e+02 2.730000000000000000e+02 0.000000000000000000e+00 -4.442800000000000221e-05 5.111099999999999671e-02
3.450000000000000000e+02 2.980000000000000000e+02 0.000000000000000000e+00 -8.229299999999999289e-06 1.774699999999999889e-02
3.460000000000000000e+02 1.680000000000000000e+02 0.000000000000000000e+00 1.128000000000000010e-02 4.716200000000000253e-02
3.470000000000000000e+02 8.700000000000000000e+01 0.000000000000000000e+00 3.704000000000000044e-04 7.083699999999999719e-02
3.470000000000000000e+02 1.560000000000000000e+02 0.000000000000000000e+00 4.375599999999999780e-04 9.511699999999999322e-02
3.470000000000000000e+02 2.500000000000000000e+02 0.000000000000000000e+00 9.106599999999999851e-05 6.608799999999999397e-02
3.490000000000000000e+02 2.720000000000000000e+02 0.000000000000000000e+00 1.158400000000000055e-02 4.588799999999999824e-02
3.500000000000000000e+02 2.940000000000000000e+02 0.000000000000000000e+00 2.805799999999999961e-02 9.919699999999999351e-02
3.510000000000000000e+02 3.410000000000000000e+02 0.000000000000000000e+00 -4.769299999999999755e-03 3.753900000000000292e-02
3.510000000000000000e+02 3.480000000000000000e+02 0.000000000000000000e+00 4.769299999999999755e-03 3.753900000000000292e-02
3.520000000000000000e+02 7.800000000000000000e+01 0.000000000000000000e+00 -3.359399999999999799e-03 5.846500000000000308e-02
3.520000000000000000e+02 2.420000000000000000e+02 0.000000000000000000e+00 -8.634199999999999861e-03 1.286899999999999988e-01
3.530000000000000000e+02 2.730000000000000000e+02 0.000000000000000000e+00 -1.668900000000000071e-03 4.558700000000000252e-02
3.530000000000000000e+02 3.050000000000000000e+02 0.000000000000000000e+00 1.668900000000000071e-03 4.558700000000000252e-02
3.540000000000000000e+02 1.940000000000000000e+02 0.000000000000000000e+00 -3.560999999999999956e-05 5.767100000000000004e-02
3.540000000000000000e+02 3.200000000000000000e+02 0.000000000000000000e+00 -7.371300000000000050e-06 3.190799999999999886e-02
3.560000000000000000e+02 1.180000000000000000e+02 0.000000000000000000e+00 1.335999999999999948e-04 8.085900000000000032e-02
3.560000000000000000e+02 1.390000000000000000e+02 0.000000000000000000e+00 6.660900000000000042e-06 3.604999999999999871e-02
3.570000000000000000e+02 9.000000000000000000e+00 0.000000000000000000e+00 -7.571400000000000048e-06 2.574800000000000005e-02
3.580000000000000000e+02 3.000000000000000000e+01 0.000000000000000000e+00 5.399600000000000276e-05 5.013299999999999701e-02
3.580000000000000000e+02 1.590000000000000000e+02 0.000000000000000000e+00 -2.839000000000000161e-04 7.049400000000000110e-02
3.580000000000000000e+02 2.800000000000000000e+02 0.000000000000000000e+00 -3.671800000000000319e-05 2.648100000000000107e-02
3.600000000000000000e+02 3.900000000000000000e+01 0.000000000000000000e+00 4.878999999999999873e-04 3.747600000000000237e-02
3.600000000000000000e+02 1.650000000000000000e+02 0.000000000000000000e+00 2.538900000000000035e-05 4.715600000000000347e-02
3.600000000000000000e+02 1.810000000000000000e+02 0.000000000000000000e+00 5.902400000000000138e-04 8.797900000000000165e-02
3.600000000000000000e+02 1.830000000000000000e+02 0.000000000000000000e+00 3.667799999999999679e-05 6.310200000000000531e-02
3.610000000000000000e+02 2.830000000000000000e+02 0.000000000000000000e+00 1.861299999999999950e-05 6.075400000000000245e-02
3.610000000000000000e+02 3.160000000000000000e+02 0.000000000000000000e+00 -4.986400000000000234e-05 5.525700000000000056e-02
3.610000000000000000e+02 3.280000000000000000e+02 0.000000000000000000e+00 -2.175000000000000013e-05 4.032600000000000073e-02
3.620000000000000000e+02 2.990000000000000000e+02 0.000000000000000000e+00 1.805700000000000008e-05 2.182800000000000018e-02
3.620000000000000000e+02 3.050000000000000000e+02 0.000000000000000000e+00 -7.457599999999999884e-05 4.810699999999999699e-02
3.640000000000000000e+02 1.960000000000000000e+02 0.000000000000000000e+00 -1.228900000000000001e-03 8.270199999999999774e-02
3.640000000000000000e+02 2.420000000000000000e+02 0.000000000000000000e+00 1.449100000000000068e-05 9.167999999999999761e-02
3.650000000000000000e+02 2.840000000000000000e+02 0.000000000000000000e+00 7.324899999999999640e-03 2.444400000000000045e-02
3.670000000000000000e+02 3.900000000000000000e+01 0.000000000000000000e+00 7.738500000000000532e-05 3.241100000000000231e-02
3.670000000000000000e+02 2.040000000000000000e+02 0.000000000000000000e+00 7.401899999999999723e-05 5.226599999999999996e-02
3.670000000000000000e+02 2.650000000000000000e+02 0.000000000000000000e+00 -3.852699999999999891e-05 7.552499999999999492e-02
3.690000000000000000e+02 2.760000000000000000e+02 0.000000000000000000e+00 -1.221000000000000134e-04 5.595300000000000273e-02
3.710000000000000000e+02 1.630000000000000000e+02 0.000000000000000000e+00 9.990100000000000455e-05 2.603099999999999858e-02
3.720000000000000000e+02 1.830000000000000000e+02 0.000000000000000000e+00 5.605799999999999759e-04 4.909399999999999875e-02
3.720000000000000000e+02 3.010000000000000000e+02 0.000000000000000000e+00 9.414399999999999852e-04 5.751300000000000162e-02
3.780000000000000000e+02 6.000000000000000000e+01 0.000000000000000000e+00 -1.687599999999999902e-05 4.532200000000000117e-02
3.780000000000000000e+02 1.390000000000000000e+02 0.000000000000000000e+00 1.687599999999999902e-05 4.532200000000000117e-02
3.790000000000000000e+02 3.400000000000000000e+01 0.000000000000000000e+00 1.429099999999999988e-02 3.571099999999999969e-02
3.790000000000000000e+02 1.560000000000000000e+02 0.000000000000000000e+00 -1.429099999999999988e-02 3.571099999999999969e-02
3.800000000000000000e+02 3.710000000000000000e+02 0.000000000000000000e+00 -3.403899999999999851e-04 6.514200000000000546e-02
3.810000000000000000e+02 1.000000000000000000e+00 0.000000000000000000e+00 1.883300000000000078e-04 4.019899999999999862e-02
3.810000000000000000e+02 3.300000000000000000e+01 0.000000000000000000e+00 2.591000000000000096e-04 3.152499999999999747e-02
3.810000000000000000e+02 1.160000000000000000e+02 0.000000000000000000e+00 -5.445800000000000232e-07 9.563900000000000179e-02
3.810000000000000000e+02 2.200000000000000000e+02 0.000000000000000000e+00 9.821699999999999832e-05 3.029799999999999854e-02
3.830000000000000000e+02 2.580000000000000000e+02 0.000000000000000000e+00 2.853200000000000059e-05 5.926399999999999724e-02
3.830000000000000000e+02 2.650000000000000000e+02 0.000000000000000000e+00 6.632199999999999554e-04 8.143100000000000338e-02
3.830000000000000000e+02 2.810000000000000000e+02 0.000000000000000000e+00 -4.045000000000000201e-04 7.970099999999999407e-02
3.840000000000000000e+02 7.500000000000000000e+01 0.000000000000000000e+00 -2.639499999999999919e-03 6.374000000000000499e-02
3.840000000000000000e+02 1.750000000000000000e+02 0.000000000000000000e+00 -3.000800000000000082e-03 2.680199999999999944e-02
3.840000000000000000e+02 2.150000000000000000e+02 0.000000000000000000e+00 -1.926999999999999894e-03 9.499599999999999711e-02
3.850000000000000000e+02 2.550000000000000000e+02 0.000000000000000000e+00 -1.456499999999999895e-04 6.306299999999999406e-02
3.850000000000000000e+02 2.740000000000000000e+02 0.000000000000000000e+00 1.727999999999999990e-04 2.783100000000000157e-02
3.860000000000000000e+02 1.290000000000000000e+02 0.000000000000000000e+00 6.521599999999999793e-03 3.881600000000000328e-02
3.860000000000000000e+02 1.790000000000000000e+02 0.000000000000000000e+00 -6.521599999999999793e-03 3.881600000000000328e-02
3.870000000000000000e+02 2.720000000000000000e+02 0.000000000000000000e+00 4.801000000000000146e-04 7.369599999999999762e-02
3.870000000000000000e+02 3.290000000000000000e+02 0.000000000000000000e+00 -4.926600000000000163e-04 7.392999999999999572e-02
3.880000000000000000e+02 1.050000000000000000e+02 0.000000000000000000e+00 2.220799999999999981e-06 2.829500000000000071e-02
3.880000000000000000e+02 2.420000000000000000e+02 0.000000000000000000e+00 -7.067600000000000103e-07 1.207599999999999993e-02
3.900000000000000000e+02 1.270000000000000000e+02 0.000000000000000000e+00 -1.923600000000000082e-04 5.534300000000000330e-02
3.900000000000000000e+02 1.770000000000000000e+02 0.000000000000000000e+00 3.351000000000000137e-04 5.473299999999999693e-02
3.910000000000000000e+02 6.600000000000000000e+01 0.000000000000000000e+00 -1.729199999999999978e-05 3.432600000000000234e-02
3.920000000000000000e+02 2.430000000000000000e+02 0.000000000000000000e+00 1.308500000000000093e-04 4.487700000000000022e-02
3.930000000000000000e+02 1.610000000000000000e+02 0.000000000000000000e+00 -2.034300000000000171e-03 4.839999999999999858e-02
3.930000000000000000e+02 3.570000000000000000e+02 0.000000000000000000e+00 2.034300000000000171e-03 4.839999999999999858e-02
3.940000000000000000e+02 3.030000000000000000e+02 0.000000000000000000e+00 1.451100000000000049e-05 3.672500000000000070e-02
3.940000000000000000e+02 3.080000000000000000e+02 0.000000000000000000e+00 2.604400000000000204e-04 2.966399999999999940e-02
3.950000000000000000e+02 3.250000000000000000e+02 0.000000000000000000e+00 -7.404399999999999784e-04 6.905300000000000327e-02
3.960000000000000000e+02 2.580000000000000000e+02 0.000000000000000000e+00 7.370099999999999655e-04 4.864700000000000274e-02
3.960000000000000000e+02 3.920000000000000000e+02 0.000000000000000000e+00 -7.370099999999999655e-04 4.864700000000000274e-02
4.030000000000000000e+02 1.340000000000000000e+02 0.000000000000000000e+00 2.635000000000000081e-04 2.266400000000000012e-02
4.030000000000000000e+02 2.310000000000000000e+02 0.000000000000000000e+00 2.779400000000000121e-04 4.412100000000000050e-02
4.030000000000000000e+02 3.150000000000000000e+02 0.000000000000000000e+00 -1.390899999999999981e-04 7.801800000000000401e-02
4.040000000000000000e+02 2.300000000000000000e+02 0.000000000000000000e+00 -5.598600000000000234e-04 2.147699999999999956e-02
4.050000000000000000e+02 3.290000000000000000e+02 0.000000000000000000e+00 1.012300000000000005e-02 2.062800000000000050e-02
4.060000000000000000e+02 1.470000000000000000e+02 0.000000000000000000e+00 -2.468200000000000255e-04 4.739899999999999669e-02
4.060000000000000000e+02 1.960000000000000000e+02 0.000000000000000000e+00 -1.103299999999999957e-04 1.315500000000000003e-01
4.060000000000000000e+02 3.700000000000000000e+02 0.000000000000000000e+00 -6.521900000000000017e-05 6.693000000000000338e-02
4.080000000000000000e+02 2.390000000000000000e+02 0.000000000000000000e+00 9.836499999999999758e-05 7.228600000000000303e-02
4.080000000000000000e+02 2.990000000000000000e+02 0.000000000000000000e+00 -1.273199999999999939e-04 5.224999999999999784e-02
4.090000000000000000e+02 3.900000000000000000e+02 0.000000000000000000e+00 3.411800000000000097e-05 3.282399999999999901e-02
4.100000000000000000e+02 1.420000000000000000e+02 0.000000000000000000e+00 -6.926900000000000375e-04 8.672499999999999654e-02
4.110000000000000000e+02 9.000000000000000000e+00 0.000000000000000000e+00 7.066799999999999493e-05 2.712399999999999881e-02
4.110000000000000000e+02 1.700000000000000000e+02 0.000000000000000000e+00 -1.626900000000000026e-04 4.829900000000000165e-02
4.120000000000000000e+02 2.790000000000000000e+02 0.000000000000000000e+00 6.172999999999999885e-04 9.111299999999999955e-02
4.160000000000000000e+02 2.400000000000000000e+02 0.000000000000000000e+00 -7.113699999999999711e-03 3.471899999999999986e-02
4.160000000000000000e+02 2.500000000000000000e+02 0.000000000000000000e+00 7.113699999999999711e-03 3.471899999999999986e-02
4.240000000000000000e+02 1.360000000000000000e+02 0.000000000000000000e+00 -3.846700000000000287e-05 4.562999999999999695e-02
4.240000000000000000e+02 1.920000000000000000e+02 0.000000000000000000e+00 -6.002000000000000302e-06 1.410800000000000075e-02
4.280000000000000000e+02 3.370000000000000000e+02 0.000000000000000000e+00 1.838100000000000150e-02 3.333699999999999858e-02
4.320000000000000000e+02 2.780000000000000000e+02 0.000000000000000000e+00 -1.316900000000000015e-02 4.782399999999999846e-02
4.320000000000000000e+02 3.820000000000000000e+02 0.000000000000000000e+00 1.316900000000000015e-02 4.782399999999999846e-02
4.340000000000000000e+02 1.290000000000000000e+02 0.000000000000000000e+00 -1.993999999999999950e-04 3.599499999999999922e-02
4.360000000000000000e+02 3.870000000000000000e+02 0.000000000000000000e+00 7.377399999999999670e-04 3.034299999999999845e-02
4.370000000000000000e+02 3.050000000000000000e+02 0.000000000000000000e+00 2.622200000000000068e-06 1.500399999999999998e-02
4.370000000000000000e+02 3.460000000000000000e+02 0.000000000000000000e+00 -1.583100000000000140e-05 3.228999999999999926e-02
4.390000000000000000e+02 1.980000000000000000e+02 0.000000000000000000e+00 6.774299999999999593e-03 3.843200000000000088e-02
4.390000000000000000e+02 3.660000000000000000e+02 0.000000000000000000e+00 -6.774299999999999593e-03 3.843200000000000088e-02
4.450000000000000000e+02 5.900000000000000000e+01 0.000000000000000000e+00 -2.627500000000000061e-03 6.474299999999999500e-02
4.480000000000000000e+02 5.700000000000000000e+01 0.000000000000000000e+00 1.571900000000000044e-04 2.477899999999999894e-02
4.480000000000000000e+02 1.320000000000000000e+02 0.000000000000000000e+00 2.162099999999999916e-04 4.407099999999999906e-02
4.480000000000000000e+02 1.340000000000000000e+02 0.000000000000000000e+00 7.265299999999999710e-05 4.745200000000000112e-02
4.490000000000000000e+02 8.900000000000000000e+01 0.000000000000000000e+00 9.229000000000000441e-04 2.643600000000000116e-02
4.530000000000000000e+02 4.900000000000000000e+01 0.000000000000000000e+00 9.524500000000000034e-06 5.750000000000000250e-02
4.530000000000000000e+02 9.300000000000000000e+01 0.000000000000000000e+00 -1.457500000000000021e-05 3.446799999999999864e-02
4.550000000000000000e+02 3.740000000000000000e+02 0.000000000000000000e+00 1.908699999999999980e-02 6.481599999999999862e-02
4.600000000000000000e+02 2.790000000000000000e+02 0.000000000000000000e+00 2.561199999999999805e-04 3.477500000000000036e-02
4.630000000000000000e+02 3.630000000000000000e+02 0.000000000000000000e+00 7.412799999999999771e-03 2.974399999999999961e-02
4.630000000000000000e+02 4.280000000000000000e+02 0.000000000000000000e+00 -7.412799999999999771e-03 2.974399999999999961e-02
4.650000000000000000e+02 1.250000000000000000e+02 0.000000000000000000e+00 1.330500000000000085e-02 5.834400000000000003e-02
4.650000000000000000e+02 4.100000000000000000e+02 0.000000000000000000e+00 -1.330500000000000085e-02 5.834400000000000003e-02
4.660000000000000000e+02 1.220000000000000000e+02 0.000000000000000000e+00 -1.384699999999999973e-05 1.276300000000000004e-02
4.660000000000000000e+02 2.770000000000000000e+02 0.000000000000000000e+00 -4.336899999999999761e-05 4.532200000000000117e-02
4.660000000000000000e+02 3.690000000000000000e+02 0.000000000000000000e+00 2.923400000000000166e-05 3.559099999999999764e-02
4.690000000000000000e+02 2.660000000000000000e+02 0.000000000000000000e+00 -4.992200000000000077e-05 2.868100000000000163e-02
4.690000000000000000e+02 4.200000000000000000e+02 0.000000000000000000e+00 -2.115700000000000089e-05 3.262799999999999728e-02
4.740000000000000000e+02 6.300000000000000000e+01 0.000000000000000000e+00 -2.861999999999999961e-03 2.449799999999999894e-02
4.740000000000000000e+02 1.790000000000000000e+02 0.000000000000000000e+00 -3.461999999999999800e-03 1.039899999999999991e-01
4.750000000000000000e+02 8.000000000000000000e+00 0.000000000000000000e+00 -1.426400000000000031e-04 4.855000000000000288e-02
4.750000000000000000e+02 2.520000000000000000e+02 0.000000000000000000e+00 1.736800000000000041e-04 7.896699999999999553e-02
4.760000000000000000e+02 4.690000000000000000e+02 0.000000000000000000e+00 1.163100000000000028e-03 3.830800000000000177e-02
4.790000000000000000e+02 2.870000000000000000e+02 0.000000000000000000e+00 5.397100000000000161e-03 4.247499999999999887e-02
4.790000000000000000e+02 3.290000000000000000e+02 0.000000000000000000e+00 -5.397100000000000161e-03 4.247499999999999887e-02
4.860000000000000000e+02 1.260000000000000000e+02 0.000000000000000000e+00 1.631900000000000017e-02 3.548099999999999865e-02
4.860000000000000000e+02 1.960000000000000000e+02 0.000000000000000000e+00 -1.631900000000000017e-02 3.548099999999999865e-02
4.900000000000000000e+02 4.490000000000000000e+02 0.000000000000000000e+00 2.612000000000000172e-03 2.772799999999999918e-02
4.900000000000000000e+02 4.600000000000000000e+02 0.000000000000000000e+00 -2.612000000000000172e-03 2.772799999999999918e-02
4.920000000000000000e+02 3.250000000000000000e+02 0.000000000000000000e+00 1.713100000000000115e-04 2.632100000000000065e-02
4.940000000000000000e+02 7.300000000000000000e+01 0.000000000000000000e+00 -5.447099999999999859e-03 4.745599999999999818e-02
4.940000000000000000e+02 3.080000000000000000e+02 0.000000000000000000e+00 5.447099999999999859e-03 4.745599999999999818e-02
4.950000000000000000e+02 1.070000000000000000e+02 0.000000000000000000e+00 7.610999999999999710e-03 3.398799999999999738e-02
4.970000000000000000e+02 2.740000000000000000e+02 0.000000000000000000e+00 7.337599999999999678e-03 4.000599999999999989e-02
5.010000000000000000e+02 4.000000000000000000e+01 0.000000000000000000e+00 1.349400000000000057e-04 4.931100000000000066e-02
5.010000000000000000e+02 3.950000000000000000e+02 0.000000000000000000e+00 2.969799999999999925e-05 1.126400000000000040e-01
5.010000000000000000e+02 4.420000000000000000e+02 0.000000000000000000e+00 4.217800000000000173e-04 3.324699999999999878e-02
5.020000000000000000e+02 1.130000000000000000e+02 0.000000000000000000e+00 7.528100000000000243e-03 2.715199999999999905e-02
5.050000000000000000e+02 3.010000000000000000e+02 0.000000000000000000e+00 2.055600000000000135e-02 5.368799999999999961e-02
5.060000000000000000e+02 4.690000000000000000e+02 0.000000000000000000e+00 3.519600000000000116e-04 7.504199999999999759e-02
5.070000000000000000e+02 1.300000000000000000e+01 0.000000000000000000e+00 -1.408600000000000032e-04 4.614999999999999658e-02
5.070000000000000000e+02 4.920000000000000000e+02 0.000000000000000000e+00 -4.975800000000000031e-05 7.437100000000000655e-02
5.070000000000000000e+02 5.020000000000000000e+02 0.000000000000000000e+00 -1.261900000000000098e-04 1.800099999999999964e-02
5.140000000000000000e+02 1.690000000000000000e+02 0.000000000000000000e+00 2.904099999999999859e-05 4.931499999999999773e-02
5.140000000000000000e+02 2.140000000000000000e+02 0.000000000000000000e+00 -1.864099999999999991e-05 1.769300000000000039e-02
5.140000000000000000e+02 2.930000000000000000e+02 0.000000000000000000e+00 -4.736899999999999997e-05 2.555100000000000079e-02
5.150000000000000000e+02 4.090000000000000000e+02 0.000000000000000000e+00 -3.798599999999999850e-04 4.319800000000000029e-02
5.160000000000000000e+02 1.310000000000000000e+02 0.000000000000000000e+00 -1.683699999999999889e-04 1.716600000000000070e-02
5.160000000000000000e+02 3.170000000000000000e+02 0.000000000000000000e+00 -1.873400000000000054e-04 3.233599999999999669e-02
5.170000000000000000e+02 5.400000000000000000e+01 0.000000000000000000e+00 9.225400000000000137e-05 4.047100000000000003e-02
5.170000000000000000e+02 1.200000000000000000e+02 0.000000000000000000e+00 -1.663400000000000100e-04 3.713000000000000328e-02
5.170000000000000000e+02 2.230000000000000000e+02 0.000000000000000000e+00 9.374500000000000454e-05 1.607400000000000148e-02
5.190000000000000000e+02 1.220000000000000000e+02 0.000000000000000000e+00 2.576400000000000015e-06 2.021900000000000086e-02
5.190000000000000000e+02 2.910000000000000000e+02 0.000000000000000000e+00 6.591999999999999736e-06 5.118199999999999833e-02
5.200000000000000000e+02 3.320000000000000000e+02 0.000000000000000000e+00 2.572800000000000087e-03 3.023999999999999952e-02
5.200000000000000000e+02 4.480000000000000000e+02 0.000000000000000000e+00 -2.572800000000000087e-03 3.023999999999999952e-02
5.210000000000000000e+02 3.410000000000000000e+02 0.000000000000000000e+00 -8.939900000000000624e-03 2.792000000000000037e-02
5.210000000000000000e+02 3.970000000000000000e+02 0.000000000000000000e+00 8.939900000000000624e-03 2.792000000000000037e-02
5.240000000000000000e+02 4.340000000000000000e+02 0.000000000000000000e+00 -5.947599999999999502e-04 4.929700000000000054e-02
5.240000000000000000e+02 5.060000000000000000e+02 0.000000000000000000e+00 5.947599999999999502e-04 4.929700000000000054e-02
5.250000000000000000e+02 3.050000000000000000e+02 0.000000000000000000e+00 2.477499999999999776e-04 3.328099999999999808e-02
5.250000000000000000e+02 4.370000000000000000e+02 0.000000000000000000e+00 2.229699999999999879e-04 1.570200000000000068e-02
5.270000000000000000e+02 2.100000000000000000e+01 0.000000000000000000e+00 1.874500000000000124e-02 2.990299999999999903e-02
5.280000000000000000e+02 4.740000000000000000e+02 0.000000000000000000e+00 8.208900000000000094e-04 9.096500000000000419e-02
5.280000000000000000e+02 5.260000000000000000e+02 0.000000000000000000e+00 -6.111400000000000339e-04 7.399400000000000421e-02
5.290000000000000000e+02 1.890000000000000000e+02 0.000000000000000000e+00 -1.356499999999999972e-05 2.042800000000000171e-02
5.300000000000000000e+02 1.910000000000000000e+02 0.000000000000000000e+00 5.509700000000000188e-03 4.483600000000000085e-02
5.310000000000000000e+02 2.140000000000000000e+02 0.000000000000000000e+00 -1.098500000000000003e-04 5.203900000000000192e-02
5.310000000000000000e+02 2.210000000000000000e+02 0.000000000000000000e+00 1.104700000000000045e-04 2.092099999999999863e-02
5.320000000000000000e+02 2.860000000000000000e+02 0.000000000000000000e+00 5.358200000000000300e-05 2.129999999999999949e-02
5.320000000000000000e+02 4.430000000000000000e+02 0.000000000000000000e+00 -5.358200000000000300e-05 2.129999999999999949e-02
5.330000000000000000e+02 8.900000000000000000e+01 0.000000000000000000e+00 -1.080800000000000054e-05 3.925700000000000023e-02
5.330000000000000000e+02 2.100000000000000000e+02 0.000000000000000000e+00 -5.004900000000000142e-05 2.833600000000000008e-02
5.330000000000000000e+02 5.310000000000000000e+02 0.000000000000000000e+00 -6.569999999999999777e-05 3.313499999999999779e-02
5.360000000000000000e+02 2.390000000000000000e+02 0.000000000000000000e+00 3.894600000000000286e-05 7.006099999999999828e-02
5.360000000000000000e+02 2.880000000000000000e+02 0.000000000000000000e+00 -2.771100000000000082e-04 3.850699999999999956e-02
5.360000000000000000e+02 4.950000000000000000e+02 0.000000000000000000e+00 -2.767499999999999778e-04 2.894199999999999898e-02
5.390000000000000000e+02 8.000000000000000000e+00 0.000000000000000000e+00 1.039099999999999920e-02 3.429200000000000303e-02
5.390000000000000000e+02 4.240000000000000000e+02 0.000000000000000000e+00 -1.039099999999999920e-02 3.429200000000000303e-02
5.410000000000000000e+02 9.500000000000000000e+01 0.000000000000000000e+00 -7.235599999999999638e-05 5.364300000000000318e-02
5.410000000000000000e+02 1.910000000000000000e+02 0.000000000000000000e+00 1.575400000000000129e-04 3.424900000000000166e-02
5.420000000000000000e+02 3.490000000000000000e+02 0.000000000000000000e+00 -1.505400000000000054e-04 5.449600000000000277e-02
5.420000000000000000e+02 4.120000000000000000e+02 0.000000000000000000e+00 -2.221699999999999955e-04 8.521700000000000108e-02
5.450000000000000000e+02 1.110000000000000000e+02 0.000000000000000000e+00 4.982700000000000253e-05 8.042199999999999349e-02
5.450000000000000000e+02 1.910000000000000000e+02 0.000000000000000000e+00 6.660600000000000570e-05 6.706900000000000361e-02
5.450000000000000000e+02 5.070000000000000000e+02 0.000000000000000000e+00 3.578700000000000143e-05 6.651100000000000068e-02
5.470000000000000000e+02 1.870000000000000000e+02 0.000000000000000000e+00 3.775299999999999988e-04 3.848599999999999938e-02
5.470000000000000000e+02 5.300000000000000000e+02 0.000000000000000000e+00 -3.775299999999999988e-04 3.848599999999999938e-02
5.490000000000000000e+02 5.100000000000000000e+01 0.000000000000000000e+00 8.042300000000000490e-03 5.082699999999999718e-02
5.500000000000000000e+02 4.700000000000000000e+01 0.000000000000000000e+00 6.106000000000000316e-03 6.295399999999999607e-02
5.530000000000000000e+02 1.210000000000000000e+02 0.000000000000000000e+00 1.328499999999999993e-02 3.606700000000000184e-02
5.530000000000000000e+02 3.370000000000000000e+02 0.000000000000000000e+00 -1.328499999999999993e-02 3.606700000000000184e-02
5.540000000000000000e+02 4.640000000000000000e+02 0.000000000000000000e+00 -4.674899999999999846e-04 3.847500000000000225e-02
5.540000000000000000e+02 4.910000000000000000e+02 0.000000000000000000e+00 -4.703499999999999944e-05 7.781200000000000616e-02
5.550000000000000000e+02 9.900000000000000000e+01 0.000000000000000000e+00 4.837199999999999833e-03 4.730499999999999983e-02
5.570000000000000000e+02 2.760000000000000000e+02 0.000000000000000000e+00 7.598500000000000219e-03 5.335499999999999965e-02
5.580000000000000000e+02 1.400000000000000000e+02 0.000000000000000000e+00 7.087400000000000210e-04 2.035100000000000103e-02
5.580000000000000000e+02 4.220000000000000000e+02 0.000000000000000000e+00 -6.605600000000000317e-04 4.047400000000000303e-02
5.590000000000000000e+02 3.200000000000000000e+02 0.000000000000000000e+00 2.407600000000000124e-05 2.769500000000000087e-02
5.590000000000000000e+02 5.220000000000000000e+02 0.000000000000000000e+00 -1.075099999999999922e-05 5.341100000000000014e-02
5.610000000000000000e+02 4.200000000000000000e+02 0.000000000000000000e+00 1.283099999999999909e-03 4.585299999999999793e-02
5.620000000000000000e+02 4.450000000000000000e+02 0.000000000000000000e+00 -1.121400000000000001e-02 4.245000000000000162e-02
5.640000000000000000e+02 7.400000000000000000e+01 0.000000000000000000e+00 1.040499999999999932e-02 2.730300000000000088e-02
5.640000000000000000e+02 1.690000000000000000e+02 0.000000000000000000e+00 -1.040499999999999932e-02 2.730300000000000088e-02
5.650000000000000000e+02 1.300000000000000000e+01 0.000000000000000000e+00 -6.131999999999999905e-06 2.722899999999999973e-02
5.650000000000000000e+02 1.900000000000000000e+01 0.000000000000000000e+00 7.818599999999999986e-05 3.485100000000000003e-02
5.650000000000000000e+02 4.200000000000000000e+01 0.000000000000000000e+00 -4.852599999999999923e-06 2.212000000000000077e-02
5.650000000000000000e+02 5.410000000000000000e+02 0.000000000000000000e+00 5.526600000000000246e-05 3.840199999999999864e-02
5.660000000000000000e+02 5.600000000000000000e+01 0.000000000000000000e+00 -4.936499999999999916e-05 5.332400000000000334e-02
5.660000000000000000e+02 1.350000000000000000e+02 0.000000000000000000e+00 -1.379200000000000077e-04 2.400100000000000150e-02
5.670000000000000000e+02 3.090000000000000000e+02 0.000000000000000000e+00 1.080000000000000057e-02 5.074900000000000244e-02
5.680000000000000000e+02 2.900000000000000000e+02 0.000000000000000000e+00 1.315000000000000023e-02 2.143199999999999966e-02
5.690000000000000000e+02 2.990000000000000000e+02 0.000000000000000000e+00 1.088300000000000031e-02 3.091199999999999851e-02
5.690000000000000000e+02 5.250000000000000000e+02 0.000000000000000000e+00 -1.088300000000000031e-02 3.091199999999999851e-02
5.730000000000000000e+02 1.150000000000000000e+02 0.000000000000000000e+00 -1.311499999999999895e-04 4.028400000000000036e-02
5.730000000000000000e+02 2.490000000000000000e+02 0.000000000000000000e+00 2.148700000000000078e-04 4.230099999999999832e-02
5.740000000000000000e+02 3.060000000000000000e+02 0.000000000000000000e+00 -7.911299999999999583e-03 2.623100000000000084e-02
5.740000000000000000e+02 3.740000000000000000e+02 0.000000000000000000e+00 7.911299999999999583e-03 2.623100000000000084e-02
5.830000000000000000e+02 3.000000000000000000e+02 0.000000000000000000e+00 1.032600000000000011e-02 3.984399999999999747e-02
5.850000000000000000e+02 3.680000000000000000e+02 0.000000000000000000e+00 -3.820399999999999878e-06 4.342700000000000032e-02
5.860000000000000000e+02 1.700000000000000000e+02 0.000000000000000000e+00 -4.194100000000000085e-03 3.922199999999999992e-02
5.860000000000000000e+02 2.020000000000000000e+02 0.000000000000000000e+00 4.194100000000000085e-03 3.922199999999999992e-02
5.880000000000000000e+02 9.000000000000000000e+01 0.000000000000000000e+00 2.123700000000000067e-03 5.916799999999999837e-02
5.880000000000000000e+02 1.650000000000000000e+02 0.000000000000000000e+00 2.732899999999999913e-03 6.593200000000000449e-02
5.880000000000000000e+02 3.720000000000000000e+02 0.000000000000000000e+00 -8.983399999999999675e-04 1.077499999999999986e-01
5.880000000000000000e+02 3.740000000000000000e+02 0.000000000000000000e+00 1.954099999999999848e-03 3.265099999999999947e-02
5.900000000000000000e+02 2.180000000000000000e+02 0.000000000000000000e+00 2.703899999999999967e-03 3.713199999999999834e-02
5.900000000000000000e+02 5.550000000000000000e+02 0.000000000000000000e+00 -2.703899999999999967e-03 3.713199999999999834e-02
5.910000000000000000e+02 2.740000000000000000e+02 0.000000000000000000e+00 -2.945199999999999855e-05 3.288499999999999757e-02
5.910000000000000000e+02 3.720000000000000000e+02 0.000000000000000000e+00 -1.966400000000000011e-05 3.633600000000000024e-02
5.980000000000000000e+02 3.700000000000000000e+01 0.000000000000000000e+00 -1.525600000000000003e-03 6.930999999999999661e-02
5.980000000000000000e+02 3.680000000000000000e+02 0.000000000000000000e+00 1.525600000000000003e-03 6.930999999999999661e-02
6.000000000000000000e+02 2.550000000000000000e+02 0.000000000000000000e+00 2.544000000000000081e-02 3.527899999999999786e-02
6.020000000000000000e+02 1.600000000000000000e+01 0.000000000000000000e+00 1.586299999999999906e-03 2.003800000000000026e-02
6.020000000000000000e+02 2.230000000000000000e+02 0.000000000000000000e+00 -1.586299999999999906e-03 2.003800000000000026e-02
6.060000000000000000e+02 4.050000000000000000e+02 0.000000000000000000e+00 1.594800000000000037e-02 3.009300000000000169e-02
6.080000000000000000e+02 1.510000000000000000e+02 0.000000000000000000e+00 -3.454199999999999827e-04 7.648599999999999843e-02
6.080000000000000000e+02 2.000000000000000000e+02 0.000000000000000000e+00 3.715100000000000260e-04 6.361400000000000388e-02
6.080000000000000000e+02 2.360000000000000000e+02 0.000000000000000000e+00 -6.799599999999999611e-04 5.101800000000000085e-02
6.090000000000000000e+02 1.860000000000000000e+02 0.000000000000000000e+00 -7.407100000000000283e-05 1.993500000000000133e-02
6.090000000000000000e+02 3.610000000000000000e+02 0.000000000000000000e+00 -1.180499999999999963e-04 4.531899999999999817e-02
6.090000000000000000e+02 3.800000000000000000e+02 0.000000000000000000e+00 3.074300000000000025e-05 4.115800000000000014e-02
6.110000000000000000e+02 2.430000000000000000e+02 0.000000000000000000e+00 -2.439699999999999942e-03 5.027600000000000124e-02
6.110000000000000000e+02 2.990000000000000000e+02 0.000000000000000000e+00 2.439699999999999942e-03 5.027600000000000124e-02
6.140000000000000000e+02 1.350000000000000000e+02 0.000000000000000000e+00 1.977199999999999975e-04 5.086299999999999849e-02
6.140000000000000000e+02 1.490000000000000000e+02 0.000000000000000000e+00 -3.420399999999999981e-04 5.062599999999999739e-02
6.160000000000000000e+02 5.840000000000000000e+02 0.000000000000000000e+00 -1.088899999999999937e-02 2.819299999999999931e-02
6.170000000000000000e+02 1.550000000000000000e+02 0.000000000000000000e+00 1.544200000000000086e-02 5.449299999999999977e-02
6.170000000000000000e+02 3.560000000000000000e+02 0.000000000000000000e+00 -1.544200000000000086e-02 5.449299999999999977e-02
6.220000000000000000e+02 4.420000000000000000e+02 0.000000000000000000e+00 -1.556299999999999990e-04 4.967200000000000087e-02
6.220000000000000000e+02 4.640000000000000000e+02 0.000000000000000000e+00 4.078899999999999995e-04 3.731799999999999701e-02
6.230000000000000000e+02 3.800000000000000000e+01 0.000000000000000000e+00 -2.054899999999999926e-05 5.229600000000000221e-02
6.230000000000000000e+02 4.700000000000000000e+01 0.000000000000000000e+00 5.856899999999999777e-06 5.861299999999999844e-02
6.230000000000000000e+02 3.000000000000000000e+02 0.000000000000000000e+00 -1.576600000000000050e-04 7.463000000000000189e-02
6.230000000000000000e+02 5.680000000000000000e+02 0.000000000000000000e+00 -8.943000000000000266e-05 1.621799999999999978e-02
6.240000000000000000e+02 1.170000000000000000e+02 0.000000000000000000e+00 1.520300000000000037e-03 2.634299999999999836e-02
6.240000000000000000e+02 3.910000000000000000e+02 0.000000000000000000e+00 -1.520300000000000037e-03 2.634299999999999836e-02
6.250000000000000000e+02 3.000000000000000000e+01 0.000000000000000000e+00 1.327100000000000050e-05 3.458100000000000063e-02
6.260000000000000000e+02 5.900000000000000000e+01 0.000000000000000000e+00 3.071599999999999851e-03 9.360300000000000564e-02
6.270000000000000000e+02 4.000000000000000000e+01 0.000000000000000000e+00 -4.268100000000000013e-05 2.955699999999999994e-02
6.270000000000000000e+02 6.220000000000000000e+02 0.000000000000000000e+00 -7.522000000000000149e-05 3.160999999999999921e-02
6.300000000000000000e+02 1.800000000000000000e+01 0.000000000000000000e+00 5.352300000000000407e-06 2.154100000000000112e-02
6.300000000000000000e+02 3.300000000000000000e+01 0.000000000000000000e+00 -6.913399999999999953e-07 2.033700000000000091e-02
6.300000000000000000e+02 3.350000000000000000e+02 0.000000000000000000e+00 8.525299999999999716e-07 3.425399999999999973e-02
6.310000000000000000e+02 1.890000000000000000e+02 0.000000000000000000e+00 -1.321899999999999998e-05 2.074900000000000008e-02
6.310000000000000000e+02 5.570000000000000000e+02 0.000000000000000000e+00 6.348899999999999895e-07 4.094400000000000123e-02
6.330000000000000000e+02 3.800000000000000000e+01 0.000000000000000000e+00 9.754399999999999876e-03 2.313700000000000132e-02
6.330000000000000000e+02 4.040000000000000000e+02 0.000000000000000000e+00 -9.754399999999999876e-03 2.313700000000000132e-02
6.370000000000000000e+02 1.700000000000000000e+02 0.000000000000000000e+00 -1.012399999999999997e-05 4.631300000000000000e-02
6.370000000000000000e+02 3.420000000000000000e+02 0.000000000000000000e+00 -8.538100000000000466e-06 1.967800000000000105e-02
6.370000000000000000e+02 3.850000000000000000e+02 0.000000000000000000e+00 8.003399999999999978e-05 2.711999999999999827e-02
6.380000000000000000e+02 1.500000000000000000e+02 0.000000000000000000e+00 -2.833199999999999911e-04 6.813900000000000512e-02
6.380000000000000000e+02 3.710000000000000000e+02 0.000000000000000000e+00 4.615600000000000193e-04 6.620399999999999896e-02
6.400000000000000000e+02 1.740000000000000000e+02 0.000000000000000000e+00 2.414499999999999980e-03 2.818500000000000172e-02
6.400000000000000000e+02 1.810000000000000000e+02 0.000000000000000000e+00 -2.414499999999999980e-03 2.818500000000000172e-02
6.410000000000000000e+02 6.380000000000000000e+02 0.000000000000000000e+00 7.640400000000000099e-04 4.460299999999999682e-02
6.460000000000000000e+02 1.350000000000000000e+02 0.000000000000000000e+00 -4.122800000000000032e-04 3.388599999999999945e-02
6.460000000000000000e+02 1.920000000000000000e+02 0.000000000000000000e+00 3.479499999999999737e-04 5.750899999999999762e-02
6.460000000000000000e+02 5.660000000000000000e+02 0.000000000000000000e+00 -5.380100000000000073e-04 4.473300000000000193e-02
6.470000000000000000e+02 1.110000000000000000e+02 0.000000000000000000e+00 1.731299999999999853e-02 7.114900000000000391e-02
6.470000000000000000e+02 3.950000000000000000e+02 0.000000000000000000e+00 -1.731299999999999853e-02 7.114900000000000391e-02
6.530000000000000000e+02 5.000000000000000000e+01 0.000000000000000000e+00 7.147699999999999887e-03 3.795699999999999769e-02
6.530000000000000000e+02 4.530000000000000000e+02 0.000000000000000000e+00 -7.147699999999999887e-03 3.795699999999999769e-02
6.540000000000000000e+02 1.530000000000000000e+02 0.000000000000000000e+00 8.838800000000000823e-03 2.939999999999999905e-02
6.540000000000000000e+02 3.940000000000000000e+02 0.000000000000000000e+00 -8.838800000000000823e-03 2.939999999999999905e-02
6.550000000000000000e+02 2.870000000000000000e+02 0.000000000000000000e+00 -2.167000000000000089e-05 3.279399999999999676e-02
6.550000000000000000e+02 2.880000000000000000e+02 0.000000000000000000e+00 3.286700000000000228e-05 4.946899999999999908e-02
6.550000000000000000e+02 3.440000000000000000e+02 0.000000000000000000e+00 3.394399999999999891e-05 1.707799999999999943e-02
6.560000000000000000e+02 4.460000000000000000e+02 0.000000000000000000e+00 -5.429000000000000232e-04 1.466199999999999969e-02
6.560000000000000000e+02 4.920000000000000000e+02 0.000000000000000000e+00 -4.110000000000000155e-04 7.410600000000000520e-02
6.560000000000000000e+02 5.260000000000000000e+02 0.000000000000000000e+00 -9.766099999999999890e-05 8.597100000000000575e-02
6.590000000000000000e+02 4.220000000000000000e+02 0.000000000000000000e+00 1.140900000000000003e-04 5.572799999999999976e-02
6.590000000000000000e+02 5.150000000000000000e+02 0.000000000000000000e+00 2.225299999999999853e-05 4.664700000000000096e-02
6.600000000000000000e+02 5.330000000000000000e+02 0.000000000000000000e+00 -3.138900000000000023e-03 3.660800000000000165e-02
6.620000000000000000e+02 3.230000000000000000e+02 1.000000000000000000e+00 1.297000000000000063e-02 1.389199999999999983e-02
6.630000000000000000e+02 6.200000000000000000e+01 0.000000000000000000e+00 -3.163100000000000259e-05 4.345199999999999757e-02
6.630000000000000000e+02 6.610000000000000000e+02 0.000000000000000000e+00 1.163199999999999976e-04 2.594700000000000131e-02
6.640000000000000000e+02 5.900000000000000000e+01 0.000000000000000000e+00 -1.128200000000000057e-06 2.160600000000000021e-02
6.640000000000000000e+02 5.840000000000000000e+02 0.000000000000000000e+00 -7.164200000000000288e-05 3.357500000000000068e-02
6.660000000000000000e+02 1.150000000000000000e+02 0.000000000000000000e+00 -2.247500000000000081e-05 9.042500000000000537e-02
6.660000000000000000e+02 2.780000000000000000e+02 0.000000000000000000e+00 -8.383600000000000167e-04 6.160500000000000004e-02
6.660000000000000000e+02 5.670000000000000000e+02 0.000000000000000000e+00 -7.693699999999999877e-05 4.388600000000000140e-02
6.670000000000000000e+02 1.510000000000000000e+02 0.000000000000000000e+00 -1.047299999999999951e-04 6.990899999999999892e-02
6.670000000000000000e+02 3.180000000000000000e+02 0.000000000000000000e+00 2.652500000000000235e-04 5.030400000000000149e-02
6.670000000000000000e+02 3.820000000000000000e+02 0.000000000000000000e+00 2.088100000000000015e-04 3.277999999999999664e-02
6.680000000000000000e+02 2.040000000000000000e+02 0.000000000000000000e+00 3.976499999999999892e-04 3.480699999999999766e-02
6.680000000000000000e+02 4.430000000000000000e+02 0.000000000000000000e+00 -3.976499999999999892e-04 3.480699999999999766e-02
6.730000000000000000e+02 5.290000000000000000e+02 0.000000000000000000e+00 1.549299999999999888e-05 2.099099999999999924e-02
6.730000000000000000e+02 5.420000000000000000e+02 0.000000000000000000e+00 1.188899999999999916e-05 4.707000000000000073e-02
6.730000000000000000e+02 6.310000000000000000e+02 0.000000000000000000e+00 3.775300000000000090e-06 5.780400000000000121e-02
6.750000000000000000e+02 1.150000000000000000e+02 0.000000000000000000e+00 -5.226200000000000208e-05 8.568000000000000616e-02
6.750000000000000000e+02 1.420000000000000000e+02 0.000000000000000000e+00 1.300899999999999962e-04 5.881999999999999729e-02
6.750000000000000000e+02 3.550000000000000000e+02 0.000000000000000000e+00 6.195000000000000148e-05 1.644199999999999828e-02
6.790000000000000000e+02 5.100000000000000000e+01 0.000000000000000000e+00 6.987300000000000000e-05 6.106799999999999728e-02
6.790000000000000000e+02 1.030000000000000000e+02 0.000000000000000000e+00 -6.722200000000000115e-05 5.085100000000000037e-02
6.790000000000000000e+02 6.360000000000000000e+02 0.000000000000000000e+00 6.578599999999999999e-06 1.636599999999999860e-02
6.800000000000000000e+02 1.530000000000000000e+02 0.000000000000000000e+00 -2.167900000000000030e-05 3.608600000000000002e-02
6.800000000000000000e+02 1.710000000000000000e+02 0.000000000000000000e+00 -4.389300000000000141e-05 2.281700000000000048e-02
6.800000000000000000e+02 3.680000000000000000e+02 0.000000000000000000e+00 1.332999999999999943e-05 5.246300000000000269e-02
6.830000000000000000e+02 4.000000000000000000e+00 0.000000000000000000e+00 -6.763299999999999867e-03 1.320299999999999946e-02
6.830000000000000000e+02 2.510000000000000000e+02 0.000000000000000000e+00 -5.399100000000000427e-03 1.011999999999999983e-01
6.830000000000000000e+02 2.940000000000000000e+02 0.000000000000000000e+00 -7.684599999999999764e-03 1.110099999999999976e-01
6.840000000000000000e+02 4.910000000000000000e+02 0.000000000000000000e+00 -3.708399999999999934e-04 7.829400000000000248e-02
6.840000000000000000e+02 5.610000000000000000e+02 0.000000000000000000e+00 9.394100000000000063e-05 3.992500000000000215e-02
6.850000000000000000e+02 2.170000000000000000e+02 0.000000000000000000e+00 -9.068000000000000322e-04 5.181499999999999995e-02
6.850000000000000000e+02 3.660000000000000000e+02 0.000000000000000000e+00 4.545299999999999731e-04 6.105700000000000016e-02
6.860000000000000000e+02 5.260000000000000000e+02 0.000000000000000000e+00 1.596199999999999930e-04 3.497299999999999714e-02
6.860000000000000000e+02 5.280000000000000000e+02 0.000000000000000000e+00 1.057900000000000019e-04 3.318900000000000322e-02
6.860000000000000000e+02 6.840000000000000000e+02 0.000000000000000000e+00 2.140999999999999999e-04 7.659900000000000042e-02
6.870000000000000000e+02 2.600000000000000000e+01 0.000000000000000000e+00 -1.280200000000000110e-04 6.711699999999999611e-02
6.870000000000000000e+02 4.040000000000000000e+02 0.000000000000000000e+00 -3.125499999999999806e-05 3.511100000000000332e-02
6.880000000000000000e+02 2.550000000000000000e+02 0.000000000000000000e+00 7.108200000000000282e-04 4.557499999999999746e-02
6.880000000000000000e+02 4.010000000000000000e+02 0.000000000000000000e+00 -2.299600000000000006e-04 8.051899999999999336e-02
6.880000000000000000e+02 4.110000000000000000e+02 0.000000000000000000e+00 5.213499999999999602e-04 2.152700000000000100e-02
6.890000000000000000e+02 1.500000000000000000e+02 0.000000000000000000e+00 9.781500000000000264e-03 3.769900000000000334e-02
6.890000000000000000e+02 3.130000000000000000e+02 0.000000000000000000e+00 -9.781500000000000264e-03 3.769900000000000334e-02
6.900000000000000000e+02 5.850000000000000000e+02 0.000000000000000000e+00 1.545399999999999942e-04 4.300999999999999962e-02
6.910000000000000000e+02 4.300000000000000000e+01 0.000000000000000000e+00 6.059499999999999782e-03 3.133699999999999680e-02
6.910000000000000000e+02 5.150000000000000000e+02 0.000000000000000000e+00 -6.059499999999999782e-03 3.133699999999999680e-02
6.930000000000000000e+02 5.000000000000000000e+01 0.000000000000000000e+00 1.105599999999999986e-04 3.939900000000000346e-02
6.930000000000000000e+02 1.100000000000000000e+02 0.000000000000000000e+00 -6.036500000000000226e-05 6.882699999999999929e-02
6.950000000000000000e+02 1.360000000000000000e+02 0.000000000000000000e+00 4.008799999999999863e-03 4.259500000000000092e-02
6.960000000000000000e+02 1.030000000000000000e+02 0.000000000000000000e+00 2.407100000000000044e-05 1.432899999999999972e-02
7.010000000000000000e+02 4.300000000000000000e+01 0.000000000000000000e+00 -8.114999999999999384e-05 4.114099999999999702e-02
7.010000000000000000e+02 5.220000000000000000e+02 0.000000000000000000e+00 -1.012500000000000047e-05 5.957199999999999995e-02
7.020000000000000000e+02 4.000000000000000000e+00 0.000000000000000000e+00 1.155400000000000003e-02 5.681900000000000145e-02
7.020000000000000000e+02 7.600000000000000000e+01 0.000000000000000000e+00 -1.155400000000000003e-02 5.681900000000000145e-02
7.030000000000000000e+02 6.200000000000000000e+01 0.000000000000000000e+00 7.510300000000000244e-05 3.811500000000000304e-02
7.030000000000000000e+02 1.040000000000000000e+02 0.000000000000000000e+00 1.823500000000000075e-05 2.178799999999999834e-02
7.030000000000000000e+02 5.850000000000000000e+02 0.000000000000000000e+00 -6.279900000000000640e-05 3.441500000000000115e-02
7.040000000000000000e+02 4.020000000000000000e+02 0.000000000000000000e+00 3.409999999999999837e-03 2.435299999999999965e-02
7.050000000000000000e+02 4.750000000000000000e+02 0.000000000000000000e+00 -6.845300000000000343e-03 3.430899999999999922e-02
7.050000000000000000e+02 6.140000000000000000e+02 0.000000000000000000e+00 6.845300000000000343e-03 3.430899999999999922e-02
7.060000000000000000e+02 6.400000000000000000e+01 0.000000000000000000e+00 8.470199999999999778e-04 8.310599999999999932e-02
7.060000000000000000e+02 1.680000000000000000e+02 0.000000000000000000e+00 7.541800000000000196e-04 5.779299999999999715e-02
7.060000000000000000e+02 3.580000000000000000e+02 0.000000000000000000e+00 -3.903800000000000130e-04 7.431599999999999318e-02
7.070000000000000000e+02 3.220000000000000000e+02 0.000000000000000000e+00 1.230799999999999993e-03 1.537700000000000004e-02
7.070000000000000000e+02 4.000000000000000000e+02 0.000000000000000000e+00 -1.230799999999999993e-03 1.537700000000000004e-02
7.090000000000000000e+02 3.540000000000000000e+02 0.000000000000000000e+00 3.225000000000000002e-03 2.676399999999999960e-02
7.090000000000000000e+02 6.670000000000000000e+02 0.000000000000000000e+00 -3.225000000000000002e-03 2.676399999999999960e-02
7.100000000000000000e+02 2.060000000000000000e+02 0.000000000000000000e+00 1.870300000000000087e-02 4.377600000000000241e-02
7.110000000000000000e+02 1.990000000000000000e+02 0.000000000000000000e+00 5.232599999999999578e-03 2.440300000000000108e-02
7.110000000000000000e+02 2.030000000000000000e+02 0.000000000000000000e+00 -5.232599999999999578e-03 2.440300000000000108e-02
7.130000000000000000e+02 2.060000000000000000e+02 0.000000000000000000e+00 1.754300000000000087e-03 4.968399999999999900e-02
7.130000000000000000e+02 4.070000000000000000e+02 0.000000000000000000e+00 -1.754300000000000087e-03 4.968399999999999900e-02
7.140000000000000000e+02 4.340000000000000000e+02 0.000000000000000000e+00 8.880500000000000102e-05 7.325199999999999767e-02
7.140000000000000000e+02 5.620000000000000000e+02 0.000000000000000000e+00 -4.151700000000000247e-04 3.986599999999999866e-02
7.140000000000000000e+02 6.160000000000000000e+02 0.000000000000000000e+00 -5.148900000000000525e-04 2.816600000000000006e-02
7.140000000000000000e+02 6.250000000000000000e+02 0.000000000000000000e+00 -4.979099999999999542e-04 2.261799999999999922e-02
7.160000000000000000e+02 2.830000000000000000e+02 0.000000000000000000e+00 1.151399999999999987e-04 4.515000000000000263e-02
7.160000000000000000e+02 4.540000000000000000e+02 0.000000000000000000e+00 2.112200000000000004e-04 2.475700000000000123e-02
7.160000000000000000e+02 5.000000000000000000e+02 0.000000000000000000e+00 1.789100000000000065e-04 6.844200000000000284e-02
7.200000000000000000e+02 3.730000000000000000e+02 0.000000000000000000e+00 -3.459199999999999677e-05 3.418399999999999911e-02
7.200000000000000000e+02 4.000000000000000000e+02 0.000000000000000000e+00 4.731700000000000115e-05 3.117599999999999885e-02
7.210000000000000000e+02 2.490000000000000000e+02 0.000000000000000000e+00 9.775700000000000014e-03 2.191099999999999992e-02
7.220000000000000000e+02 3.130000000000000000e+02 0.000000000000000000e+00 1.145999999999999938e-04 2.592900000000000066e-02
7.220000000000000000e+02 3.180000000000000000e+02 0.000000000000000000e+00 -1.354000000000000114e-04 5.291499999999999676e-02
7.220000000000000000e+02 5.590000000000000000e+02 0.000000000000000000e+00 1.044000000000000033e-04 3.905499999999999944e-02
7.240000000000000000e+02 2.580000000000000000e+02 0.000000000000000000e+00 1.541699999999999961e-04 6.519099999999999895e-02
7.240000000000000000e+02 3.410000000000000000e+02 0.000000000000000000e+00 -5.168400000000000355e-06 6.676799999999999402e-02
7.240000000000000000e+02 6.190000000000000000e+02 0.000000000000000000e+00 2.906399999999999956e-04 2.852700000000000027e-02
7.250000000000000000e+02 4.430000000000000000e+02 0.000000000000000000e+00 3.527499999999999820e-03 3.266399999999999859e-02
7.250000000000000000e+02 6.190000000000000000e+02 0.000000000000000000e+00 -3.527499999999999820e-03 3.266399999999999859e-02
7.260000000000000000e+02 4.080000000000000000e+02 0.000000000000000000e+00 8.947999999999999357e-03 5.339599999999999902e-02
7.270000000000000000e+02 1.260000000000000000e+02 0.000000000000000000e+00 1.010899999999999993e-02 3.178299999999999875e-02
7.270000000000000000e+02 2.910000000000000000e+02 0.000000000000000000e+00 -1.010899999999999993e-02 3.178299999999999875e-02
7.310000000000000000e+02 6.000000000000000000e+02 1.000000000000000000e+00 1.623099999999999890e-02 1.622499999999999984e-02
7.320000000000000000e+02 1.400000000000000000e+02 0.000000000000000000e+00 1.223600000000000035e-02 7.881499999999999617e-02
7.320000000000000000e+02 7.010000000000000000e+02 0.000000000000000000e+00 -1.223600000000000035e-02 7.881499999999999617e-02
7.330000000000000000e+02 1.770000000000000000e+02 0.000000000000000000e+00 -1.616599999999999981e-02 3.654799999999999716e-02
7.330000000000000000e+02 3.300000000000000000e+02 0.000000000000000000e+00 1.616599999999999981e-02 3.654799999999999716e-02
7.340000000000000000e+02 6.900000000000000000e+02 0.000000000000000000e+00 7.175299999999999907e-03 4.578299999999999731e-02
7.360000000000000000e+02 6.600000000000000000e+01 0.000000000000000000e+00 -4.638399999999999771e-04 6.623400000000000121e-02
7.360000000000000000e+02 2.190000000000000000e+02 0.000000000000000000e+00 -1.538900000000000055e-04 3.716300000000000180e-04
7.360000000000000000e+02 6.930000000000000000e+02 0.000000000000000000e+00 3.082100000000000052e-04 6.593499999999999361e-02
7.370000000000000000e+02 3.130000000000000000e+02 0.000000000000000000e+00 2.434299999999999919e-03 2.164299999999999904e-02
7.370000000000000000e+02 5.220000000000000000e+02 0.000000000000000000e+00 -2.434299999999999919e-03 2.164299999999999904e-02
7.380000000000000000e+02 1.000000000000000000e+01 0.000000000000000000e+00 1.145099999999999997e-04 3.962500000000000050e-02
7.380000000000000000e+02 1.080000000000000000e+02 0.000000000000000000e+00 1.215799999999999981e-04 3.585699999999999998e-02
7.380000000000000000e+02 1.120000000000000000e+02 0.000000000000000000e+00 1.014100000000000065e-04 6.160399999999999904e-02
7.380000000000000000e+02 3.080000000000000000e+02 0.000000000000000000e+00 -7.141600000000000369e-06 4.013900000000000107e-02
7.390000000000000000e+02 6.850000000000000000e+02 0.000000000000000000e+00 -2.944399999999999795e-03 1.741799999999999946e-02
7.390000000000000000e+02 7.200000000000000000e+02 0.000000000000000000e+00 2.944399999999999795e-03 1.741799999999999946e-02
7.410000000000000000e+02 7.700000000000000000e+01 0.000000000000000000e+00 1.277700000000000016e-02 3.661400000000000071e-02
7.410000000000000000e+02 6.950000000000000000e+02 0.000000000000000000e+00 -1.277700000000000016e-02 3.661400000000000071e-02
7.420000000000000000e+02 1.890000000000000000e+02 0.000000000000000000e+00 7.541299999999999913e-03 2.892799999999999885e-02
7.420000000000000000e+02 5.040000000000000000e+02 0.000000000000000000e+00 -7.541299999999999913e-03 2.892799999999999885e-02
7.440000000000000000e+02 3.500000000000000000e+02 0.000000000000000000e+00 -2.677999999999999825e-03 6.407100000000000295e-02
7.440000000000000000e+02 4.040000000000000000e+02 0.000000000000000000e+00 -2.994299999999999978e-04 6.261600000000000499e-02
7.440000000000000000e+02 6.870000000000000000e+02 0.000000000000000000e+00 1.554899999999999902e-03 1.095600000000000046e-01
7.470000000000000000e+02 2.690000000000000000e+02 0.000000000000000000e+00 -1.196599999999999921e-02 3.005299999999999985e-02
7.470000000000000000e+02 2.800000000000000000e+02 0.000000000000000000e+00 1.196599999999999921e-02 3.005299999999999985e-02
7.480000000000000000e+02 4.500000000000000000e+01 0.000000000000000000e+00 1.817700000000000001e-03 1.938899999999999998e-02
7.480000000000000000e+02 6.870000000000000000e+02 0.000000000000000000e+00 -1.817700000000000001e-03 1.938899999999999998e-02
7.500000000000000000e+02 3.500000000000000000e+01 0.000000000000000000e+00 -7.912699999999999942e-03 2.842599999999999988e-02
7.500000000000000000e+02 2.100000000000000000e+02 0.000000000000000000e+00 7.912699999999999942e-03 2.842599999999999988e-02
7.510000000000000000e+02 1.870000000000000000e+02 0.000000000000000000e+00 1.843200000000000047e-02 6.974800000000000444e-02
7.510000000000000000e+02 4.040000000000000000e+02 0.000000000000000000e+00 -1.843200000000000047e-02 6.974800000000000444e-02
7.540000000000000000e+02 4.570000000000000000e+02 0.000000000000000000e+00 3.458700000000000207e-04 2.366499999999999854e-02
7.540000000000000000e+02 6.590000000000000000e+02 0.000000000000000000e+00 -3.458700000000000207e-04 2.366499999999999854e-02
7.550000000000000000e+02 3.800000000000000000e+02 0.000000000000000000e+00 7.977899999999999575e-03 3.740799999999999681e-02
7.550000000000000000e+02 6.350000000000000000e+02 0.000000000000000000e+00 -7.977899999999999575e-03 3.740799999999999681e-02
7.560000000000000000e+02 4.100000000000000000e+02 0.000000000000000000e+00 1.403399999999999960e-02 6.612200000000000022e-02
7.560000000000000000e+02 4.120000000000000000e+02 0.000000000000000000e+00 -1.403399999999999960e-02 6.612200000000000022e-02
7.570000000000000000e+02 3.800000000000000000e+01 0.000000000000000000e+00 -4.845299999999999976e-04 7.249999999999999500e-02
7.570000000000000000e+02 1.870000000000000000e+02 0.000000000000000000e+00 3.218000000000000157e-04 8.707600000000000062e-02
7.570000000000000000e+02 5.830000000000000000e+02 0.000000000000000000e+00 7.919699999999999407e-05 3.161200000000000121e-02
7.580000000000000000e+02 7.210000000000000000e+02 0.000000000000000000e+00 1.230700000000000023e-02 2.899900000000000047e-02
7.590000000000000000e+02 4.760000000000000000e+02 0.000000000000000000e+00 2.068799999999999979e-04 3.547800000000000259e-02
7.590000000000000000e+02 5.280000000000000000e+02 0.000000000000000000e+00 -2.278599999999999834e-05 5.616399999999999865e-02
7.590000000000000000e+02 6.840000000000000000e+02 0.000000000000000000e+00 -1.334100000000000119e-04 4.870700000000000029e-02
7.590000000000000000e+02 6.860000000000000000e+02 0.000000000000000000e+00 3.348100000000000013e-05 8.934199999999999781e-03
7.600000000000000000e+02 1.580000000000000000e+02 0.000000000000000000e+00 -8.322400000000000143e-05 3.050200000000000133e-02
7.600000000000000000e+02 5.180000000000000000e+02 0.000000000000000000e+00 6.689699999999999325e-05 7.680700000000000027e-02
7.600000000000000000e+02 7.100000000000000000e+02 0.000000000000000000e+00 -1.368800000000000041e-04 2.708999999999999950e-02
7.610000000000000000e+02 2.480000000000000000e+02 0.000000000000000000e+00 -2.266800000000000049e-05 1.458199999999999948e-02
7.630000000000000000e+02 7.300000000000000000e+01 0.000000000000000000e+00 -1.488700000000000028e-04 6.531000000000000694e-02
7.630000000000000000e+02 3.260000000000000000e+02 0.000000000000000000e+00 -7.038099999999999581e-06 7.955800000000000372e-02
7.630000000000000000e+02 6.630000000000000000e+02 0.000000000000000000e+00 -1.418900000000000120e-04 3.378099999999999853e-02
7.660000000000000000e+02 2.770000000000000000e+02 0.000000000000000000e+00 9.469500000000000053e-04 6.394500000000000184e-02
7.660000000000000000e+02 3.700000000000000000e+02 0.000000000000000000e+00 -2.242099999999999963e-04 7.382600000000000273e-02
7.660000000000000000e+02 7.580000000000000000e+02 0.000000000000000000e+00 -6.748599999999999998e-04 5.813299999999999718e-02
7.670000000000000000e+02 1.470000000000000000e+02 0.000000000000000000e+00 9.014499999999999943e-03 4.797400000000000275e-02
7.670000000000000000e+02 6.350000000000000000e+02 0.000000000000000000e+00 -9.014499999999999943e-03 4.797400000000000275e-02
7.720000000000000000e+02 3.840000000000000000e+02 0.000000000000000000e+00 6.730399999999999664e-04 8.118100000000000316e-02
7.720000000000000000e+02 5.250000000000000000e+02 0.000000000000000000e+00 -1.085699999999999990e-03 4.970800000000000218e-02
7.720000000000000000e+02 7.260000000000000000e+02 0.000000000000000000e+00 -1.138499999999999972e-03 4.832199999999999690e-02
7.730000000000000000e+02 1.550000000000000000e+02 0.000000000000000000e+00 2.665100000000000108e-03 3.050699999999999940e-02
7.730000000000000000e+02 4.090000000000000000e+02 0.000000000000000000e+00 -2.665100000000000108e-03 3.050699999999999940e-02
7.740000000000000000e+02 4.510000000000000000e+02 0.000000000000000000e+00 -8.471499999999999647e-04 2.929199999999999859e-02
7.740000000000000000e+02 5.100000000000000000e+02 0.000000000000000000e+00 8.471499999999999647e-04 2.929199999999999859e-02
7.750000000000000000e+02 6.900000000000000000e+01 0.000000000000000000e+00 -3.265400000000000008e-04 3.167299999999999977e-02
7.750000000000000000e+02 8.700000000000000000e+01 0.000000000000000000e+00 2.368600000000000057e-04 5.700600000000000112e-02
7.750000000000000000e+02 1.840000000000000000e+02 0.000000000000000000e+00 -2.552599999999999921e-04 2.409100000000000130e-02
7.770000000000000000e+02 6.370000000000000000e+02 0.000000000000000000e+00 -1.656499999999999986e-02 3.137000000000000205e-02
7.780000000000000000e+02 3.570000000000000000e+02 0.000000000000000000e+00 -3.098199999999999847e-04 5.496600000000000097e-02
7.780000000000000000e+02 5.160000000000000000e+02 0.000000000000000000e+00 -9.184899999999999423e-05 2.612899999999999945e-02
7.780000000000000000e+02 6.260000000000000000e+02 0.000000000000000000e+00 -3.449099999999999893e-05 4.654599999999999710e-02
7.780000000000000000e+02 6.640000000000000000e+02 0.000000000000000000e+00 -5.694199999999999522e-04 6.621799999999999908e-02
7.790000000000000000e+02 5.180000000000000000e+02 0.000000000000000000e+00 8.550699999999999620e-03 3.851099999999999662e-02
7.790000000000000000e+02 7.610000000000000000e+02 0.000000000000000000e+00 -8.550699999999999620e-03 3.851099999999999662e-02
7.800000000000000000e+02 3.910000000000000000e+02 0.000000000000000000e+00 3.597500000000000003e-03 3.647899999999999754e-02
7.800000000000000000e+02 6.600000000000000000e+02 0.000000000000000000e+00 -3.597500000000000003e-03 3.647899999999999754e-02
7.810000000000000000e+02 3.310000000000000000e+02 0.000000000000000000e+00 7.074699999999999739e-03 4.805799999999999655e-02
7.820000000000000000e+02 6.620000000000000000e+02 0.000000000000000000e+00 8.955299999999999372e-03 1.652400000000000049e-02
7.850000000000000000e+02 2.680000000000000000e+02 0.000000000000000000e+00 6.339500000000000036e-06 3.614599999999999758e-02
7.850000000000000000e+02 4.070000000000000000e+02 0.000000000000000000e+00 -1.666299999999999954e-05 1.581099999999999867e-02
7.850000000000000000e+02 7.630000000000000000e+02 0.000000000000000000e+00 -5.635700000000000269e-05 5.498700000000000115e-02
7.860000000000000000e+02 2.810000000000000000e+02 0.000000000000000000e+00 5.951200000000000240e-03 1.761499999999999871e-02
7.860000000000000000e+02 3.920000000000000000e+02 0.000000000000000000e+00 -5.951200000000000240e-03 1.761499999999999871e-02
7.870000000000000000e+02 1.450000000000000000e+02 0.000000000000000000e+00 -1.341400000000000066e-05 2.786100000000000035e-02
7.870000000000000000e+02 4.820000000000000000e+02 0.000000000000000000e+00 -1.150500000000000081e-05 1.750499999999999973e-02
7.870000000000000000e+02 5.100000000000000000e+02 0.000000000000000000e+00 -5.481499999999999949e-06 4.590400000000000036e-02
7.890000000000000000e+02 1.050000000000000000e+02 0.000000000000000000e+00 -1.297000000000000063e-02 2.765099999999999850e-02
7.890000000000000000e+02 3.390000000000000000e+02 0.000000000000000000e+00 1.297000000000000063e-02 2.765099999999999850e-02
7.910000000000000000e+02 3.690000000000000000e+02 0.000000000000000000e+00 9.613699999999999329e-03 2.188199999999999867e-02
7.910000000000000000e+02 5.190000000000000000e+02 0.000000000000000000e+00 -9.613699999999999329e-03 2.188199999999999867e-02
7.920000000000000000e+02 4.500000000000000000e+01 0.000000000000000000e+00 -9.315300000000000411e-06 1.922199999999999950e-02
7.920000000000000000e+02 8.200000000000000000e+01 0.000000000000000000e+00 -2.962600000000000129e-04 7.124099999999999877e-02
7.920000000000000000e+02 9.500000000000000000e+01 0.000000000000000000e+00 -6.182800000000000502e-05 6.541399999999999992e-02
7.920000000000000000e+02 1.870000000000000000e+02 0.000000000000000000e+00 3.083200000000000025e-04 7.653899999999999593e-02
7.930000000000000000e+02 3.620000000000000000e+02 0.000000000000000000e+00 -1.771299999999999958e-03 4.844299999999999995e-02
7.930000000000000000e+02 3.920000000000000000e+02 0.000000000000000000e+00 1.771299999999999958e-03 4.844299999999999995e-02
7.950000000000000000e+02 1.830000000000000000e+02 0.000000000000000000e+00 -5.241099999999999676e-05 4.356800000000000256e-02
7.950000000000000000e+02 5.910000000000000000e+02 0.000000000000000000e+00 -5.525099999999999667e-05 2.358400000000000080e-02
7.950000000000000000e+02 7.770000000000000000e+02 0.000000000000000000e+00 -1.149400000000000041e-05 2.242800000000000002e-02
7.960000000000000000e+02 2.250000000000000000e+02 0.000000000000000000e+00 2.945300000000000075e-05 4.764999999999999791e-02
7.960000000000000000e+02 4.360000000000000000e+02 0.000000000000000000e+00 1.000600000000000008e-04 2.108900000000000011e-02
7.960000000000000000e+02 5.040000000000000000e+02 0.000000000000000000e+00 8.195100000000000193e-05 2.503800000000000123e-02
7.970000000000000000e+02 1.150000000000000000e+02 0.000000000000000000e+00 2.319999999999999810e-06 1.462300000000000058e-02
7.970000000000000000e+02 5.730000000000000000e+02 0.000000000000000000e+00 -4.844099999999999920e-06 1.575400000000000064e-02
7.970000000000000000e+02 6.410000000000000000e+02 0.000000000000000000e+00 1.311699999999999994e-05 4.585000000000000187e-02
8.020000000000000000e+02 3.240000000000000000e+02 0.000000000000000000e+00 4.460000000000000422e-03 4.009900000000000270e-02
8.020000000000000000e+02 6.060000000000000000e+02 0.000000000000000000e+00 -4.460000000000000422e-03 4.009900000000000270e-02
8.030000000000000000e+02 7.820000000000000000e+02 0.000000000000000000e+00 -4.224000000000000324e-03 1.843900000000000053e-02
8.030000000000000000e+02 7.990000000000000000e+02 0.000000000000000000e+00 4.224000000000000324e-03 1.843900000000000053e-02
8.040000000000000000e+02 6.760000000000000000e+02 0.000000000000000000e+00 -3.762700000000000007e-04 2.562499999999999847e-02
8.040000000000000000e+02 7.010000000000000000e+02 0.000000000000000000e+00 2.550499999999999924e-04 7.004599999999999715e-02
8.070000000000000000e+02 5.270000000000000000e+02 0.000000000000000000e+00 -4.471999999999999874e-05 2.351500000000000118e-02
8.070000000000000000e+02 7.810000000000000000e+02 0.000000000000000000e+00 1.557999999999999991e-05 4.333000000000000046e-02
8.070000000000000000e+02 8.040000000000000000e+02 0.000000000000000000e+00 -1.042900000000000061e-04 5.649099999999999955e-02
8.080000000000000000e+02 2.010000000000000000e+02 0.000000000000000000e+00 7.815300000000000719e-03 2.867899999999999963e-02
8.080000000000000000e+02 6.250000000000000000e+02 0.000000000000000000e+00 -7.815300000000000719e-03 2.867899999999999963e-02
8.090000000000000000e+02 3.520000000000000000e+02 0.000000000000000000e+00 1.060400000000000058e-02 2.009799999999999920e-01
8.100000000000000000e+02 1.030000000000000000e+02 0.000000000000000000e+00 9.953200000000000588e-03 4.731300000000000089e-02
8.100000000000000000e+02 7.870000000000000000e+02 0.000000000000000000e+00 -9.953200000000000588e-03 4.731300000000000089e-02
8.130000000000000000e+02 6.880000000000000000e+02 0.000000000000000000e+00 8.289799999999999947e-03 2.664199999999999902e-02
8.160000000000000000e+02 2.840000000000000000e+02 0.000000000000000000e+00 -1.242600000000000063e-04 7.209899999999999642e-02
8.160000000000000000e+02 3.640000000000000000e+02 0.000000000000000000e+00 1.654100000000000036e-04 2.708999999999999950e-02
8.160000000000000000e+02 3.880000000000000000e+02 0.000000000000000000e+00 3.777300000000000037e-04 2.807099999999999873e-02
8.170000000000000000e+02 6.500000000000000000e+01 0.000000000000000000e+00 6.607299999999999979e-04 5.488500000000000323e-02
8.170000000000000000e+02 3.020000000000000000e+02 0.000000000000000000e+00 -6.607299999999999979e-04 5.488500000000000323e-02
8.200000000000000000e+02 4.010000000000000000e+02 0.000000000000000000e+00 3.040500000000000147e-02 6.456099999999999339e-02
8.200000000000000000e+02 6.260000000000000000e+02 0.000000000000000000e+00 -3.040500000000000147e-02 6.456099999999999339e-02
8.230000000000000000e+02 3.120000000000000000e+02 0.000000000000000000e+00 2.911400000000000186e-03 2.082600000000000076e-02
8.230000000000000000e+02 4.540000000000000000e+02 0.000000000000000000e+00 -2.911400000000000186e-03 2.082600000000000076e-02
