1.213299999999999983e+02 1.563000000000000000e+03 3.000000000000000000e+01
1.166000000000000000e+03 1.190500000000000000e+03 2.900000000000000000e+01
4.809599999999999795e+02 1.110000000000000000e+03 2.900000000000000000e+01
1.943499999999999943e+02 1.362599999999999909e+03 3.000000000000000000e+01
7.319700000000000273e+02 1.551500000000000000e+03 3.000000000000000000e+01
2.778399999999999750e+02 1.433799999999999955e+03 3.000000000000000000e+01
7.660800000000000409e+02 1.308500000000000000e+03 2.900000000000000000e+01
5.709700000000000273e+02 7.852599999999999909e+02 2.900000000000000000e+01
7.944600000000000364e+02 1.253500000000000000e+03 2.900000000000000000e+01
1.855099999999999909e+02 6.654700000000000273e+02 2.900000000000000000e+01
1.090900000000000091e+03 1.329799999999999955e+03 2.900000000000000000e+01
8.654400000000000546e+02 1.326400000000000091e+03 2.900000000000000000e+01
4.010899999999999750e+02 1.118000000000000000e+03 2.900000000000000000e+01
3.540600000000000023e+02 1.226099999999999909e+03 2.900000000000000000e+01
9.950499999999999545e+02 1.349200000000000045e+03 2.900000000000000000e+01
7.520900000000000318e+02 1.429599999999999909e+03 2.900000000000000000e+01
8.286799999999999500e+02 1.467000000000000000e+03 2.900000000000000000e+01
2.695199999999999818e+02 1.276500000000000000e+03 2.900000000000000000e+01
1.086000000000000000e+03 1.266299999999999955e+03 2.900000000000000000e+01
4.565400000000000205e+02 1.221500000000000000e+03 2.900000000000000000e+01
3.470600000000000023e+02 8.241399999999999864e+02 2.900000000000000000e+01
1.472599999999999909e+03 8.064700000000000273e+02 2.900000000000000000e+01
9.349900000000000091e+02 1.348500000000000000e+03 2.900000000000000000e+01
8.035499999999999545e+02 3.900400000000000205e+02 2.900000000000000000e+01
1.161099999999999909e+03 1.084500000000000000e+03 2.900000000000000000e+01
5.951900000000000546e+02 1.494499999999999886e+02 2.900000000000000000e+01
6.326399999999999864e+02 1.342299999999999955e+03 2.900000000000000000e+01
8.892200000000000273e+02 1.209900000000000091e+03 2.900000000000000000e+01
3.734800000000000182e+02 1.565599999999999909e+03 3.000000000000000000e+01
4.526499999999999773e+02 1.162400000000000091e+03 2.900000000000000000e+01
1.824799999999999898e+02 9.369700000000000273e+02 2.900000000000000000e+01
6.516299999999999955e+02 5.854400000000000546e+02 2.900000000000000000e+01
1.232299999999999955e+03 1.222000000000000000e+03 2.900000000000000000e+01
1.105799999999999955e+03 1.193599999999999909e+03 2.900000000000000000e+01
6.354500000000000455e+02 1.237500000000000000e+03 2.900000000000000000e+01
8.312599999999999909e+02 7.301000000000000227e+02 2.900000000000000000e+01
1.810000000000000000e+02 1.454400000000000091e+03 3.000000000000000000e+01
1.417900000000000091e+03 1.362500000000000000e+03 2.900000000000000000e+01
4.925000000000000000e+02 1.461400000000000091e+03 3.000000000000000000e+01
2.978500000000000227e+02 3.927200000000000273e+02 2.900000000000000000e+01
1.195400000000000063e+02 1.357000000000000000e+03 2.900000000000000000e+01
3.009200000000000159e+02 1.100900000000000091e+03 2.900000000000000000e+01
3.859200000000000159e+02 1.175500000000000000e+03 2.900000000000000000e+01
1.380099999999999909e+03 9.578999999999999773e+02 3.000000000000000000e+01
4.124200000000000159e+02 3.359399999999999977e+02 2.900000000000000000e+01
5.529600000000000364e+02 1.328200000000000045e+03 2.900000000000000000e+01
1.244000000000000000e+03 1.164000000000000000e+03 2.900000000000000000e+01
4.760000000000000000e+02 1.523500000000000000e+03 3.000000000000000000e+01
1.349000000000000000e+03 1.346000000000000000e+03 3.000000000000000000e+01
9.513200000000000500e+02 1.035400000000000091e+03 2.900000000000000000e+01
8.505299999999999727e+02 1.009500000000000000e+03 2.900000000000000000e+01
2.732400000000000091e+02 1.526000000000000000e+03 3.000000000000000000e+01
7.999900000000000091e+02 2.458799999999999955e+02 2.900000000000000000e+01
3.462599999999999909e+02 9.933899999999999864e+02 2.900000000000000000e+01
9.679099999999999682e+02 1.402700000000000045e+03 2.900000000000000000e+01
5.814400000000000546e+02 8.929900000000000091e+02 2.900000000000000000e+01
7.103999999999999773e+02 1.104099999999999909e+03 2.900000000000000000e+01
5.533300000000000409e+02 2.716399999999999864e+02 2.900000000000000000e+01
8.632000000000000455e+02 8.879299999999999500e+02 2.900000000000000000e+01
8.849399999999999977e+01 7.839500000000000455e+02 2.900000000000000000e+01
1.286000000000000000e+03 1.262500000000000000e+03 2.900000000000000000e+01
5.119399999999999977e+02 1.059299999999999955e+03 2.900000000000000000e+01
1.261000000000000000e+03 1.496500000000000000e+03 2.900000000000000000e+01
2.518799999999999955e+02 1.066700000000000045e+03 2.900000000000000000e+01
2.860000000000000000e+02 8.444800000000000182e+02 2.900000000000000000e+01
9.474800000000000182e+02 1.188500000000000000e+03 2.900000000000000000e+01
7.490800000000000409e+02 1.058500000000000000e+03 2.900000000000000000e+01
5.334900000000000091e+02 1.505500000000000000e+03 3.000000000000000000e+01
1.082000000000000000e+03 1.431000000000000000e+03 2.900000000000000000e+01
5.760000000000000000e+02 1.237400000000000091e+03 2.900000000000000000e+01
4.328000000000000114e+02 1.565099999999999909e+03 3.000000000000000000e+01
7.740499999999999545e+02 4.408700000000000045e+02 2.900000000000000000e+01
1.038700000000000045e+03 1.301799999999999955e+03 2.900000000000000000e+01
1.203000000000000000e+03 1.468299999999999955e+03 2.900000000000000000e+01
1.016600000000000023e+03 8.730000000000000000e+02 2.900000000000000000e+01
5.365000000000000000e+02 9.960000000000000000e+02 2.900000000000000000e+01
8.310199999999999818e+02 1.565500000000000000e+03 2.900000000000000000e+01
7.205900000000000318e+02 1.480200000000000045e+03 3.000000000000000000e+01
1.139500000000000000e+03 2.188499999999999943e+02 2.900000000000000000e+01
5.262999999999999545e+02 1.148700000000000045e+03 2.900000000000000000e+01
1.028500000000000000e+03 1.401500000000000000e+03 2.900000000000000000e+01
1.432000000000000000e+03 9.942799999999999727e+02 2.900000000000000000e+01
5.235000000000000000e+02 1.266000000000000000e+03 2.900000000000000000e+01
1.179900000000000091e+03 1.010899999999999977e+03 2.900000000000000000e+01
9.886100000000000136e+02 9.706000000000000227e+02 2.900000000000000000e+01
1.273200000000000045e+03 3.358500000000000227e+02 2.900000000000000000e+01
1.471900000000000091e+03 7.475099999999999909e+02 2.900000000000000000e+01
5.863099999999999454e+02 1.144299999999999955e+03 2.900000000000000000e+01
8.600900000000000318e+02 9.497100000000000364e+02 2.900000000000000000e+01
7.282400000000000091e+02 8.423099999999999454e+02 2.900000000000000000e+01
1.764900000000000091e+02 2.642699999999999818e+02 2.900000000000000000e+01
3.342799999999999727e+02 1.052200000000000045e+03 2.900000000000000000e+01
1.345799999999999955e+03 4.230699999999999932e+02 2.900000000000000000e+01
9.189500000000000455e+02 9.388099999999999454e+02 2.900000000000000000e+01
5.490199999999999818e+02 5.492699999999999818e+02 2.900000000000000000e+01
4.644900000000000091e+02 1.281099999999999909e+03 2.900000000000000000e+01
3.066600000000000250e+02 4.661800000000000068e+02 2.900000000000000000e+01
7.262500000000000000e+02 2.409799999999999898e+02 2.900000000000000000e+01
6.648099999999999454e+02 6.553999999999999773e+02 2.900000000000000000e+01
7.598300000000000409e+02 2.902699999999999818e+02 2.900000000000000000e+01
9.797300000000000182e+02 1.291000000000000000e+03 2.900000000000000000e+01
1.010000000000000000e+03 1.026200000000000045e+03 2.900000000000000000e+01
7.126399999999999864e+02 9.247100000000000364e+02 2.900000000000000000e+01
1.724799999999999898e+02 1.523500000000000000e+03 3.000000000000000000e+01
1.318000000000000000e+03 1.562900000000000091e+03 2.900000000000000000e+01
1.269299999999999955e+03 2.290399999999999920e+02 2.900000000000000000e+01
6.703899999999999864e+02 8.307500000000000000e+02 2.900000000000000000e+01
7.067799999999999727e+02 7.526799999999999500e+02 2.900000000000000000e+01
1.130500000000000000e+03 1.396099999999999909e+03 2.900000000000000000e+01
8.343300000000000409e+02 4.410799999999999841e+02 2.900000000000000000e+01
8.678200000000000500e+02 1.072099999999999909e+03 2.900000000000000000e+01
3.027400000000000091e+02 1.326000000000000000e+03 2.900000000000000000e+01
1.139500000000000000e+03 1.293900000000000091e+03 2.900000000000000000e+01
3.301399999999999864e+02 1.153000000000000000e+03 2.900000000000000000e+01
9.101299999999999955e+02 6.688999999999999773e+02 2.900000000000000000e+01
1.088000000000000000e+03 7.047999999999999545e+02 2.900000000000000000e+01
1.101000000000000000e+03 1.090599999999999909e+03 2.900000000000000000e+01
6.571000000000000227e+02 9.466599999999999682e+02 2.900000000000000000e+01
1.477099999999999909e+03 1.254200000000000045e+03 2.900000000000000000e+01
1.770800000000000125e+02 8.299900000000000091e+02 2.900000000000000000e+01
8.948300000000000409e+02 1.465099999999999909e+03 2.900000000000000000e+01
3.930799999999999841e+02 2.063300000000000125e+02 2.900000000000000000e+01
1.005299999999999955e+03 4.000000000000000000e+02 2.900000000000000000e+01
6.595800000000000409e+02 1.005600000000000023e+03 2.900000000000000000e+01
5.262400000000000091e+02 3.244399999999999977e+02 2.900000000000000000e+01
9.954199999999999591e+02 5.365399999999999636e+02 2.900000000000000000e+01
1.123700000000000045e+03 2.756499999999999773e+02 2.900000000000000000e+01
1.297000000000000000e+03 1.011500000000000000e+03 2.900000000000000000e+01
9.723500000000000227e+02 9.124500000000000455e+02 2.900000000000000000e+01
1.198299999999999983e+02 9.561399999999999864e+02 2.900000000000000000e+01
9.631900000000000546e+02 6.971000000000000227e+02 2.900000000000000000e+01
2.360800000000000125e+02 8.140800000000000409e+02 2.900000000000000000e+01
4.815699999999999932e+02 2.565600000000000023e+02 2.900000000000000000e+01
3.623700000000000045e+02 1.345599999999999909e+03 2.900000000000000000e+01
5.667500000000000000e+02 1.996500000000000057e+02 2.900000000000000000e+01
7.573700000000000045e+02 1.164700000000000045e+03 2.900000000000000000e+01
7.159900000000000091e+02 1.340799999999999955e+03 2.900000000000000000e+01
1.470500000000000000e+03 3.219200000000000159e+02 2.900000000000000000e+01
1.198900000000000091e+03 6.571799999999999500e+02 2.900000000000000000e+01
1.396500000000000000e+03 1.307500000000000000e+03 2.900000000000000000e+01
1.473500000000000000e+03 9.524900000000000091e+02 2.900000000000000000e+01
2.364799999999999898e+02 1.478599999999999909e+03 3.000000000000000000e+01
1.003200000000000045e+03 6.530399999999999636e+02 2.900000000000000000e+01
4.152699999999999818e+02 1.500000000000000000e+02 2.900000000000000000e+01
7.772400000000000091e+02 1.498099999999999909e+03 3.000000000000000000e+01
1.160499999999999972e+02 1.415900000000000091e+03 2.900000000000000000e+01
1.050900000000000091e+03 1.218099999999999909e+03 2.900000000000000000e+01
1.173099999999999909e+03 4.645699999999999932e+02 2.900000000000000000e+01
1.293500000000000000e+03 1.322500000000000000e+03 2.900000000000000000e+01
8.306900000000000546e+02 1.117900000000000091e+03 2.900000000000000000e+01
1.228700000000000045e+03 7.631000000000000227e+02 2.900000000000000000e+01
1.147000000000000000e+03 9.607699999999999818e+02 2.900000000000000000e+01
2.845400000000000205e+02 1.017000000000000000e+03 2.900000000000000000e+01
1.254500000000000000e+03 1.437400000000000091e+03 2.900000000000000000e+01
8.629500000000000455e+02 1.515599999999999909e+03 3.000000000000000000e+01
1.346000000000000000e+03 1.185500000000000000e+03 2.900000000000000000e+01
6.560000000000000000e+02 1.128000000000000000e+03 3.000000000000000000e+01
4.364800000000000182e+02 1.071000000000000000e+03 2.900000000000000000e+01
9.224299999999999500e+02 1.518900000000000091e+03 2.900000000000000000e+01
2.265500000000000114e+02 9.934900000000000091e+02 2.900000000000000000e+01
5.849800000000000182e+02 1.533599999999999909e+03 3.000000000000000000e+01
2.997699999999999818e+02 6.673300000000000409e+02 2.900000000000000000e+01
1.017100000000000023e+03 1.510599999999999909e+03 2.900000000000000000e+01
1.307799999999999955e+03 7.032999999999999545e+02 2.900000000000000000e+01
6.457300000000000182e+02 8.890399999999999636e+02 2.900000000000000000e+01
2.069300000000000068e+02 3.159900000000000091e+02 2.900000000000000000e+01
5.007300000000000182e+02 6.394700000000000273e+02 2.900000000000000000e+01
8.243800000000000239e+01 1.550300000000000011e+02 2.900000000000000000e+01
3.204399999999999977e+02 8.936799999999999500e+02 2.900000000000000000e+01
9.229800000000000182e+02 8.797599999999999909e+02 2.900000000000000000e+01
1.839199999999999875e+02 5.585399999999999636e+02 2.900000000000000000e+01
1.283599999999999909e+03 1.380200000000000045e+03 2.900000000000000000e+01
6.656900000000000546e+02 1.066200000000000045e+03 2.900000000000000000e+01
6.623600000000000136e+02 1.290099999999999909e+03 2.900000000000000000e+01
2.364699999999999989e+02 2.634599999999999795e+02 3.000000000000000000e+01
5.399800000000000182e+02 9.352899999999999636e+02 2.900000000000000000e+01
4.050199999999999818e+02 1.015700000000000045e+03 2.900000000000000000e+01
1.270000000000000000e+03 1.111500000000000000e+03 2.900000000000000000e+01
6.005700000000000500e+02 1.292000000000000000e+03 2.900000000000000000e+01
1.960800000000000125e+02 1.045000000000000000e+03 2.900000000000000000e+01
1.430599999999999909e+03 6.877200000000000273e+02 2.900000000000000000e+01
3.141200000000000045e+02 3.296299999999999955e+02 2.900000000000000000e+01
1.112400000000000091e+03 8.670199999999999818e+02 2.900000000000000000e+01
2.145200000000000102e+02 3.910000000000000000e+02 2.900000000000000000e+01
5.136100000000000136e+02 1.207099999999999909e+03 2.900000000000000000e+01
7.572899999999999636e+02 3.510199999999999818e+02 2.900000000000000000e+01
1.275500000000000000e+03 5.686100000000000136e+02 2.900000000000000000e+01
4.935400000000000205e+02 1.362099999999999909e+03 2.900000000000000000e+01
1.281000000000000000e+03 4.071700000000000159e+02 2.900000000000000000e+01
8.034600000000000364e+02 4.928299999999999841e+02 2.900000000000000000e+01
7.104700000000000273e+02 6.172400000000000091e+02 2.900000000000000000e+01
3.714599999999999795e+02 1.285900000000000091e+03 2.900000000000000000e+01
6.968099999999999454e+02 1.242400000000000091e+03 2.900000000000000000e+01
2.990400000000000205e+02 7.264800000000000182e+02 2.900000000000000000e+01
1.253900000000000091e+03 1.054500000000000000e+03 2.900000000000000000e+01
2.037500000000000000e+02 1.530699999999999932e+02 2.900000000000000000e+01
1.175900000000000091e+03 3.524499999999999886e+02 2.900000000000000000e+01
9.849400000000000546e+02 1.083700000000000045e+03 2.900000000000000000e+01
8.942599999999999909e+02 3.388100000000000023e+02 2.900000000000000000e+01
7.335399999999999636e+02 1.464499999999999886e+02 2.900000000000000000e+01
1.053900000000000091e+03 9.863799999999999955e+02 2.900000000000000000e+01
2.227899999999999920e+02 8.725299999999999727e+02 2.900000000000000000e+01
2.500600000000000023e+02 6.365099999999999909e+02 2.900000000000000000e+01
8.326499999999999773e+02 1.480099999999999909e+02 2.900000000000000000e+01
3.608500000000000227e+02 3.655400000000000205e+02 2.900000000000000000e+01
1.435000000000000000e+03 1.420299999999999955e+03 2.900000000000000000e+01
9.988999999999999773e+02 1.452599999999999909e+03 2.900000000000000000e+01
1.195599999999999909e+03 8.132999999999999545e+02 2.900000000000000000e+01
3.485899999999999750e+02 1.432799999999999955e+03 2.900000000000000000e+01
1.325200000000000045e+03 3.666000000000000227e+02 2.900000000000000000e+01
7.892500000000000000e+02 8.182300000000000182e+02 2.900000000000000000e+01
5.534199999999999591e+02 7.290000000000000000e+02 2.900000000000000000e+01
2.471299999999999955e+02 1.127700000000000045e+03 2.900000000000000000e+01
4.060099999999999909e+02 4.374700000000000273e+02 2.900000000000000000e+01
8.502699999999999818e+02 8.300499999999999545e+02 2.900000000000000000e+01
4.678000000000000114e+02 1.020100000000000023e+03 2.900000000000000000e+01
1.141400000000000091e+03 5.540299999999999727e+02 2.900000000000000000e+01
8.925099999999999909e+02 1.445000000000000000e+02 2.900000000000000000e+01
8.630099999999999909e+02 3.892799999999999727e+02 2.900000000000000000e+01
8.012400000000000091e+02 9.761900000000000546e+02 2.900000000000000000e+01
1.192700000000000045e+03 1.134900000000000091e+03 2.900000000000000000e+01
8.109199999999999591e+02 9.174099999999999682e+02 2.900000000000000000e+01
1.044400000000000091e+03 7.457200000000000273e+02 2.900000000000000000e+01
8.857200000000000273e+02 1.383000000000000000e+03 2.900000000000000000e+01
5.522599999999999909e+02 6.092999999999999545e+02 2.900000000000000000e+01
6.627000000000000455e+02 3.897200000000000273e+02 2.900000000000000000e+01
1.411799999999999955e+03 7.435900000000000318e+02 2.900000000000000000e+01
4.049100000000000250e+02 7.376699999999999591e+02 2.900000000000000000e+01
1.368500000000000000e+03 4.770000000000000000e+02 2.900000000000000000e+01
8.910399999999999636e+02 7.247300000000000182e+02 2.900000000000000000e+01
5.914900000000000091e+02 1.474099999999999909e+03 2.900000000000000000e+01
6.343200000000000500e+02 1.919600000000000080e+02 2.900000000000000000e+01
1.476900000000000091e+03 1.364900000000000091e+03 2.900000000000000000e+01
1.044000000000000000e+03 1.074500000000000000e+03 2.900000000000000000e+01
2.574300000000000068e+02 5.771900000000000546e+02 2.900000000000000000e+01
9.465900000000000318e+02 8.116200000000000045e+02 2.900000000000000000e+01
1.124500000000000000e+03 1.036000000000000000e+03 2.900000000000000000e+01
1.140099999999999909e+03 1.422400000000000091e+02 2.900000000000000000e+01
1.384299999999999955e+03 3.771299999999999955e+02 2.900000000000000000e+01
6.109600000000000364e+02 8.402200000000000273e+02 2.900000000000000000e+01
5.972699999999999818e+02 9.493099999999999454e+02 2.900000000000000000e+01
8.080499999999999545e+02 1.410500000000000000e+03 2.900000000000000000e+01
1.204799999999999955e+03 2.380600000000000023e+02 2.900000000000000000e+01
5.017099999999999795e+02 6.990900000000000318e+02 2.900000000000000000e+01
9.522000000000000455e+02 3.221999999999999886e+02 2.900000000000000000e+01
8.497999999999999545e+02 2.983000000000000114e+02 2.900000000000000000e+01
7.499600000000000364e+02 6.621699999999999591e+02 2.900000000000000000e+01
5.357799999999999727e+02 1.564799999999999955e+03 3.000000000000000000e+01
1.112900000000000091e+03 1.546299999999999955e+03 3.000000000000000000e+01
1.116400000000000091e+03 6.068600000000000136e+02 2.900000000000000000e+01
5.707699999999999818e+02 1.046000000000000000e+03 2.900000000000000000e+01
6.351399999999999864e+02 1.565000000000000000e+03 3.000000000000000000e+01
8.839299999999999500e+02 1.269700000000000045e+03 2.900000000000000000e+01
1.057000000000000000e+03 4.337699999999999818e+02 2.900000000000000000e+01
9.255000000000000000e+02 4.898700000000000045e+02 2.900000000000000000e+01
1.194599999999999937e+02 5.625700000000000500e+02 2.900000000000000000e+01
1.288500000000000000e+03 7.604800000000000182e+02 2.900000000000000000e+01
1.092099999999999909e+03 9.326900000000000546e+02 2.900000000000000000e+01
4.406800000000000068e+02 5.518700000000000045e+02 2.900000000000000000e+01
3.960199999999999818e+02 1.396599999999999909e+03 2.900000000000000000e+01
2.969399999999999977e+02 7.872599999999999909e+02 2.900000000000000000e+01
1.178000000000000000e+03 6.013200000000000500e+02 2.900000000000000000e+01
3.231000000000000227e+02 1.522599999999999909e+02 2.900000000000000000e+01
4.250099999999999909e+02 4.947099999999999795e+02 2.900000000000000000e+01
3.271899999999999977e+02 5.921499999999999773e+02 2.900000000000000000e+01
3.636800000000000068e+02 4.802099999999999795e+02 2.900000000000000000e+01
1.365200000000000102e+02 1.048000000000000000e+03 2.900000000000000000e+01
1.331200000000000045e+03 3.078399999999999750e+02 2.900000000000000000e+01
1.141799999999999955e+03 1.453400000000000091e+03 2.900000000000000000e+01
3.926999999999999886e+02 9.555800000000000409e+02 2.900000000000000000e+01
3.133199999999999932e+02 1.385099999999999909e+03 3.000000000000000000e+01
6.943500000000000227e+02 1.911299999999999955e+02 2.900000000000000000e+01
7.171399999999999864e+02 5.588300000000000409e+02 2.900000000000000000e+01
3.528899999999999864e+02 7.637799999999999727e+02 2.900000000000000000e+01
1.190999999999999943e+02 4.442300000000000182e+02 2.900000000000000000e+01
7.251900000000000546e+02 4.054200000000000159e+02 2.900000000000000000e+01
8.930499999999999545e+02 4.394900000000000091e+02 2.900000000000000000e+01
1.028299999999999955e+03 4.868700000000000045e+02 2.900000000000000000e+01
1.146299999999999955e+03 7.794099999999999682e+02 2.900000000000000000e+01
8.088899999999999864e+02 6.740800000000000409e+02 2.900000000000000000e+01
2.986399999999999864e+02 9.589500000000000455e+02 2.900000000000000000e+01
3.886100000000000136e+02 5.969199999999999591e+02 2.900000000000000000e+01
9.390800000000000409e+02 1.247799999999999955e+03 2.900000000000000000e+01
1.391099999999999909e+03 5.961299999999999955e+02 2.900000000000000000e+01
1.229299999999999955e+03 3.782599999999999909e+02 2.900000000000000000e+01
4.535400000000000205e+02 2.055500000000000114e+02 2.900000000000000000e+01
4.673199999999999932e+02 3.144800000000000182e+02 2.900000000000000000e+01
6.070599999999999454e+02 6.423899999999999864e+02 2.900000000000000000e+01
6.117000000000000455e+02 7.416399999999999864e+02 2.900000000000000000e+01
1.006200000000000045e+03 1.178599999999999909e+03 2.900000000000000000e+01
3.703600000000000136e+02 1.506000000000000000e+03 2.900000000000000000e+01
1.035099999999999909e+03 3.199800000000000182e+02 2.900000000000000000e+01
7.670099999999999909e+02 1.971200000000000045e+02 2.900000000000000000e+01
8.928600000000000136e+02 7.832400000000000091e+02 2.900000000000000000e+01
6.797799999999999727e+02 1.523799999999999955e+03 2.900000000000000000e+01
2.337899999999999920e+02 2.048000000000000114e+02 2.900000000000000000e+01
9.431100000000000136e+02 7.527899999999999636e+02 2.900000000000000000e+01
1.332000000000000000e+03 8.012000000000000455e+02 2.900000000000000000e+01
3.563399999999999750e+02 6.449199999999999591e+02 2.900000000000000000e+01
5.085199999999999818e+02 8.004600000000000364e+02 2.900000000000000000e+01
4.022799999999999727e+02 1.455799999999999955e+03 2.900000000000000000e+01
1.086299999999999955e+02 3.860600000000000023e+02 2.900000000000000000e+01
9.254900000000000091e+02 1.088500000000000000e+03 2.900000000000000000e+01
1.228900000000000091e+03 1.282799999999999955e+03 2.900000000000000000e+01
6.654299999999999500e+02 2.434699999999999989e+02 2.900000000000000000e+01
4.505600000000000023e+02 8.310499999999999545e+02 2.900000000000000000e+01
1.744399999999999977e+02 2.044699999999999989e+02 2.900000000000000000e+01
8.922699999999999818e+02 5.395399999999999636e+02 2.900000000000000000e+01
1.184599999999999909e+03 1.369000000000000000e+03 2.900000000000000000e+01
1.062299999999999955e+03 8.340199999999999818e+02 2.900000000000000000e+01
4.950099999999999909e+02 5.774800000000000182e+02 2.900000000000000000e+01
1.059299999999999955e+03 3.751899999999999977e+02 2.900000000000000000e+01
1.432299999999999955e+03 4.640600000000000023e+02 2.900000000000000000e+01
1.289799999999999955e+03 8.417500000000000000e+02 2.900000000000000000e+01
3.231899999999999977e+02 5.334600000000000364e+02 2.900000000000000000e+01
6.369600000000000364e+02 2.959200000000000159e+02 2.900000000000000000e+01
1.321200000000000045e+03 5.178300000000000409e+02 2.900000000000000000e+01
2.457599999999999909e+02 7.555900000000000318e+02 2.900000000000000000e+01
1.232099999999999909e+03 9.189199999999999591e+02 2.900000000000000000e+01
1.371000000000000000e+03 6.888700000000000045e+02 2.900000000000000000e+01
1.279299999999999955e+03 9.555599999999999454e+02 2.900000000000000000e+01
1.378599999999999909e+03 5.364099999999999682e+02 2.900000000000000000e+01
1.081500000000000000e+03 2.333400000000000034e+02 2.900000000000000000e+01
1.382599999999999909e+03 2.764399999999999977e+02 2.900000000000000000e+01
6.188400000000000318e+02 3.519499999999999886e+02 2.900000000000000000e+01
2.172899999999999920e+02 1.244900000000000091e+03 2.900000000000000000e+01
1.170099999999999909e+03 1.564299999999999955e+03 3.000000000000000000e+01
1.152000000000000028e+02 1.252099999999999909e+03 2.900000000000000000e+01
1.346099999999999909e+03 6.336399999999999864e+02 2.900000000000000000e+01
6.078099999999999454e+02 5.411200000000000045e+02 2.900000000000000000e+01
1.288400000000000091e+03 1.204000000000000000e+03 2.900000000000000000e+01
1.351599999999999909e+03 7.450299999999999727e+02 2.900000000000000000e+01
4.759499999999999886e+02 1.497700000000000102e+02 2.900000000000000000e+01
1.039799999999999955e+03 5.748500000000000227e+02 2.900000000000000000e+01
3.148700000000000045e+02 1.482599999999999909e+03 2.900000000000000000e+01
1.179799999999999955e+03 1.249200000000000045e+03 2.900000000000000000e+01
1.302400000000000091e+03 4.626100000000000136e+02 2.900000000000000000e+01
3.221299999999999955e+02 2.706399999999999864e+02 2.900000000000000000e+01
1.032799999999999955e+03 9.313999999999999773e+02 2.900000000000000000e+01
1.244000000000000000e+03 1.405500000000000114e+02 2.900000000000000000e+01
1.424799999999999898e+02 1.545200000000000102e+02 2.900000000000000000e+01
5.254800000000000182e+02 4.952300000000000182e+02 2.900000000000000000e+01
2.161500000000000057e+02 4.819499999999999886e+02 2.900000000000000000e+01
5.350000000000000000e+02 1.489199999999999875e+02 2.900000000000000000e+01
5.534800000000000182e+02 6.694099999999999682e+02 2.900000000000000000e+01
3.546299999999999955e+02 7.051699999999999591e+02 2.900000000000000000e+01
3.803299999999999841e+02 8.962899999999999636e+02 2.900000000000000000e+01
6.105499999999999545e+02 1.090500000000000000e+03 2.900000000000000000e+01
5.043500000000000227e+02 3.795000000000000000e+02 2.900000000000000000e+01
7.661100000000000136e+02 5.921200000000000045e+02 2.900000000000000000e+01
6.619700000000000273e+02 1.466799999999999955e+03 2.900000000000000000e+01
5.075199999999999818e+02 4.384700000000000273e+02 2.900000000000000000e+01
1.185799999999999955e+03 1.823600000000000136e+02 2.900000000000000000e+01
4.021899999999999977e+02 7.951000000000000227e+02 2.900000000000000000e+01
1.236700000000000045e+03 9.973200000000000500e+02 2.900000000000000000e+01
1.061000000000000000e+03 6.307599999999999909e+02 2.900000000000000000e+01
1.418700000000000045e+03 1.252400000000000091e+03 2.900000000000000000e+01
1.953499999999999943e+02 7.238099999999999454e+02 2.900000000000000000e+01
2.422599999999999909e+02 9.360900000000000318e+02 2.900000000000000000e+01
8.630499999999999545e+02 1.990000000000000000e+02 3.000000000000000000e+01
2.559199999999999875e+02 3.490299999999999727e+02 2.900000000000000000e+01
1.334400000000000091e+03 5.769900000000000091e+02 2.900000000000000000e+01
4.558500000000000227e+02 7.722100000000000364e+02 2.900000000000000000e+01
2.638399999999999750e+02 1.531100000000000136e+02 2.900000000000000000e+01
1.183200000000000045e+03 2.928000000000000114e+02 2.900000000000000000e+01
1.226799999999999955e+03 4.381399999999999864e+02 2.900000000000000000e+01
9.064900000000000091e+02 2.409900000000000091e+02 2.900000000000000000e+01
3.484399999999999977e+02 4.221899999999999977e+02 2.900000000000000000e+01
1.353200000000000045e+03 1.440900000000000091e+03 2.900000000000000000e+01
9.497899999999999636e+02 4.231499999999999773e+02 2.900000000000000000e+01
1.116400000000000091e+03 4.518999999999999773e+02 2.900000000000000000e+01
1.252099999999999909e+03 6.834099999999999682e+02 2.900000000000000000e+01
1.633899999999999864e+02 3.611700000000000159e+02 2.900000000000000000e+01
1.023299999999999955e+03 2.190099999999999909e+02 2.900000000000000000e+01
1.144099999999999966e+02 2.817699999999999818e+02 2.900000000000000000e+01
1.395000000000000000e+03 1.393000000000000114e+02 3.000000000000000000e+01
2.668799999999999955e+02 5.118899999999999864e+02 2.900000000000000000e+01
3.343600000000000136e+02 2.125600000000000023e+02 2.900000000000000000e+01
1.341799999999999955e+03 1.285200000000000045e+03 2.900000000000000000e+01
6.677200000000000273e+02 1.186400000000000091e+03 2.900000000000000000e+01
1.249799999999999955e+03 6.247000000000000455e+02 2.900000000000000000e+01
1.132799999999999955e+03 1.140900000000000091e+03 2.900000000000000000e+01
1.174099999999999909e+03 8.724900000000000091e+02 2.900000000000000000e+01
3.833600000000000136e+02 5.373700000000000045e+02 2.900000000000000000e+01
4.866399999999999864e+02 9.636599999999999682e+02 2.900000000000000000e+01
1.224000000000000057e+02 5.043700000000000045e+02 2.900000000000000000e+01
1.650200000000000102e+02 9.937000000000000455e+02 2.900000000000000000e+01
6.663999999999999773e+02 5.268400000000000318e+02 2.900000000000000000e+01
1.244299999999999955e+03 2.822699999999999818e+02 2.900000000000000000e+01
2.541299999999999955e+02 4.370500000000000114e+02 2.900000000000000000e+01
1.312500000000000000e+03 1.069799999999999955e+03 2.900000000000000000e+01
7.430399999999999636e+02 9.971799999999999500e+02 2.900000000000000000e+01
4.509499999999999886e+02 6.701599999999999682e+02 2.900000000000000000e+01
2.489399999999999977e+02 6.976599999999999682e+02 2.900000000000000000e+01
1.238799999999999955e+03 1.339299999999999955e+03 2.900000000000000000e+01
2.070699999999999932e+02 1.303099999999999909e+03 2.900000000000000000e+01
4.466800000000000068e+02 6.105800000000000409e+02 2.900000000000000000e+01
5.604500000000000455e+02 4.056100000000000136e+02 2.900000000000000000e+01
4.417099999999999795e+02 9.251900000000000546e+02 2.900000000000000000e+01
1.232200000000000045e+03 8.609400000000000546e+02 2.900000000000000000e+01
1.035500000000000000e+03 1.419900000000000091e+02 2.900000000000000000e+01
1.210900000000000034e+02 6.610199999999999818e+02 2.900000000000000000e+01
1.350400000000000091e+03 1.785099999999999909e+02 2.900000000000000000e+01
6.062100000000000364e+02 2.445600000000000023e+02 2.900000000000000000e+01
5.750499999999999545e+02 1.416400000000000091e+03 2.900000000000000000e+01
6.256699999999999591e+02 4.840000000000000000e+02 2.900000000000000000e+01
1.155799999999999955e+03 4.075699999999999932e+02 2.900000000000000000e+01
1.093000000000000000e+03 1.487400000000000091e+03 2.900000000000000000e+01
5.525800000000000409e+02 8.404700000000000273e+02 2.900000000000000000e+01
1.371500000000000000e+03 1.086900000000000091e+03 2.900000000000000000e+01
9.511699999999999591e+02 6.238600000000000136e+02 2.900000000000000000e+01
1.582199999999999989e+02 6.126699999999999591e+02 2.900000000000000000e+01
8.524600000000000364e+02 6.339299999999999500e+02 2.900000000000000000e+01
7.333400000000000318e+01 1.170200000000000045e+03 2.100000000000000000e+01
1.333500000000000000e+03 1.394000000000000000e+03 2.000000000000000000e+01
3.522099999999999795e+02 1.106000000000000000e+03 2.000000000000000000e+01
5.938899999999999864e+02 1.000500000000000000e+03 2.000000000000000000e+01
9.764099999999999682e+02 4.885899999999999750e+02 2.000000000000000000e+01
1.480000000000000000e+03 6.550399999999999636e+02 2.100000000000000000e+01
1.394099999999999909e+03 1.169200000000000045e+03 2.000000000000000000e+01
6.995799999999999841e+01 1.101900000000000091e+03 2.000000000000000000e+01
1.074000000000000000e+03 1.033000000000000000e+03 2.100000000000000000e+01
1.484000000000000000e+03 1.044400000000000091e+03 2.000000000000000000e+01
8.142999999999999545e+02 1.324299999999999955e+03 2.100000000000000000e+01
7.135000000000000000e+02 1.291000000000000000e+03 2.000000000000000000e+01
5.448500000000000227e+02 1.099900000000000091e+03 2.000000000000000000e+01
1.223200000000000045e+03 1.094500000000000000e+03 2.000000000000000000e+01
2.511100000000000136e+02 1.369299999999999955e+03 2.100000000000000000e+01
2.817500000000000000e+02 2.410999999999999943e+02 2.000000000000000000e+01
7.375399999999999636e+02 7.124500000000000455e+02 2.100000000000000000e+01
1.187700000000000045e+03 1.313000000000000000e+03 2.000000000000000000e+01
1.295799999999999955e+03 6.559600000000000364e+02 2.000000000000000000e+01
1.147400000000000091e+03 8.298300000000000409e+02 2.000000000000000000e+01
1.182400000000000091e+03 7.435399999999999636e+02 2.000000000000000000e+01
7.069400000000000261e+01 9.400199999999999818e+02 2.000000000000000000e+01
8.827000000000000455e+02 1.573000000000000000e+03 2.100000000000000000e+01
6.754099999999999682e+02 4.773799999999999955e+02 2.000000000000000000e+01
4.266999999999999886e+02 8.752500000000000000e+02 2.000000000000000000e+01
9.171100000000000136e+02 3.847200000000000273e+02 2.000000000000000000e+01
9.090599999999999454e+02 2.904599999999999795e+02 2.000000000000000000e+01
8.838400000000000318e+02 1.120799999999999955e+03 2.100000000000000000e+01
7.622799999999999727e+02 1.112799999999999955e+03 2.000000000000000000e+01
1.244899999999999949e+02 1.303500000000000000e+03 2.000000000000000000e+01
4.464300000000000068e+02 4.057599999999999909e+02 2.000000000000000000e+01
6.701000000000000227e+02 3.341100000000000136e+02 2.100000000000000000e+01
7.071399999999999864e+01 8.307599999999999909e+02 2.000000000000000000e+01
2.701000000000000227e+02 1.172799999999999955e+03 2.000000000000000000e+01
1.059799999999999955e+03 1.167000000000000000e+03 2.000000000000000000e+01
5.246599999999999682e+02 2.297800000000000011e+02 2.000000000000000000e+01
7.435399999999999636e+02 7.925900000000000318e+02 2.000000000000000000e+01
7.940199999999999818e+02 1.082500000000000000e+03 2.100000000000000000e+01
7.211400000000000432e+01 1.574900000000000091e+03 2.100000000000000000e+01
1.111700000000000017e+02 3.331899999999999977e+02 2.100000000000000000e+01
9.399199999999999591e+02 9.855299999999999727e+02 2.000000000000000000e+01
1.425700000000000045e+03 5.555199999999999818e+02 2.000000000000000000e+01
7.168800000000000239e+01 3.093199999999999932e+02 2.000000000000000000e+01
1.137900000000000091e+03 7.289800000000000182e+02 2.000000000000000000e+01
1.484299999999999955e+03 1.118900000000000091e+03 2.000000000000000000e+01
1.065199999999999960e+02 1.512599999999999909e+03 2.100000000000000000e+01
3.603299999999999841e+02 3.090699999999999932e+02 2.000000000000000000e+01
7.809400000000000546e+02 7.176000000000000227e+02 2.000000000000000000e+01
1.485500000000000000e+03 1.463900000000000091e+03 2.000000000000000000e+01
1.665999999999999943e+02 1.404299999999999955e+03 2.100000000000000000e+01
2.846000000000000227e+02 1.996100000000000136e+02 2.000000000000000000e+01
6.856699999999999307e+01 1.274000000000000000e+03 2.000000000000000000e+01
9.632200000000000273e+02 5.753899999999999864e+02 2.000000000000000000e+01
9.939299999999999500e+02 4.494900000000000091e+02 2.000000000000000000e+01
9.987899999999999636e+02 8.260399999999999636e+02 2.000000000000000000e+01
5.855199999999999818e+02 3.110000000000000000e+02 2.000000000000000000e+01
8.851699999999999591e+01 1.063299999999999955e+03 2.000000000000000000e+01
8.599900000000000091e+02 6.844500000000000455e+02 2.000000000000000000e+01
8.340499999999999545e+02 1.366599999999999909e+03 2.000000000000000000e+01
1.349299999999999955e+03 1.033900000000000091e+03 2.000000000000000000e+01
7.089499999999999602e+01 6.355599999999999454e+02 2.000000000000000000e+01
2.087500000000000000e+02 1.093599999999999909e+03 2.000000000000000000e+01
8.432599999999999909e+02 1.239099999999999909e+03 2.000000000000000000e+01
1.164899999999999949e+02 1.096000000000000000e+03 2.000000000000000000e+01
7.067799999999999727e+01 7.360299999999999727e+02 2.100000000000000000e+01
7.043600000000000136e+02 3.596899999999999977e+02 2.000000000000000000e+01
6.010000000000000000e+02 5.918500000000000227e+02 2.000000000000000000e+01
8.711499999999999773e+02 5.868600000000000136e+02 2.000000000000000000e+01
1.232000000000000000e+03 5.365099999999999909e+02 2.000000000000000000e+01
6.798199999999999932e+01 1.439299999999999955e+03 2.000000000000000000e+01
1.079000000000000000e+03 1.379200000000000045e+03 2.000000000000000000e+01
1.473000000000000000e+03 5.667400000000000091e+02 2.100000000000000000e+01
7.520299999999999727e+02 1.378099999999999909e+03 2.100000000000000000e+01
1.132000000000000000e+03 3.258500000000000227e+02 2.000000000000000000e+01
7.911399999999999864e+02 1.362099999999999909e+03 2.100000000000000000e+01
9.545499999999999545e+02 2.190300000000000011e+02 2.000000000000000000e+01
7.200000000000000000e+01 6.775499999999999545e+02 2.000000000000000000e+01
7.586299999999999955e+02 7.534900000000000091e+02 2.000000000000000000e+01
1.008900000000000006e+02 1.203299999999999955e+03 2.000000000000000000e+01
2.650799999999999841e+02 1.224799999999999955e+03 2.000000000000000000e+01
9.008500000000000227e+02 1.160299999999999955e+03 2.000000000000000000e+01
1.188099999999999909e+03 1.419700000000000045e+03 2.100000000000000000e+01
6.577899999999999636e+02 7.648400000000000318e+02 2.000000000000000000e+01
7.177300000000000182e+02 3.195000000000000000e+02 2.000000000000000000e+01
7.094299999999999784e+01 4.625099999999999909e+02 2.000000000000000000e+01
6.869900000000000091e+02 2.895199999999999818e+02 2.000000000000000000e+01
1.066500000000000000e+03 8.889099999999999682e+02 2.000000000000000000e+01
1.480299999999999955e+03 6.121799999999999500e+02 2.100000000000000000e+01
1.602100000000000080e+02 1.324099999999999909e+03 2.000000000000000000e+01
3.045299999999999727e+02 1.197000000000000000e+03 2.000000000000000000e+01
1.482299999999999898e+02 7.046200000000000045e+02 2.100000000000000000e+01
7.181900000000000546e+02 4.631299999999999955e+02 2.000000000000000000e+01
7.114100000000000534e+01 4.196999999999999886e+02 2.000000000000000000e+01
6.987000000000000455e+01 1.025500000000000000e+03 2.000000000000000000e+01
3.051100000000000136e+02 1.239000000000000000e+03 2.000000000000000000e+01
9.274099999999999682e+02 1.298200000000000045e+03 2.000000000000000000e+01
1.045900000000000091e+03 1.352500000000000000e+03 2.000000000000000000e+01
6.770399999999999352e+01 1.490000000000000000e+03 2.100000000000000000e+01
9.964600000000000364e+02 6.015499999999999545e+02 2.000000000000000000e+01
1.486000000000000000e+03 1.417500000000000000e+03 2.100000000000000000e+01
3.952900000000000205e+02 2.854100000000000250e+02 2.000000000000000000e+01
9.017799999999999727e+02 8.334900000000000091e+02 2.000000000000000000e+01
1.399299999999999955e+03 1.046099999999999909e+03 2.000000000000000000e+01
2.005600000000000023e+02 7.776900000000000546e+02 2.100000000000000000e+01
9.204299999999999500e+02 1.420000000000000000e+03 2.000000000000000000e+01
9.873600000000000136e+02 1.573900000000000091e+03 2.100000000000000000e+01
9.952799999999999727e+02 3.495099999999999909e+02 2.000000000000000000e+01
5.060199999999999818e+02 1.915699999999999932e+02 2.000000000000000000e+01
5.572500000000000000e+02 4.561800000000000068e+02 2.000000000000000000e+01
1.350799999999999955e+03 9.109800000000000182e+02 2.000000000000000000e+01
1.013399999999999977e+03 7.048600000000000136e+02 2.000000000000000000e+01
7.079399999999999693e+01 9.831399999999999864e+02 2.100000000000000000e+01
4.687799999999999727e+02 8.782200000000000273e+02 2.000000000000000000e+01
2.083100000000000023e+02 1.163200000000000045e+03 2.000000000000000000e+01
1.423299999999999955e+03 7.934199999999999591e+02 2.000000000000000000e+01
1.841100000000000136e+02 1.128799999999999955e+03 2.000000000000000000e+01
7.995199999999999818e+02 5.431299999999999955e+02 2.000000000000000000e+01
4.189700000000000273e+02 1.305599999999999909e+03 2.000000000000000000e+01
8.155099999999999909e+02 8.664500000000000455e+02 2.000000000000000000e+01
4.558100000000000023e+02 3.642500000000000000e+02 2.000000000000000000e+01
7.728200000000000500e+02 8.666100000000000136e+02 2.000000000000000000e+01
1.265400000000000091e+03 1.571299999999999955e+03 2.100000000000000000e+01
1.135000000000000000e+03 5.002699999999999818e+02 2.000000000000000000e+01
6.244700000000000273e+02 7.920000000000000000e+02 2.000000000000000000e+01
7.592599999999999909e+02 5.299700000000000273e+02 2.000000000000000000e+01
1.032500000000000000e+03 2.679499999999999886e+02 2.000000000000000000e+01
7.442500000000000000e+02 1.262000000000000000e+03 2.000000000000000000e+01
1.479299999999999955e+03 2.715600000000000023e+02 2.100000000000000000e+01
4.171100000000000136e+02 1.262700000000000045e+03 2.000000000000000000e+01
8.164800000000000182e+02 5.972999999999999545e+02 2.100000000000000000e+01
1.058099999999999909e+03 5.287400000000000091e+02 2.000000000000000000e+01
9.465199999999999818e+02 1.454000000000000000e+03 2.100000000000000000e+01
3.217900000000000205e+02 1.278400000000000091e+03 2.000000000000000000e+01
6.135099999999999909e+02 1.187900000000000091e+03 2.100000000000000000e+01
4.528500000000000227e+02 1.330700000000000045e+03 2.000000000000000000e+01
1.105400000000000091e+03 1.795200000000000102e+02 2.000000000000000000e+01
2.576600000000000250e+02 1.574000000000000000e+03 2.100000000000000000e+01
4.858500000000000227e+02 1.573799999999999955e+03 2.100000000000000000e+01
1.429700000000000045e+03 1.571200000000000045e+03 2.000000000000000000e+01
9.896799999999999500e+02 7.842400000000000091e+02 2.000000000000000000e+01
3.695400000000000205e+02 2.514699999999999989e+02 2.000000000000000000e+01
6.882800000000000296e+01 1.232000000000000000e+03 2.000000000000000000e+01
8.023600000000000136e+02 3.181700000000000159e+02 2.000000000000000000e+01
1.440299999999999955e+03 6.382300000000000182e+02 2.000000000000000000e+01
8.732100000000000364e+02 4.866000000000000227e+02 2.000000000000000000e+01
1.483099999999999909e+03 1.002700000000000045e+03 2.000000000000000000e+01
1.308500000000000000e+03 9.149299999999999500e+02 2.000000000000000000e+01
1.606899999999999977e+02 1.281599999999999909e+03 2.000000000000000000e+01
9.729800000000000182e+01 1.134000000000000000e+03 2.000000000000000000e+01
7.412300000000000466e+01 8.727999999999999545e+02 2.100000000000000000e+01
1.422900000000000091e+03 1.200299999999999955e+03 2.100000000000000000e+01
9.691100000000000136e+02 8.585000000000000000e+02 2.000000000000000000e+01
4.053899999999999864e+02 1.222000000000000000e+03 2.000000000000000000e+01
7.066900000000000546e+02 1.154599999999999909e+03 2.100000000000000000e+01
1.076099999999999909e+03 7.861499999999999773e+02 2.000000000000000000e+01
4.200099999999999909e+02 1.515700000000000045e+03 2.100000000000000000e+01
5.004599999999999795e+02 8.497699999999999818e+02 2.000000000000000000e+01
1.479400000000000091e+03 3.726399999999999864e+02 2.100000000000000000e+01
1.627299999999999898e+02 1.091400000000000091e+03 2.100000000000000000e+01
9.441699999999999591e+02 5.372999999999999545e+02 2.000000000000000000e+01
1.106000000000000000e+03 6.575499999999999545e+02 1.900000000000000000e+01
1.324499999999999886e+02 2.344799999999999898e+02 2.000000000000000000e+01
9.842200000000000273e+02 1.352599999999999909e+02 2.100000000000000000e+01
1.480299999999999955e+03 6.968500000000000227e+02 2.000000000000000000e+01
3.926800000000000068e+02 8.469199999999999591e+02 2.000000000000000000e+01
9.214800000000000182e+02 5.824900000000000091e+02 2.000000000000000000e+01
1.107700000000000045e+03 8.126499999999999773e+02 1.900000000000000000e+01
7.901000000000000227e+02 1.202400000000000091e+03 2.000000000000000000e+01
6.439500000000000455e+02 7.014600000000000364e+02 2.000000000000000000e+01
5.678899999999999864e+02 3.547599999999999909e+02 2.000000000000000000e+01
4.405799999999999841e+02 1.421500000000000000e+03 2.100000000000000000e+01
1.131299999999999955e+02 8.312400000000000091e+02 2.000000000000000000e+01
1.345099999999999909e+03 1.490500000000000000e+03 2.000000000000000000e+01
2.129900000000000091e+02 6.012599999999999909e+02 2.000000000000000000e+01
1.363000000000000000e+03 2.286399999999999864e+02 2.000000000000000000e+01
1.569799999999999898e+02 3.116200000000000045e+02 2.000000000000000000e+01
1.087400000000000091e+03 1.388899999999999864e+02 2.000000000000000000e+01
8.320900000000000318e+02 3.478399999999999750e+02 2.000000000000000000e+01
1.582199999999999989e+02 4.118899999999999864e+02 2.000000000000000000e+01
1.107900000000000091e+03 3.604700000000000273e+02 2.000000000000000000e+01
7.120399999999999636e+02 5.051499999999999773e+02 2.000000000000000000e+01
1.213200000000000045e+03 4.980899999999999750e+02 2.000000000000000000e+01
1.440900000000000034e+02 1.204900000000000091e+03 2.000000000000000000e+01
1.403200000000000045e+03 1.125900000000000091e+03 2.000000000000000000e+01
9.860499999999999545e+02 1.226000000000000000e+03 2.100000000000000000e+01
1.387000000000000000e+03 1.401700000000000045e+03 2.100000000000000000e+01
7.520299999999999727e+02 1.220599999999999909e+03 2.000000000000000000e+01
7.090300000000000580e+01 5.463899999999999864e+02 2.000000000000000000e+01
1.329299999999999955e+03 9.519900000000000091e+02 2.000000000000000000e+01
8.607000000000000455e+02 1.427000000000000000e+03 2.100000000000000000e+01
9.935000000000000000e+02 7.424800000000000182e+02 2.000000000000000000e+01
1.087000000000000000e+03 3.235299999999999727e+02 2.000000000000000000e+01
1.397700000000000045e+03 6.457699999999999818e+02 2.000000000000000000e+01
5.963899999999999864e+02 4.420500000000000114e+02 2.000000000000000000e+01
1.030799999999999955e+03 7.943200000000000500e+02 2.000000000000000000e+01
1.104500000000000000e+03 9.890000000000000000e+02 1.900000000000000000e+01
1.299000000000000000e+03 6.129800000000000182e+02 2.100000000000000000e+01
1.343099999999999909e+03 9.919600000000000364e+02 2.000000000000000000e+01
5.026399999999999864e+02 7.497100000000000364e+02 2.000000000000000000e+01
1.478400000000000091e+03 4.249499999999999886e+02 2.100000000000000000e+01
1.324900000000000091e+03 1.119099999999999909e+03 2.000000000000000000e+01
8.088899999999999864e+02 1.163500000000000000e+03 2.000000000000000000e+01
9.466599999999999682e+02 2.715099999999999909e+02 2.000000000000000000e+01
1.205400000000000063e+02 8.718300000000000409e+02 2.000000000000000000e+01
1.372599999999999909e+03 1.229000000000000000e+03 2.000000000000000000e+01
7.042200000000000273e+02 1.031799999999999955e+03 2.000000000000000000e+01
4.756399999999999864e+02 4.831299999999999955e+02 2.000000000000000000e+01
1.479400000000000091e+03 4.816499999999999773e+02 2.100000000000000000e+01
1.487900000000000091e+03 1.570299999999999955e+03 2.100000000000000000e+01
8.271299999999999386e+01 1.314599999999999909e+03 2.100000000000000000e+01
4.464100000000000250e+02 1.481900000000000091e+03 2.000000000000000000e+01
7.004600000000000364e+02 9.754800000000000182e+02 2.000000000000000000e+01
1.411500000000000057e+02 9.089700000000000273e+02 2.000000000000000000e+01
1.227300000000000040e+02 7.441200000000000045e+02 2.000000000000000000e+01
6.854200000000000159e+01 1.354400000000000091e+03 2.000000000000000000e+01
1.293599999999999909e+03 2.741600000000000250e+02 2.000000000000000000e+01
1.202500000000000000e+03 1.055500000000000000e+03 2.000000000000000000e+01
1.128500000000000000e+03 1.238299999999999955e+03 2.000000000000000000e+01
8.462300000000000182e+02 5.198600000000000136e+02 2.000000000000000000e+01
1.102900000000000091e+03 4.031000000000000227e+02 2.000000000000000000e+01
5.448600000000000136e+02 1.455400000000000091e+03 2.000000000000000000e+01
4.014200000000000159e+02 6.850399999999999636e+02 2.000000000000000000e+01
1.191799999999999955e+03 5.534900000000000091e+02 2.000000000000000000e+01
2.144300000000000068e+02 1.573900000000000091e+03 2.100000000000000000e+01
1.739399999999999977e+02 5.103899999999999864e+02 2.000000000000000000e+01
1.214000000000000000e+03 7.155099999999999909e+02 2.000000000000000000e+01
5.760199999999999818e+02 5.006800000000000068e+02 2.000000000000000000e+01
2.725299999999999727e+02 2.999300000000000068e+02 2.000000000000000000e+01
1.175299999999999955e+03 7.020299999999999727e+02 2.000000000000000000e+01
1.660099999999999909e+02 1.239599999999999909e+03 2.000000000000000000e+01
4.447799999999999727e+02 1.378799999999999955e+03 2.100000000000000000e+01
6.818699999999999761e+01 1.396900000000000091e+03 2.100000000000000000e+01
9.924099999999999682e+02 2.913799999999999955e+02 2.000000000000000000e+01
7.173600000000000136e+02 1.196500000000000000e+03 2.000000000000000000e+01
2.521599999999999966e+02 1.326200000000000045e+03 2.100000000000000000e+01
6.210499999999999545e+02 1.039400000000000091e+03 2.000000000000000000e+01
1.891899999999999977e+02 1.202099999999999909e+03 2.000000000000000000e+01
1.318099999999999909e+03 2.176899999999999977e+02 2.000000000000000000e+01
1.079000000000000057e+02 1.005700000000000045e+03 2.000000000000000000e+01
1.486500000000000000e+03 1.507000000000000000e+03 2.000000000000000000e+01
8.978600000000000136e+02 9.878899999999999864e+02 2.000000000000000000e+01
1.232000000000000000e+03 1.391299999999999955e+03 2.000000000000000000e+01
5.991299999999999955e+02 6.924400000000000546e+02 2.000000000000000000e+01
2.339499999999999886e+02 1.196599999999999909e+03 2.000000000000000000e+01
1.478799999999999955e+03 2.274199999999999875e+02 2.100000000000000000e+01
1.484400000000000091e+03 1.204099999999999909e+03 2.000000000000000000e+01
1.441000000000000000e+03 1.046400000000000091e+03 2.000000000000000000e+01
7.614600000000000364e+02 9.081900000000000546e+02 2.000000000000000000e+01
1.220500000000000000e+03 1.572500000000000000e+03 2.100000000000000000e+01
1.378500000000000000e+03 3.260600000000000023e+02 2.000000000000000000e+01
1.223299999999999955e+03 1.529700000000000045e+03 2.100000000000000000e+01
1.385099999999999909e+02 7.969500000000000455e+02 2.000000000000000000e+01
1.361500000000000000e+03 8.530700000000000500e+02 2.000000000000000000e+01
1.103299999999999955e+03 7.538600000000000136e+02 2.000000000000000000e+01
1.181200000000000045e+03 9.231799999999999500e+02 2.000000000000000000e+01
4.079200000000000159e+02 3.870699999999999932e+02 2.000000000000000000e+01
1.482200000000000045e+03 8.571799999999999500e+02 2.000000000000000000e+01
4.307099999999999795e+02 2.609700000000000273e+02 2.100000000000000000e+01
7.182299999999999329e+01 2.047700000000000102e+02 2.100000000000000000e+01
1.485500000000000000e+03 1.304299999999999955e+03 2.100000000000000000e+01
8.380700000000000500e+02 5.613500000000000227e+02 2.000000000000000000e+01
1.478599999999999909e+03 1.161500000000000000e+03 2.000000000000000000e+01
1.046099999999999909e+03 6.789099999999999682e+02 2.000000000000000000e+01
1.440500000000000000e+03 8.464500000000000455e+02 2.100000000000000000e+01
8.990199999999999818e+02 1.031000000000000000e+03 2.100000000000000000e+01
1.138000000000000000e+03 9.103899999999999864e+02 2.000000000000000000e+01
2.232400000000000091e+02 1.531900000000000091e+03 2.100000000000000000e+01
1.305000000000000000e+03 1.427000000000000000e+03 2.100000000000000000e+01
1.131200000000000045e+02 1.962700000000000102e+02 2.000000000000000000e+01
3.065199999999999818e+02 1.572900000000000091e+03 2.000000000000000000e+01
6.870099999999999909e+02 1.574000000000000000e+03 2.100000000000000000e+01
1.231200000000000045e+02 1.168000000000000000e+03 2.000000000000000000e+01
9.153500000000000227e+02 1.894000000000000057e+02 1.900000000000000000e+01
1.657100000000000080e+02 1.166900000000000091e+03 2.000000000000000000e+01
6.212500000000000000e+02 1.392000000000000000e+03 2.000000000000000000e+01
1.066400000000000006e+02 6.123400000000000318e+02 2.000000000000000000e+01
1.249099999999999909e+03 8.104199999999999591e+02 2.000000000000000000e+01
1.357700000000000045e+03 1.530700000000000045e+03 2.100000000000000000e+01
1.382000000000000000e+03 1.007399999999999977e+03 2.000000000000000000e+01
9.793099999999999454e+02 1.135000000000000000e+03 2.000000000000000000e+01
8.224500000000000455e+02 1.050500000000000000e+03 2.000000000000000000e+01
4.137400000000000091e+02 1.348500000000000000e+03 2.100000000000000000e+01
7.117899999999999636e+02 1.392299999999999955e+03 2.000000000000000000e+01
1.726500000000000057e+02 1.574099999999999909e+03 2.000000000000000000e+01
9.399600000000000364e+02 1.568099999999999909e+03 2.100000000000000000e+01
1.063599999999999909e+03 1.123400000000000091e+03 1.900000000000000000e+01
1.444599999999999909e+03 1.134900000000000091e+03 2.000000000000000000e+01
6.457100000000000364e+02 1.393000000000000114e+02 2.000000000000000000e+01
1.393500000000000000e+03 9.070199999999999818e+02 2.000000000000000000e+01
7.834099999999999682e+02 1.548500000000000000e+03 2.100000000000000000e+01
1.309200000000000045e+03 1.513299999999999955e+03 2.100000000000000000e+01
1.336599999999999909e+03 1.301999999999999886e+02 2.100000000000000000e+01
8.336299999999999955e+02 1.197900000000000091e+03 2.000000000000000000e+01
2.699800000000000182e+02 8.923500000000000227e+02 2.000000000000000000e+01
1.062400000000000091e+03 1.863100000000000023e+02 2.000000000000000000e+01
1.401700000000000045e+03 1.458299999999999955e+03 2.100000000000000000e+01
1.202200000000000045e+03 9.604800000000000182e+02 2.000000000000000000e+01
9.663999999999999773e+02 1.491700000000000045e+03 2.100000000000000000e+01
7.829700000000000273e+02 1.365999999999999943e+02 2.000000000000000000e+01
1.307900000000000091e+03 1.469299999999999955e+03 2.100000000000000000e+01
1.047000000000000000e+03 1.468500000000000000e+03 2.000000000000000000e+01
9.805200000000000671e+01 9.079700000000000273e+02 2.000000000000000000e+01
1.387500000000000000e+03 1.498500000000000000e+03 2.100000000000000000e+01
1.441500000000000000e+03 5.954800000000000182e+02 2.000000000000000000e+01
1.252799999999999955e+03 4.814599999999999795e+02 2.000000000000000000e+01
1.271400000000000091e+03 5.189099999999999682e+02 2.000000000000000000e+01
1.021700000000000045e+03 1.130500000000000000e+03 2.000000000000000000e+01
9.981200000000000045e+02 1.758000000000000114e+02 2.000000000000000000e+01
1.089400000000000091e+03 5.646299999999999955e+02 1.900000000000000000e+01
1.274099999999999909e+03 8.904800000000000182e+02 2.000000000000000000e+01
8.415800000000000409e+02 7.794199999999999591e+02 2.000000000000000000e+01
4.847799999999999727e+02 5.255399999999999636e+02 2.000000000000000000e+01
4.568299999999999841e+02 4.459499999999999886e+02 2.000000000000000000e+01
5.260000000000000000e+02 8.854800000000000182e+02 2.000000000000000000e+01
1.072299999999999955e+03 2.837500000000000000e+02 2.000000000000000000e+01
1.396200000000000045e+03 4.269200000000000159e+02 2.000000000000000000e+01
7.140999999999999659e+01 3.509700000000000273e+02 2.000000000000000000e+01
1.437299999999999955e+03 8.918899999999999864e+02 2.100000000000000000e+01
7.091800000000000637e+01 5.046100000000000136e+02 2.000000000000000000e+01
1.426299999999999955e+03 9.338099999999999454e+02 2.100000000000000000e+01
1.299700000000000045e+03 1.153900000000000091e+03 2.000000000000000000e+01
1.371099999999999909e+03 1.572400000000000091e+03 2.100000000000000000e+01
3.295699999999999932e+02 1.537900000000000091e+03 2.100000000000000000e+01
7.885499999999999545e+02 1.025500000000000000e+03 2.000000000000000000e+01
1.326400000000000091e+03 8.754800000000000182e+02 2.000000000000000000e+01
1.139200000000000045e+03 1.344299999999999955e+03 2.000000000000000000e+01
9.550099999999999909e+02 1.756999999999999886e+02 2.000000000000000000e+01
6.310199999999999818e+02 1.508500000000000000e+03 2.100000000000000000e+01
7.005399999999999636e+02 1.433099999999999909e+03 2.000000000000000000e+01
7.525399999999999636e+02 4.874300000000000068e+02 2.000000000000000000e+01
1.328799999999999955e+03 1.235000000000000000e+03 2.000000000000000000e+01
6.238600000000000136e+02 1.433599999999999909e+03 2.000000000000000000e+01
1.476299999999999955e+03 5.254099999999999682e+02 2.100000000000000000e+01
1.430400000000000091e+03 2.906999999999999886e+02 2.100000000000000000e+01
3.444700000000000273e+02 9.385599999999999454e+02 2.000000000000000000e+01
5.871599999999999682e+02 1.366099999999999909e+03 2.000000000000000000e+01
1.064400000000000091e+03 1.530200000000000045e+03 2.100000000000000000e+01
7.981699999999999591e+02 7.679400000000000546e+02 2.000000000000000000e+01
5.416499999999999773e+02 1.378599999999999909e+03 2.100000000000000000e+01
6.412100000000000364e+02 4.361499999999999773e+02 2.000000000000000000e+01
1.149599999999999909e+03 6.472500000000000000e+02 2.000000000000000000e+01
1.463099999999999909e+03 1.082200000000000045e+03 2.000000000000000000e+01
1.225799999999999955e+03 5.798400000000000318e+02 2.000000000000000000e+01
8.996200000000000045e+02 6.185399999999999636e+02 2.000000000000000000e+01
4.824300000000000068e+02 1.412000000000000000e+03 2.000000000000000000e+01
1.100599999999999909e+03 5.242300000000000182e+02 2.000000000000000000e+01
1.417199999999999989e+02 1.129400000000000091e+03 2.000000000000000000e+01
9.712799999999999727e+02 1.534299999999999955e+03 2.100000000000000000e+01
1.070700000000000045e+03 1.573400000000000091e+03 2.100000000000000000e+01
1.016500000000000000e+03 1.255000000000000000e+03 2.000000000000000000e+01
1.183500000000000000e+03 1.514700000000000045e+03 2.100000000000000000e+01
8.348899999999999864e+02 1.285099999999999909e+03 2.000000000000000000e+01
6.616699999999999591e+02 1.415000000000000000e+03 2.100000000000000000e+01
1.078900000000000091e+03 4.873899999999999864e+02 2.000000000000000000e+01
1.175099999999999909e+03 5.151699999999999591e+02 2.000000000000000000e+01
9.428600000000000136e+02 1.352500000000000000e+02 2.100000000000000000e+01
1.446400000000000091e+03 1.319700000000000045e+03 2.100000000000000000e+01
5.241799999999999500e+02 1.417799999999999955e+03 2.100000000000000000e+01
6.729099999999999682e+02 1.374099999999999909e+03 2.100000000000000000e+01
4.937699999999999818e+02 9.129199999999999591e+02 2.000000000000000000e+01
1.362799999999999955e+03 1.138299999999999955e+03 2.000000000000000000e+01
6.869100000000000250e+01 1.532700000000000045e+03 2.100000000000000000e+01
5.621000000000000227e+02 1.188700000000000045e+03 2.000000000000000000e+01
1.333000000000000000e+03 2.563999999999999773e+02 2.000000000000000000e+01
1.644199999999999875e+02 4.689300000000000068e+02 2.000000000000000000e+01
1.611599999999999966e+02 7.618400000000000318e+02 2.000000000000000000e+01
1.028700000000000045e+03 1.564400000000000091e+03 2.100000000000000000e+01
7.575499999999999545e+02 9.489500000000000455e+02 2.000000000000000000e+01
1.381599999999999909e+03 7.858600000000000136e+02 2.000000000000000000e+01
1.420299999999999955e+03 3.324200000000000159e+02 2.000000000000000000e+01
7.448300000000000409e+01 2.474900000000000091e+02 2.100000000000000000e+01
1.420400000000000091e+03 1.084000000000000000e+03 2.000000000000000000e+01
1.142700000000000045e+03 1.504299999999999955e+03 2.100000000000000000e+01
4.071200000000000045e+02 6.437300000000000182e+02 2.000000000000000000e+01
1.017099999999999937e+02 1.465299999999999955e+03 2.100000000000000000e+01
8.565299999999999727e+02 2.490699999999999932e+02 2.000000000000000000e+01
1.235900000000000091e+03 1.907400000000000091e+02 2.000000000000000000e+01
1.400599999999999909e+03 1.540900000000000091e+03 2.100000000000000000e+01
9.590599999999999454e+02 3.723399999999999750e+02 1.900000000000000000e+01
5.041999999999999886e+02 1.312700000000000045e+03 1.900000000000000000e+01
4.552500000000000000e+02 7.207699999999999818e+02 2.000000000000000000e+01
1.478299999999999955e+03 1.795500000000000114e+02 2.100000000000000000e+01
1.935300000000000011e+02 4.374300000000000068e+02 2.000000000000000000e+01
6.849700000000000273e+02 4.363299999999999841e+02 2.000000000000000000e+01
1.136200000000000045e+03 6.868899999999999864e+02 1.900000000000000000e+01
4.384700000000000273e+02 9.770000000000000000e+02 2.000000000000000000e+01
1.436700000000000045e+03 4.126100000000000136e+02 2.000000000000000000e+01
1.443400000000000091e+03 1.469599999999999909e+03 2.100000000000000000e+01
1.440900000000000091e+03 2.082400000000000091e+02 2.100000000000000000e+01
6.115299999999999727e+02 4.024599999999999795e+02 2.000000000000000000e+01
1.437700000000000045e+03 3.707099999999999795e+02 2.100000000000000000e+01
1.403700000000000045e+03 8.666100000000000136e+02 2.000000000000000000e+01
9.835099999999999909e+02 2.505300000000000011e+02 2.100000000000000000e+01
1.438500000000000000e+03 1.653799999999999955e+02 2.100000000000000000e+01
1.395700000000000045e+03 8.255499999999999545e+02 2.000000000000000000e+01
1.731899999999999977e+02 8.814400000000000546e+02 2.000000000000000000e+01
1.191200000000000045e+03 1.313300000000000125e+02 2.000000000000000000e+01
1.398600000000000136e+02 1.484299999999999955e+03 2.000000000000000000e+01
1.277700000000000045e+03 1.783799999999999955e+02 2.100000000000000000e+01
1.458299999999999955e+03 1.540099999999999909e+03 2.100000000000000000e+01
7.180800000000000693e+01 5.883400000000000318e+02 1.900000000000000000e+01
8.578200000000000500e+02 1.163500000000000000e+03 2.000000000000000000e+01
1.429000000000000000e+03 1.510099999999999909e+03 2.100000000000000000e+01
1.218900000000000091e+03 3.281700000000000159e+02 1.900000000000000000e+01
9.369400000000000546e+02 1.137700000000000045e+03 2.000000000000000000e+01
1.479500000000000000e+03 9.000199999999999818e+02 2.000000000000000000e+01
1.442500000000000000e+03 2.505600000000000023e+02 2.000000000000000000e+01
1.026400000000000006e+02 7.076499999999999773e+02 2.000000000000000000e+01
1.402200000000000045e+03 1.889699999999999989e+02 2.000000000000000000e+01
1.405900000000000091e+03 2.305099999999999909e+02 2.000000000000000000e+01
1.435000000000000000e+03 5.148200000000000500e+02 1.900000000000000000e+01
1.461900000000000091e+03 1.304499999999999886e+02 2.100000000000000000e+01
1.294500000000000000e+03 1.405800000000000125e+02 2.100000000000000000e+01
