1.220000000000000000e+02 1.563500000000000000e+03 3.000000000000000000e+01
1.191500000000000000e+03 1.200500000000000000e+03 2.900000000000000000e+01
4.884700000000000273e+02 1.117500000000000000e+03 2.900000000000000000e+01
1.953700000000000045e+02 1.366700000000000045e+03 3.000000000000000000e+01
7.355099999999999909e+02 1.555500000000000000e+03 3.000000000000000000e+01
2.790000000000000000e+02 1.437599999999999909e+03 3.000000000000000000e+01
7.848200000000000500e+02 1.315099999999999909e+03 2.900000000000000000e+01
5.886599999999999682e+02 8.058899999999999864e+02 2.900000000000000000e+01
8.132500000000000000e+02 1.262000000000000000e+03 2.900000000000000000e+01
1.883499999999999943e+02 6.829500000000000455e+02 2.900000000000000000e+01
1.111700000000000045e+03 1.336000000000000000e+03 2.900000000000000000e+01
8.841200000000000045e+02 1.332599999999999909e+03 2.900000000000000000e+01
4.009499999999999886e+02 1.124299999999999955e+03 2.900000000000000000e+01
3.545400000000000205e+02 1.232200000000000045e+03 2.900000000000000000e+01
1.016399999999999977e+03 1.356799999999999955e+03 2.900000000000000000e+01
7.625000000000000000e+02 1.436599999999999909e+03 3.000000000000000000e+01
8.295800000000000409e+02 1.469299999999999955e+03 2.900000000000000000e+01
2.688999999999999773e+02 1.281500000000000000e+03 2.900000000000000000e+01
1.107400000000000091e+03 1.276599999999999909e+03 2.900000000000000000e+01
4.575000000000000000e+02 1.224500000000000000e+03 2.900000000000000000e+01
3.596399999999999864e+02 8.422100000000000364e+02 2.900000000000000000e+01
1.500000000000000000e+03 8.124400000000000546e+02 2.900000000000000000e+01
9.439800000000000182e+02 1.357200000000000045e+03 3.000000000000000000e+01
8.109299999999999500e+02 4.117900000000000205e+02 2.900000000000000000e+01
1.185799999999999955e+03 1.093299999999999955e+03 2.900000000000000000e+01
5.996599999999999682e+02 1.764900000000000091e+02 2.900000000000000000e+01
6.442100000000000364e+02 1.346400000000000091e+03 2.900000000000000000e+01
9.069600000000000364e+02 1.217000000000000000e+03 2.900000000000000000e+01
3.755899999999999750e+02 1.565900000000000091e+03 3.000000000000000000e+01
4.538299999999999841e+02 1.165299999999999955e+03 2.900000000000000000e+01
1.925099999999999909e+02 9.456100000000000136e+02 2.900000000000000000e+01
6.645399999999999636e+02 6.024700000000000273e+02 2.900000000000000000e+01
1.255599999999999909e+03 1.232500000000000000e+03 2.900000000000000000e+01
1.128500000000000000e+03 1.206000000000000000e+03 2.900000000000000000e+01
6.475599999999999454e+02 1.243500000000000000e+03 2.900000000000000000e+01
8.440000000000000000e+02 7.397500000000000000e+02 2.900000000000000000e+01
1.814699999999999989e+02 1.457000000000000000e+03 2.900000000000000000e+01
1.445599999999999909e+03 1.366099999999999909e+03 2.900000000000000000e+01
4.949399999999999977e+02 1.462299999999999955e+03 2.900000000000000000e+01
2.985199999999999818e+02 4.175199999999999818e+02 2.900000000000000000e+01
1.193900000000000006e+02 1.358299999999999955e+03 2.900000000000000000e+01
2.996399999999999864e+02 1.106500000000000000e+03 2.900000000000000000e+01
3.841100000000000136e+02 1.181400000000000091e+03 2.900000000000000000e+01
1.405400000000000091e+03 9.708899999999999864e+02 2.900000000000000000e+01
4.147699999999999818e+02 3.582699999999999818e+02 2.900000000000000000e+01
5.599800000000000182e+02 1.325700000000000045e+03 2.900000000000000000e+01
1.266299999999999955e+03 1.174799999999999955e+03 2.900000000000000000e+01
4.787099999999999795e+02 1.523900000000000091e+03 2.900000000000000000e+01
1.381500000000000000e+03 1.353000000000000000e+03 2.900000000000000000e+01
9.712500000000000000e+02 1.044900000000000091e+03 2.900000000000000000e+01
8.686799999999999500e+02 1.019000000000000000e+03 2.900000000000000000e+01
2.746499999999999773e+02 1.526500000000000000e+03 2.900000000000000000e+01
8.130499999999999545e+02 2.655000000000000000e+02 2.900000000000000000e+01
3.572900000000000205e+02 1.004700000000000045e+03 2.900000000000000000e+01
9.815399999999999636e+02 1.405500000000000000e+03 3.000000000000000000e+01
5.977300000000000182e+02 9.109900000000000091e+02 2.900000000000000000e+01
7.300399999999999636e+02 1.115000000000000000e+03 3.000000000000000000e+01
5.583400000000000318e+02 2.972900000000000205e+02 2.900000000000000000e+01
8.800299999999999727e+02 8.978200000000000500e+02 2.900000000000000000e+01
9.713899999999999579e+01 7.945700000000000500e+02 2.900000000000000000e+01
1.309299999999999955e+03 1.273099999999999909e+03 2.900000000000000000e+01
5.269299999999999500e+02 1.072000000000000000e+03 2.900000000000000000e+01
1.281900000000000091e+03 1.506700000000000045e+03 2.900000000000000000e+01
2.514499999999999886e+02 1.072000000000000000e+03 2.900000000000000000e+01
3.009900000000000091e+02 8.594600000000000364e+02 2.900000000000000000e+01
9.721599999999999682e+02 1.196400000000000091e+03 2.900000000000000000e+01
7.695599999999999454e+02 1.068500000000000000e+03 2.900000000000000000e+01
5.355499999999999545e+02 1.506500000000000000e+03 3.000000000000000000e+01
1.099900000000000091e+03 1.438500000000000000e+03 2.900000000000000000e+01
5.876699999999999591e+02 1.241299999999999955e+03 2.900000000000000000e+01
4.350000000000000000e+02 1.566000000000000000e+03 3.000000000000000000e+01
7.834299999999999500e+02 4.639399999999999977e+02 2.900000000000000000e+01
1.058599999999999909e+03 1.309700000000000045e+03 2.900000000000000000e+01
1.229799999999999955e+03 1.478000000000000000e+03 3.000000000000000000e+01
1.034500000000000000e+03 8.868099999999999454e+02 2.900000000000000000e+01
5.530199999999999818e+02 1.013399999999999977e+03 2.900000000000000000e+01
8.355000000000000000e+02 1.566099999999999909e+03 2.900000000000000000e+01
7.222599999999999909e+02 1.481599999999999909e+03 2.900000000000000000e+01
1.155000000000000000e+03 2.465500000000000114e+02 2.900000000000000000e+01
5.332899999999999636e+02 1.156299999999999955e+03 2.900000000000000000e+01
1.047799999999999955e+03 1.407599999999999909e+03 2.900000000000000000e+01
1.458099999999999909e+03 1.000500000000000000e+03 2.900000000000000000e+01
5.347999999999999545e+02 1.269599999999999909e+03 2.900000000000000000e+01
1.202200000000000045e+03 1.025200000000000045e+03 2.900000000000000000e+01
1.006299999999999955e+03 9.826799999999999500e+02 2.900000000000000000e+01
1.292000000000000000e+03 3.608399999999999750e+02 2.900000000000000000e+01
1.499599999999999909e+03 7.532200000000000273e+02 2.900000000000000000e+01
5.960800000000000409e+02 1.154500000000000000e+03 2.900000000000000000e+01
8.760599999999999454e+02 9.589500000000000455e+02 2.900000000000000000e+01
7.425399999999999636e+02 8.514800000000000182e+02 2.900000000000000000e+01
1.752199999999999989e+02 2.910099999999999909e+02 2.900000000000000000e+01
3.403100000000000023e+02 1.063000000000000000e+03 2.900000000000000000e+01
1.366299999999999955e+03 4.419800000000000182e+02 2.900000000000000000e+01
9.361100000000000136e+02 9.516299999999999955e+02 2.900000000000000000e+01
5.615499999999999545e+02 5.688600000000000136e+02 2.900000000000000000e+01
4.705000000000000000e+02 1.283000000000000000e+03 2.900000000000000000e+01
3.083199999999999932e+02 4.890099999999999909e+02 2.900000000000000000e+01
7.410199999999999818e+02 2.605400000000000205e+02 2.900000000000000000e+01
6.790000000000000000e+02 6.740099999999999909e+02 3.000000000000000000e+01
7.735199999999999818e+02 3.099800000000000182e+02 2.900000000000000000e+01
9.995399999999999636e+02 1.300000000000000000e+03 2.900000000000000000e+01
1.031000000000000000e+03 1.038500000000000000e+03 2.900000000000000000e+01
7.282100000000000364e+02 9.384600000000000364e+02 2.900000000000000000e+01
1.735699999999999932e+02 1.523200000000000045e+03 3.000000000000000000e+01
1.341599999999999909e+03 1.564200000000000045e+03 2.900000000000000000e+01
1.287900000000000091e+03 2.521699999999999875e+02 2.900000000000000000e+01
6.842300000000000182e+02 8.433999999999999773e+02 2.900000000000000000e+01
7.192899999999999636e+02 7.619299999999999500e+02 2.900000000000000000e+01
1.150000000000000000e+03 1.404500000000000000e+03 2.900000000000000000e+01
8.445800000000000409e+02 4.680000000000000000e+02 2.900000000000000000e+01
8.884900000000000091e+02 1.081400000000000091e+03 2.900000000000000000e+01
3.040199999999999818e+02 1.330000000000000000e+03 3.000000000000000000e+01
1.161299999999999955e+03 1.301799999999999955e+03 2.900000000000000000e+01
3.294499999999999886e+02 1.158500000000000000e+03 2.900000000000000000e+01
9.256699999999999591e+02 6.850399999999999636e+02 2.900000000000000000e+01
1.108000000000000000e+03 7.225199999999999818e+02 2.900000000000000000e+01
1.123799999999999955e+03 1.102900000000000091e+03 2.900000000000000000e+01
6.741399999999999864e+02 9.619700000000000273e+02 3.000000000000000000e+01
1.505500000000000000e+03 1.259099999999999909e+03 2.900000000000000000e+01
1.871100000000000136e+02 8.391499999999999773e+02 2.900000000000000000e+01
9.015700000000000500e+02 1.467299999999999955e+03 2.900000000000000000e+01
3.979900000000000091e+02 2.340600000000000023e+02 2.900000000000000000e+01
1.020500000000000000e+03 4.205600000000000023e+02 2.900000000000000000e+01
6.745099999999999909e+02 1.021000000000000000e+03 2.900000000000000000e+01
5.319900000000000091e+02 3.490000000000000000e+02 2.900000000000000000e+01
1.016000000000000000e+03 5.573500000000000227e+02 2.900000000000000000e+01
1.135400000000000091e+03 3.024800000000000182e+02 2.900000000000000000e+01
1.323700000000000045e+03 1.027900000000000091e+03 2.900000000000000000e+01
9.887500000000000000e+02 9.256399999999999864e+02 2.900000000000000000e+01
1.197099999999999937e+02 9.602000000000000455e+02 2.900000000000000000e+01
9.789600000000000364e+02 7.106799999999999500e+02 2.900000000000000000e+01
2.485800000000000125e+02 8.304900000000000091e+02 2.900000000000000000e+01
4.865000000000000000e+02 2.845099999999999909e+02 2.900000000000000000e+01
3.635600000000000023e+02 1.348500000000000000e+03 2.900000000000000000e+01
5.711799999999999500e+02 2.278499999999999943e+02 2.900000000000000000e+01
7.766399999999999864e+02 1.173200000000000045e+03 2.900000000000000000e+01
7.367200000000000273e+02 1.349900000000000091e+03 2.900000000000000000e+01
1.494500000000000000e+03 3.454399999999999977e+02 2.900000000000000000e+01
1.222799999999999955e+03 6.763899999999999864e+02 2.900000000000000000e+01
1.424099999999999909e+03 1.310400000000000091e+03 2.900000000000000000e+01
1.502200000000000045e+03 9.578500000000000227e+02 2.900000000000000000e+01
2.364699999999999989e+02 1.480500000000000000e+03 3.000000000000000000e+01
1.022000000000000000e+03 6.701799999999999500e+02 2.900000000000000000e+01
4.176299999999999955e+02 1.789600000000000080e+02 2.900000000000000000e+01
7.785900000000000318e+02 1.501000000000000000e+03 2.900000000000000000e+01
1.159599999999999937e+02 1.418299999999999955e+03 2.900000000000000000e+01
1.073099999999999909e+03 1.226700000000000045e+03 2.900000000000000000e+01
1.194700000000000045e+03 4.864700000000000273e+02 2.900000000000000000e+01
1.315299999999999955e+03 1.332400000000000091e+03 2.900000000000000000e+01
8.510399999999999636e+02 1.128400000000000091e+03 2.900000000000000000e+01
1.248400000000000091e+03 7.831100000000000136e+02 2.900000000000000000e+01
1.168400000000000091e+03 9.751000000000000227e+02 2.900000000000000000e+01
2.910299999999999727e+02 1.026700000000000045e+03 2.900000000000000000e+01
1.281500000000000000e+03 1.446500000000000000e+03 2.900000000000000000e+01
8.665000000000000000e+02 1.515799999999999955e+03 3.000000000000000000e+01
1.367599999999999909e+03 1.197000000000000000e+03 2.900000000000000000e+01
6.764299999999999500e+02 1.139500000000000000e+03 2.900000000000000000e+01
4.420699999999999932e+02 1.081700000000000045e+03 2.900000000000000000e+01
9.261000000000000227e+02 1.521900000000000091e+03 3.000000000000000000e+01
2.342599999999999909e+02 1.005100000000000023e+03 2.900000000000000000e+01
5.871299999999999955e+02 1.534900000000000091e+03 3.000000000000000000e+01
3.095699999999999932e+02 6.824500000000000455e+02 2.900000000000000000e+01
1.022500000000000000e+03 1.515900000000000091e+03 2.900000000000000000e+01
1.331500000000000000e+03 7.241000000000000227e+02 2.900000000000000000e+01
6.634900000000000091e+02 9.029900000000000091e+02 2.900000000000000000e+01
2.063000000000000114e+02 3.442400000000000091e+02 2.900000000000000000e+01
5.125599999999999454e+02 6.571299999999999955e+02 2.900000000000000000e+01
8.002299999999999613e+01 1.834900000000000091e+02 2.900000000000000000e+01
3.318199999999999932e+02 9.103300000000000409e+02 2.900000000000000000e+01
9.398799999999999955e+02 8.915099999999999909e+02 2.900000000000000000e+01
1.875999999999999943e+02 5.814700000000000273e+02 2.900000000000000000e+01
1.302000000000000000e+03 1.391200000000000045e+03 2.900000000000000000e+01
6.825399999999999636e+02 1.079000000000000000e+03 2.900000000000000000e+01
6.780099999999999909e+02 1.298799999999999955e+03 2.900000000000000000e+01
2.354600000000000080e+02 2.920299999999999727e+02 2.900000000000000000e+01
5.558700000000000045e+02 9.539099999999999682e+02 2.900000000000000000e+01
4.139900000000000091e+02 1.028700000000000045e+03 2.900000000000000000e+01
1.297799999999999955e+03 1.125000000000000000e+03 2.900000000000000000e+01
6.165499999999999545e+02 1.294000000000000000e+03 2.900000000000000000e+01
1.955399999999999920e+02 1.050299999999999955e+03 2.900000000000000000e+01
1.457000000000000000e+03 7.004900000000000091e+02 2.900000000000000000e+01
3.153399999999999750e+02 3.550799999999999841e+02 2.900000000000000000e+01
1.128799999999999955e+03 8.836299999999999955e+02 2.900000000000000000e+01
2.156800000000000068e+02 4.159599999999999795e+02 2.900000000000000000e+01
5.153200000000000500e+02 1.213200000000000045e+03 2.900000000000000000e+01
7.681399999999999864e+02 3.705500000000000114e+02 2.900000000000000000e+01
1.297000000000000000e+03 5.920000000000000000e+02 2.900000000000000000e+01
4.961999999999999886e+02 1.363099999999999909e+03 2.900000000000000000e+01
1.301500000000000000e+03 4.275000000000000000e+02 2.900000000000000000e+01
8.162200000000000273e+02 5.201399999999999864e+02 2.900000000000000000e+01
7.211599999999999682e+02 6.318899999999999864e+02 2.900000000000000000e+01
3.740799999999999841e+02 1.289200000000000045e+03 2.900000000000000000e+01
7.142300000000000182e+02 1.250299999999999955e+03 2.900000000000000000e+01
3.110899999999999750e+02 7.414500000000000455e+02 2.900000000000000000e+01
1.280000000000000000e+03 1.068200000000000045e+03 2.900000000000000000e+01
2.077800000000000011e+02 1.811599999999999966e+02 2.900000000000000000e+01
1.195000000000000000e+03 3.746100000000000136e+02 2.900000000000000000e+01
1.007200000000000045e+03 1.093299999999999955e+03 2.900000000000000000e+01
9.034800000000000182e+02 3.645199999999999818e+02 2.900000000000000000e+01
7.391900000000000546e+02 1.742100000000000080e+02 2.900000000000000000e+01
1.076000000000000000e+03 9.993899999999999864e+02 2.900000000000000000e+01
2.304199999999999875e+02 8.874900000000000091e+02 2.900000000000000000e+01
2.579399999999999977e+02 6.536000000000000227e+02 2.900000000000000000e+01
8.380299999999999727e+02 1.745300000000000011e+02 2.900000000000000000e+01
3.638700000000000045e+02 3.885500000000000114e+02 2.900000000000000000e+01
1.462599999999999909e+03 1.422400000000000091e+03 2.900000000000000000e+01
1.014799999999999955e+03 1.457200000000000045e+03 2.900000000000000000e+01
1.215500000000000000e+03 8.330000000000000000e+02 2.900000000000000000e+01
3.503399999999999750e+02 1.434700000000000045e+03 2.900000000000000000e+01
1.344599999999999909e+03 3.868399999999999750e+02 2.900000000000000000e+01
8.045399999999999636e+02 8.289600000000000364e+02 2.900000000000000000e+01
5.650099999999999909e+02 7.502899999999999636e+02 2.900000000000000000e+01
2.473799999999999955e+02 1.133799999999999955e+03 2.900000000000000000e+01
4.086499999999999773e+02 4.600600000000000023e+02 2.900000000000000000e+01
8.653999999999999773e+02 8.395900000000000318e+02 2.900000000000000000e+01
4.797599999999999909e+02 1.035700000000000045e+03 2.900000000000000000e+01
1.164599999999999909e+03 5.741000000000000227e+02 2.900000000000000000e+01
8.979199999999999591e+02 1.718400000000000034e+02 2.900000000000000000e+01
8.711900000000000546e+02 4.148799999999999955e+02 2.900000000000000000e+01
8.194600000000000364e+02 9.858600000000000136e+02 2.900000000000000000e+01
1.214900000000000091e+03 1.145000000000000000e+03 2.900000000000000000e+01
8.261900000000000546e+02 9.274099999999999682e+02 2.900000000000000000e+01
1.060700000000000045e+03 7.601799999999999500e+02 2.900000000000000000e+01
8.937500000000000000e+02 1.391400000000000091e+03 2.900000000000000000e+01
5.650399999999999636e+02 6.285499999999999545e+02 2.900000000000000000e+01
6.782100000000000364e+02 4.091700000000000159e+02 2.900000000000000000e+01
1.435599999999999909e+03 7.562100000000000364e+02 2.900000000000000000e+01
4.202200000000000273e+02 7.559900000000000091e+02 2.900000000000000000e+01
1.390200000000000045e+03 4.960500000000000114e+02 2.900000000000000000e+01
9.031200000000000045e+02 7.393799999999999955e+02 2.900000000000000000e+01
5.944800000000000182e+02 1.475500000000000000e+03 2.900000000000000000e+01
6.396799999999999500e+02 2.178899999999999864e+02 2.900000000000000000e+01
1.506099999999999909e+03 1.370500000000000000e+03 2.900000000000000000e+01
1.065799999999999955e+03 1.087099999999999909e+03 2.900000000000000000e+01
2.614800000000000182e+02 5.935900000000000318e+02 2.900000000000000000e+01
9.629800000000000182e+02 8.250000000000000000e+02 2.900000000000000000e+01
1.147299999999999955e+03 1.047700000000000045e+03 2.900000000000000000e+01
1.146500000000000000e+03 1.754799999999999898e+02 2.900000000000000000e+01
1.408000000000000000e+03 3.997699999999999818e+02 2.900000000000000000e+01
6.249400000000000546e+02 8.576799999999999500e+02 2.900000000000000000e+01
6.154099999999999682e+02 9.675199999999999818e+02 2.900000000000000000e+01
8.165000000000000000e+02 1.411000000000000000e+03 2.900000000000000000e+01
1.227000000000000000e+03 2.623600000000000136e+02 2.900000000000000000e+01
5.149400000000000546e+02 7.170499999999999545e+02 2.900000000000000000e+01
9.601200000000000045e+02 3.477400000000000091e+02 2.900000000000000000e+01
8.594700000000000273e+02 3.238399999999999750e+02 2.900000000000000000e+01
7.644199999999999591e+02 6.740599999999999454e+02 2.900000000000000000e+01
5.375499999999999545e+02 1.565599999999999909e+03 3.000000000000000000e+01
1.119900000000000091e+03 1.554799999999999955e+03 3.000000000000000000e+01
1.137000000000000000e+03 6.266499999999999773e+02 2.900000000000000000e+01
5.876499999999999773e+02 1.063299999999999955e+03 2.900000000000000000e+01
6.384800000000000182e+02 1.565000000000000000e+03 2.900000000000000000e+01
9.044800000000000182e+02 1.276599999999999909e+03 2.900000000000000000e+01
1.075099999999999909e+03 4.547799999999999727e+02 2.900000000000000000e+01
9.464700000000000273e+02 5.067799999999999727e+02 2.900000000000000000e+01
1.205600000000000023e+02 5.842699999999999818e+02 2.900000000000000000e+01
1.307799999999999955e+03 7.790199999999999818e+02 2.900000000000000000e+01
1.111099999999999909e+03 9.491399999999999864e+02 2.900000000000000000e+01
4.470699999999999932e+02 5.716100000000000136e+02 2.900000000000000000e+01
3.977099999999999795e+02 1.398000000000000000e+03 2.900000000000000000e+01
3.104100000000000250e+02 8.009400000000000546e+02 2.900000000000000000e+01
1.196599999999999909e+03 6.234299999999999500e+02 2.900000000000000000e+01
3.271899999999999977e+02 1.797700000000000102e+02 2.900000000000000000e+01
4.304700000000000273e+02 5.149199999999999591e+02 2.900000000000000000e+01
3.237300000000000182e+02 6.240399999999999636e+02 2.900000000000000000e+01
3.671800000000000068e+02 5.024900000000000091e+02 2.900000000000000000e+01
1.366599999999999966e+02 1.053000000000000000e+03 2.900000000000000000e+01
1.353700000000000045e+03 3.273700000000000045e+02 2.900000000000000000e+01
1.157799999999999955e+03 1.463200000000000045e+03 2.900000000000000000e+01
4.048299999999999841e+02 9.703099999999999454e+02 2.900000000000000000e+01
3.127500000000000000e+02 1.388000000000000000e+03 3.000000000000000000e+01
7.002300000000000182e+02 2.179399999999999977e+02 2.900000000000000000e+01
7.298200000000000500e+02 5.745299999999999727e+02 2.900000000000000000e+01
3.673000000000000114e+02 7.839199999999999591e+02 2.900000000000000000e+01
1.190600000000000023e+02 4.662799999999999727e+02 2.900000000000000000e+01
7.402699999999999818e+02 4.236200000000000045e+02 2.900000000000000000e+01
9.101000000000000227e+02 4.600799999999999841e+02 2.900000000000000000e+01
1.048099999999999909e+03 5.079700000000000273e+02 2.900000000000000000e+01
1.167200000000000045e+03 7.977400000000000091e+02 2.900000000000000000e+01
8.221000000000000227e+02 6.840599999999999454e+02 2.900000000000000000e+01
3.075600000000000023e+02 9.694700000000000273e+02 2.900000000000000000e+01
4.004300000000000068e+02 6.167500000000000000e+02 2.900000000000000000e+01
9.601200000000000045e+02 1.255200000000000045e+03 2.900000000000000000e+01
1.415900000000000091e+03 6.122400000000000091e+02 2.900000000000000000e+01
1.248400000000000091e+03 4.018700000000000045e+02 2.900000000000000000e+01
4.569700000000000273e+02 2.333000000000000114e+02 2.900000000000000000e+01
4.718100000000000023e+02 3.425400000000000205e+02 2.900000000000000000e+01
6.205199999999999818e+02 6.633400000000000318e+02 2.900000000000000000e+01
6.272100000000000364e+02 7.611000000000000227e+02 2.900000000000000000e+01
1.031900000000000091e+03 1.185599999999999909e+03 2.900000000000000000e+01
3.711399999999999864e+02 1.506900000000000091e+03 3.000000000000000000e+01
1.045400000000000091e+03 3.435899999999999750e+02 2.900000000000000000e+01
7.805099999999999909e+02 2.160399999999999920e+02 2.900000000000000000e+01
9.062400000000000091e+02 7.974500000000000455e+02 2.900000000000000000e+01
6.815399999999999636e+02 1.524299999999999955e+03 2.900000000000000000e+01
2.378300000000000125e+02 2.332199999999999989e+02 2.900000000000000000e+01
9.567300000000000182e+02 7.659099999999999682e+02 2.900000000000000000e+01
1.354099999999999909e+03 8.172599999999999909e+02 2.900000000000000000e+01
3.678799999999999955e+02 6.648999999999999773e+02 2.900000000000000000e+01
5.241699999999999591e+02 8.181000000000000227e+02 2.900000000000000000e+01
4.054599999999999795e+02 1.456900000000000091e+03 2.900000000000000000e+01
1.100000000000000000e+02 4.080899999999999750e+02 2.900000000000000000e+01
9.452799999999999727e+02 1.098500000000000000e+03 2.900000000000000000e+01
1.251900000000000091e+03 1.293000000000000000e+03 2.900000000000000000e+01
6.718799999999999955e+02 2.701700000000000159e+02 2.900000000000000000e+01
4.655400000000000205e+02 8.487599999999999909e+02 2.900000000000000000e+01
1.770800000000000125e+02 2.320000000000000000e+02 2.900000000000000000e+01
9.099400000000000546e+02 5.549800000000000182e+02 2.900000000000000000e+01
1.204000000000000000e+03 1.378599999999999909e+03 2.900000000000000000e+01
1.080700000000000045e+03 8.496599999999999682e+02 2.900000000000000000e+01
5.093199999999999932e+02 5.981799999999999500e+02 2.900000000000000000e+01
1.075099999999999909e+03 3.965500000000000114e+02 2.900000000000000000e+01
1.455900000000000091e+03 4.818000000000000114e+02 2.900000000000000000e+01
1.310900000000000091e+03 8.592899999999999636e+02 2.900000000000000000e+01
3.297400000000000091e+02 5.647100000000000364e+02 2.900000000000000000e+01
6.423200000000000500e+02 3.223199999999999932e+02 2.900000000000000000e+01
1.342000000000000000e+03 5.387100000000000364e+02 2.900000000000000000e+01
2.578199999999999932e+02 7.721699999999999591e+02 2.900000000000000000e+01
1.255700000000000045e+03 9.376499999999999773e+02 2.900000000000000000e+01
1.398200000000000045e+03 7.070399999999999636e+02 2.900000000000000000e+01
1.305500000000000000e+03 9.703300000000000409e+02 2.900000000000000000e+01
1.399900000000000091e+03 5.544800000000000182e+02 2.900000000000000000e+01
1.093000000000000000e+03 2.602799999999999727e+02 2.900000000000000000e+01
1.406200000000000045e+03 2.982300000000000182e+02 2.900000000000000000e+01
6.273200000000000500e+02 3.799499999999999886e+02 2.900000000000000000e+01
2.175099999999999909e+02 1.249099999999999909e+03 2.900000000000000000e+01
1.178799999999999955e+03 1.564799999999999955e+03 2.900000000000000000e+01
1.155400000000000063e+02 1.256400000000000091e+03 2.900000000000000000e+01
1.370900000000000091e+03 6.538999999999999773e+02 2.900000000000000000e+01
6.208600000000000136e+02 5.630099999999999909e+02 2.900000000000000000e+01
1.310599999999999909e+03 1.214599999999999909e+03 2.900000000000000000e+01
1.376400000000000091e+03 7.619600000000000364e+02 2.900000000000000000e+01
4.778100000000000023e+02 1.774199999999999875e+02 2.900000000000000000e+01
1.060400000000000091e+03 5.964600000000000364e+02 2.900000000000000000e+01
3.167400000000000091e+02 1.483900000000000091e+03 2.900000000000000000e+01
1.201500000000000000e+03 1.260099999999999909e+03 2.900000000000000000e+01
1.322500000000000000e+03 4.823899999999999864e+02 2.900000000000000000e+01
3.229399999999999977e+02 2.970799999999999841e+02 2.900000000000000000e+01
1.051299999999999955e+03 9.434400000000000546e+02 2.900000000000000000e+01
1.251700000000000045e+03 1.669300000000000068e+02 2.900000000000000000e+01
1.445500000000000114e+02 1.829600000000000080e+02 2.900000000000000000e+01
5.327899999999999636e+02 5.181299999999999955e+02 2.900000000000000000e+01
2.200200000000000102e+02 5.069700000000000273e+02 2.900000000000000000e+01
5.400000000000000000e+02 1.772700000000000102e+02 2.900000000000000000e+01
5.671900000000000546e+02 6.878500000000000227e+02 2.900000000000000000e+01
3.683199999999999932e+02 7.245299999999999727e+02 2.900000000000000000e+01
3.909399999999999977e+02 9.108999999999999773e+02 2.900000000000000000e+01
6.284400000000000546e+02 1.105000000000000000e+03 2.900000000000000000e+01
5.090299999999999727e+02 4.041000000000000227e+02 2.900000000000000000e+01
7.768799999999999955e+02 6.103899999999999864e+02 2.900000000000000000e+01
6.632799999999999727e+02 1.469299999999999955e+03 2.900000000000000000e+01
5.079900000000000091e+02 4.639900000000000091e+02 2.900000000000000000e+01
1.201099999999999909e+03 2.090800000000000125e+02 2.900000000000000000e+01
4.168700000000000045e+02 8.144800000000000182e+02 2.900000000000000000e+01
1.260099999999999909e+03 1.014100000000000023e+03 3.000000000000000000e+01
1.082299999999999955e+03 6.510700000000000500e+02 2.900000000000000000e+01
1.445400000000000091e+03 1.254599999999999909e+03 2.900000000000000000e+01
2.065600000000000023e+02 7.409800000000000182e+02 2.900000000000000000e+01
2.531699999999999875e+02 9.483600000000000136e+02 2.900000000000000000e+01
8.695099999999999909e+02 2.243100000000000023e+02 2.900000000000000000e+01
2.569200000000000159e+02 3.733899999999999864e+02 2.900000000000000000e+01
1.358500000000000000e+03 5.966699999999999591e+02 2.900000000000000000e+01
4.720400000000000205e+02 7.908200000000000500e+02 2.900000000000000000e+01
2.669900000000000091e+02 1.807599999999999909e+02 2.900000000000000000e+01
1.202400000000000091e+03 3.158700000000000045e+02 2.900000000000000000e+01
1.249000000000000000e+03 4.608700000000000045e+02 2.900000000000000000e+01
9.136900000000000546e+02 2.660000000000000000e+02 2.900000000000000000e+01
3.512300000000000182e+02 4.468799999999999955e+02 2.900000000000000000e+01
1.383400000000000091e+03 1.442400000000000091e+03 2.900000000000000000e+01
9.685299999999999727e+02 4.485400000000000205e+02 2.900000000000000000e+01
1.136099999999999909e+03 4.755699999999999932e+02 2.900000000000000000e+01
1.275599999999999909e+03 7.053700000000000045e+02 2.900000000000000000e+01
1.664199999999999875e+02 3.886800000000000068e+02 2.900000000000000000e+01
1.031900000000000091e+03 2.446699999999999875e+02 2.900000000000000000e+01
1.141200000000000045e+02 3.054499999999999886e+02 2.900000000000000000e+01
1.416900000000000091e+03 1.651699999999999875e+02 3.000000000000000000e+01
2.714200000000000159e+02 5.359800000000000182e+02 2.900000000000000000e+01
3.380299999999999727e+02 2.379399999999999977e+02 2.900000000000000000e+01
1.367500000000000000e+03 1.293099999999999909e+03 2.900000000000000000e+01
6.863899999999999864e+02 1.197500000000000000e+03 2.900000000000000000e+01
1.275000000000000000e+03 6.466299999999999955e+02 2.900000000000000000e+01
1.156000000000000000e+03 1.152400000000000091e+03 2.900000000000000000e+01
1.195500000000000000e+03 8.898200000000000500e+02 2.900000000000000000e+01
3.897900000000000205e+02 5.588600000000000136e+02 2.900000000000000000e+01
5.033399999999999750e+02 9.820700000000000500e+02 2.900000000000000000e+01
1.239200000000000017e+02 5.255099999999999909e+02 2.900000000000000000e+01
1.646599999999999966e+02 9.995099999999999909e+02 2.900000000000000000e+01
6.774400000000000546e+02 5.453700000000000045e+02 2.900000000000000000e+01
1.265599999999999909e+03 3.074100000000000250e+02 2.900000000000000000e+01
2.573700000000000045e+02 4.611600000000000250e+02 2.900000000000000000e+01
1.342200000000000045e+03 1.083400000000000091e+03 2.900000000000000000e+01
7.647000000000000455e+02 1.008600000000000023e+03 2.900000000000000000e+01
4.625400000000000205e+02 6.908700000000000045e+02 2.900000000000000000e+01
2.579399999999999977e+02 7.118899999999999864e+02 2.900000000000000000e+01
1.257500000000000000e+03 1.351700000000000045e+03 3.100000000000000000e+01
2.081699999999999875e+02 1.309099999999999909e+03 2.900000000000000000e+01
4.585600000000000023e+02 6.297799999999999727e+02 2.900000000000000000e+01
5.685399999999999636e+02 4.230299999999999727e+02 2.900000000000000000e+01
4.579599999999999795e+02 9.435700000000000500e+02 2.900000000000000000e+01
1.254299999999999955e+03 8.778400000000000318e+02 2.900000000000000000e+01
1.043799999999999955e+03 1.687400000000000091e+02 2.900000000000000000e+01
1.209699999999999989e+02 6.828600000000000136e+02 3.000000000000000000e+01
1.370900000000000091e+03 2.025600000000000023e+02 2.900000000000000000e+01
6.137200000000000273e+02 2.713399999999999750e+02 2.900000000000000000e+01
5.767899999999999636e+02 1.418400000000000091e+03 2.900000000000000000e+01
6.337300000000000182e+02 5.041899999999999977e+02 2.900000000000000000e+01
1.175200000000000045e+03 4.303399999999999750e+02 2.900000000000000000e+01
1.110200000000000045e+03 1.498000000000000000e+03 3.000000000000000000e+01
5.670499999999999545e+02 8.593700000000000045e+02 2.900000000000000000e+01
1.397799999999999955e+03 1.100500000000000000e+03 2.900000000000000000e+01
9.694099999999999682e+02 6.452100000000000364e+02 2.900000000000000000e+01
1.576899999999999977e+02 6.349400000000000546e+02 2.900000000000000000e+01
8.684900000000000091e+02 6.472899999999999636e+02 2.900000000000000000e+01
7.383599999999999852e+01 1.174400000000000091e+03 2.000000000000000000e+01
1.359599999999999909e+03 1.397500000000000000e+03 2.000000000000000000e+01
3.517300000000000182e+02 1.111599999999999909e+03 2.000000000000000000e+01
6.130499999999999545e+02 1.019399999999999977e+03 2.000000000000000000e+01
9.969099999999999682e+02 5.091800000000000068e+02 2.000000000000000000e+01
1.507500000000000000e+03 6.604800000000000182e+02 2.100000000000000000e+01
1.419900000000000091e+03 1.195900000000000091e+03 2.000000000000000000e+01
6.988500000000000512e+01 1.105200000000000045e+03 2.000000000000000000e+01
1.096200000000000045e+03 1.045599999999999909e+03 2.000000000000000000e+01
1.511500000000000000e+03 1.050000000000000000e+03 2.000000000000000000e+01
8.338600000000000136e+02 1.327500000000000000e+03 2.000000000000000000e+01
7.300399999999999636e+02 1.299000000000000000e+03 2.000000000000000000e+01
5.599900000000000091e+02 1.111799999999999955e+03 2.000000000000000000e+01
1.247400000000000091e+03 1.106700000000000045e+03 2.000000000000000000e+01
2.504099999999999966e+02 1.372700000000000045e+03 2.100000000000000000e+01
2.802400000000000091e+02 2.683600000000000136e+02 2.000000000000000000e+01
7.521399999999999864e+02 7.224199999999999591e+02 2.000000000000000000e+01
1.209599999999999909e+03 1.321799999999999955e+03 2.100000000000000000e+01
1.317400000000000091e+03 6.755800000000000409e+02 2.000000000000000000e+01
1.165799999999999955e+03 8.490199999999999818e+02 2.000000000000000000e+01
1.202400000000000091e+03 7.628700000000000045e+02 2.000000000000000000e+01
7.110200000000000387e+01 9.428799999999999955e+02 2.100000000000000000e+01
8.865099999999999909e+02 1.572900000000000091e+03 2.100000000000000000e+01
6.840599999999999454e+02 4.938100000000000023e+02 2.000000000000000000e+01
4.370899999999999750e+02 8.918899999999999864e+02 2.100000000000000000e+01
9.290199999999999818e+02 4.097099999999999795e+02 2.000000000000000000e+01
9.178300000000000409e+02 3.174800000000000182e+02 2.000000000000000000e+01
9.050199999999999818e+02 1.129200000000000045e+03 2.000000000000000000e+01
7.829400000000000546e+02 1.122500000000000000e+03 2.000000000000000000e+01
1.244500000000000028e+02 1.306400000000000091e+03 2.000000000000000000e+01
4.503700000000000045e+02 4.311999999999999886e+02 2.000000000000000000e+01
6.785499999999999545e+02 3.584900000000000091e+02 2.100000000000000000e+01
7.063400000000000034e+01 8.384299999999999500e+02 2.000000000000000000e+01
2.704599999999999795e+02 1.178400000000000091e+03 2.000000000000000000e+01
1.086500000000000000e+03 1.176500000000000000e+03 2.000000000000000000e+01
5.292100000000000364e+02 2.557599999999999909e+02 2.000000000000000000e+01
7.543500000000000227e+02 8.015000000000000000e+02 2.100000000000000000e+01
8.140499999999999545e+02 1.092700000000000045e+03 2.000000000000000000e+01
7.315300000000000580e+01 1.575400000000000091e+03 2.000000000000000000e+01
1.102099999999999937e+02 3.567799999999999727e+02 2.100000000000000000e+01
9.573099999999999454e+02 9.969500000000000455e+02 2.000000000000000000e+01
1.448599999999999909e+03 5.710399999999999636e+02 2.000000000000000000e+01
7.100300000000000011e+01 3.322799999999999727e+02 2.000000000000000000e+01
1.160000000000000000e+03 7.486100000000000136e+02 2.000000000000000000e+01
1.512000000000000000e+03 1.123400000000000091e+03 2.000000000000000000e+01
1.069500000000000028e+02 1.513099999999999909e+03 2.100000000000000000e+01
3.614399999999999977e+02 3.329200000000000159e+02 2.000000000000000000e+01
7.944800000000000182e+02 7.275599999999999454e+02 2.000000000000000000e+01
1.513900000000000091e+03 1.463500000000000000e+03 2.000000000000000000e+01
1.665699999999999932e+02 1.407099999999999909e+03 2.000000000000000000e+01
2.892900000000000205e+02 2.280300000000000011e+02 2.000000000000000000e+01
6.835599999999999454e+01 1.277000000000000000e+03 2.000000000000000000e+01
9.818099999999999454e+02 5.950299999999999727e+02 2.000000000000000000e+01
1.014000000000000000e+03 4.703000000000000114e+02 2.000000000000000000e+01
1.015899999999999977e+03 8.400499999999999545e+02 2.000000000000000000e+01
5.919800000000000182e+02 3.345500000000000114e+02 2.000000000000000000e+01
8.800700000000000500e+01 1.066799999999999955e+03 2.000000000000000000e+01
8.732599999999999909e+02 6.979900000000000091e+02 2.000000000000000000e+01
8.476799999999999500e+02 1.371000000000000000e+03 2.000000000000000000e+01
1.377500000000000000e+03 1.047599999999999909e+03 2.000000000000000000e+01
7.208899999999999864e+01 6.584400000000000546e+02 2.000000000000000000e+01
2.095800000000000125e+02 1.099700000000000045e+03 1.900000000000000000e+01
8.619900000000000091e+02 1.247700000000000045e+03 2.000000000000000000e+01
1.158299999999999983e+02 1.099400000000000091e+03 2.000000000000000000e+01
7.101699999999999591e+01 7.514400000000000546e+02 2.000000000000000000e+01
7.178500000000000227e+02 3.776600000000000250e+02 2.000000000000000000e+01
6.140599999999999454e+02 6.125399999999999636e+02 2.000000000000000000e+01
8.921900000000000546e+02 6.024800000000000182e+02 1.900000000000000000e+01
1.254299999999999955e+03 5.610000000000000000e+02 2.000000000000000000e+01
6.828600000000000136e+01 1.441700000000000045e+03 2.000000000000000000e+01
1.101099999999999909e+03 1.386200000000000045e+03 2.000000000000000000e+01
1.491000000000000000e+03 5.735099999999999909e+02 2.100000000000000000e+01
7.713500000000000227e+02 1.386400000000000091e+03 2.100000000000000000e+01
1.149500000000000000e+03 3.511600000000000250e+02 2.000000000000000000e+01
8.064900000000000091e+02 1.361000000000000000e+03 2.000000000000000000e+01
9.630800000000000409e+02 2.443100000000000023e+02 2.100000000000000000e+01
7.418600000000000705e+01 7.025800000000000409e+02 2.000000000000000000e+01
7.715599999999999454e+02 7.625000000000000000e+02 2.000000000000000000e+01
1.012500000000000000e+02 1.207599999999999909e+03 2.000000000000000000e+01
2.658500000000000227e+02 1.229299999999999955e+03 2.000000000000000000e+01
9.212100000000000364e+02 1.168400000000000091e+03 2.000000000000000000e+01
1.218400000000000091e+03 1.427799999999999955e+03 2.100000000000000000e+01
6.735800000000000409e+02 7.825900000000000318e+02 2.000000000000000000e+01
7.304900000000000091e+02 3.369599999999999795e+02 2.000000000000000000e+01
7.126699999999999591e+01 4.841800000000000068e+02 2.000000000000000000e+01
6.927300000000000182e+02 3.169900000000000091e+02 2.000000000000000000e+01
1.082700000000000045e+03 9.036699999999999591e+02 2.000000000000000000e+01
1.508099999999999909e+03 6.173099999999999454e+02 2.000000000000000000e+01
1.610200000000000102e+02 1.328000000000000000e+03 2.000000000000000000e+01
3.050000000000000000e+02 1.202599999999999909e+03 2.000000000000000000e+01
1.578700000000000045e+02 7.238600000000000136e+02 2.100000000000000000e+01
7.342599999999999909e+02 4.819800000000000182e+02 2.000000000000000000e+01
7.115000000000000568e+01 4.410000000000000000e+02 2.000000000000000000e+01
7.010899999999999466e+01 1.029000000000000000e+03 2.100000000000000000e+01
3.055000000000000000e+02 1.244299999999999955e+03 2.000000000000000000e+01
9.464900000000000091e+02 1.306500000000000000e+03 2.100000000000000000e+01
1.067500000000000000e+03 1.360200000000000045e+03 2.000000000000000000e+01
6.792199999999999704e+01 1.491200000000000045e+03 2.100000000000000000e+01
1.015500000000000000e+03 6.200599999999999454e+02 2.000000000000000000e+01
1.513200000000000045e+03 1.419900000000000091e+03 2.000000000000000000e+01
3.980899999999999750e+02 3.103000000000000114e+02 2.000000000000000000e+01
9.161000000000000227e+02 8.467400000000000091e+02 2.000000000000000000e+01
1.426799999999999955e+03 1.059200000000000045e+03 2.000000000000000000e+01
2.131699999999999875e+02 7.951399999999999864e+02 2.000000000000000000e+01
9.312699999999999818e+02 1.425400000000000091e+03 2.000000000000000000e+01
9.897100000000000364e+02 1.574000000000000000e+03 2.100000000000000000e+01
1.004100000000000023e+03 3.714800000000000182e+02 2.000000000000000000e+01
5.094599999999999795e+02 2.184699999999999989e+02 2.100000000000000000e+01
5.577500000000000000e+02 4.733700000000000045e+02 2.000000000000000000e+01
1.375400000000000091e+03 9.250700000000000500e+02 2.000000000000000000e+01
1.030000000000000000e+03 7.206699999999999591e+02 2.000000000000000000e+01
7.067600000000000193e+01 9.858200000000000500e+02 2.000000000000000000e+01
4.827500000000000000e+02 8.974199999999999591e+02 2.000000000000000000e+01
2.077100000000000080e+02 1.168200000000000045e+03 2.000000000000000000e+01
1.450400000000000091e+03 8.045000000000000000e+02 2.000000000000000000e+01
1.837100000000000080e+02 1.133500000000000000e+03 2.000000000000000000e+01
8.133899999999999864e+02 5.718099999999999454e+02 2.000000000000000000e+01
4.211999999999999886e+02 1.308200000000000045e+03 2.000000000000000000e+01
8.301599999999999682e+02 8.760900000000000318e+02 2.000000000000000000e+01
4.595699999999999932e+02 3.904200000000000159e+02 2.000000000000000000e+01
7.867999999999999545e+02 8.760399999999999636e+02 2.000000000000000000e+01
1.290000000000000000e+03 1.572500000000000000e+03 2.000000000000000000e+01
1.158000000000000000e+03 5.222400000000000091e+02 2.000000000000000000e+01
6.418999999999999773e+02 8.101699999999999591e+02 1.900000000000000000e+01
7.760299999999999727e+02 5.516399999999999864e+02 2.000000000000000000e+01
1.045700000000000045e+03 2.929300000000000068e+02 2.000000000000000000e+01
7.624299999999999500e+02 1.269400000000000091e+03 2.000000000000000000e+01
1.506500000000000000e+03 2.955400000000000205e+02 2.100000000000000000e+01
4.205799999999999841e+02 1.266200000000000045e+03 2.000000000000000000e+01
8.276299999999999955e+02 6.161499999999999773e+02 2.100000000000000000e+01
1.080299999999999955e+03 5.485800000000000409e+02 2.000000000000000000e+01
9.632100000000000364e+02 1.452799999999999955e+03 2.100000000000000000e+01
3.239800000000000182e+02 1.282299999999999955e+03 2.000000000000000000e+01
6.320000000000000000e+02 1.191500000000000000e+03 2.100000000000000000e+01
4.570400000000000205e+02 1.332000000000000000e+03 2.100000000000000000e+01
1.113099999999999909e+03 2.132100000000000080e+02 2.000000000000000000e+01
2.580699999999999932e+02 1.574500000000000000e+03 2.100000000000000000e+01
4.867900000000000205e+02 1.574599999999999909e+03 2.100000000000000000e+01
1.459400000000000091e+03 1.572200000000000045e+03 2.100000000000000000e+01
1.005600000000000023e+03 7.985700000000000500e+02 2.000000000000000000e+01
3.705099999999999909e+02 2.784200000000000159e+02 2.000000000000000000e+01
6.898099999999999454e+01 1.234500000000000000e+03 2.000000000000000000e+01
8.117500000000000000e+02 3.444900000000000091e+02 2.000000000000000000e+01
1.466500000000000000e+03 6.504900000000000091e+02 2.000000000000000000e+01
8.917500000000000000e+02 5.074200000000000159e+02 2.100000000000000000e+01
1.510599999999999909e+03 1.008200000000000045e+03 2.000000000000000000e+01
1.332400000000000091e+03 9.285499999999999545e+02 2.000000000000000000e+01
1.611599999999999966e+02 1.285099999999999909e+03 2.000000000000000000e+01
9.658599999999999852e+01 1.137099999999999909e+03 2.000000000000000000e+01
7.553700000000000614e+01 8.809500000000000455e+02 2.000000000000000000e+01
1.470099999999999909e+03 1.209700000000000045e+03 2.000000000000000000e+01
9.859400000000000546e+02 8.712000000000000455e+02 1.900000000000000000e+01
4.061600000000000250e+02 1.227099999999999909e+03 2.000000000000000000e+01
7.260199999999999818e+02 1.164900000000000091e+03 2.100000000000000000e+01
1.095099999999999909e+03 8.014500000000000455e+02 2.000000000000000000e+01
4.221800000000000068e+02 1.516000000000000000e+03 2.100000000000000000e+01
5.135499999999999545e+02 8.679700000000000273e+02 2.000000000000000000e+01
1.506299999999999955e+03 3.956000000000000227e+02 2.000000000000000000e+01
1.636999999999999886e+02 1.095900000000000091e+03 2.000000000000000000e+01
9.626200000000000045e+02 5.559700000000000273e+02 2.000000000000000000e+01
1.126799999999999955e+03 6.761200000000000045e+02 1.900000000000000000e+01
1.343400000000000034e+02 2.594599999999999795e+02 2.000000000000000000e+01
9.899600000000000364e+02 1.622700000000000102e+02 2.000000000000000000e+01
1.508200000000000045e+03 7.033700000000000045e+02 2.000000000000000000e+01
4.057799999999999727e+02 8.638500000000000227e+02 2.000000000000000000e+01
9.386299999999999955e+02 5.968099999999999454e+02 1.900000000000000000e+01
1.126599999999999909e+03 8.297100000000000364e+02 1.900000000000000000e+01
8.112200000000000273e+02 1.212000000000000000e+03 2.000000000000000000e+01
6.590299999999999727e+02 7.214299999999999500e+02 2.000000000000000000e+01
5.760199999999999818e+02 3.737300000000000182e+02 2.000000000000000000e+01
4.439499999999999886e+02 1.423000000000000000e+03 2.100000000000000000e+01
1.168199999999999932e+02 8.428099999999999454e+02 2.000000000000000000e+01
1.367500000000000000e+03 1.491000000000000000e+03 2.000000000000000000e+01
2.174000000000000057e+02 6.232899999999999636e+02 2.000000000000000000e+01
1.389099999999999909e+03 2.501999999999999886e+02 2.000000000000000000e+01
1.549199999999999875e+02 3.379499999999999886e+02 2.000000000000000000e+01
1.094000000000000000e+03 1.625500000000000114e+02 2.000000000000000000e+01
8.440199999999999818e+02 3.726999999999999886e+02 2.000000000000000000e+01
1.611299999999999955e+02 4.376600000000000250e+02 2.000000000000000000e+01
1.124799999999999955e+03 3.854399999999999977e+02 2.000000000000000000e+01
7.239900000000000091e+02 5.234800000000000182e+02 2.000000000000000000e+01
1.238200000000000045e+03 5.209900000000000091e+02 2.000000000000000000e+01
1.440099999999999909e+02 1.208700000000000045e+03 2.000000000000000000e+01
1.433299999999999955e+03 1.140000000000000000e+03 2.000000000000000000e+01
1.008000000000000000e+03 1.232500000000000000e+03 2.000000000000000000e+01
1.405799999999999955e+03 1.397400000000000091e+03 2.000000000000000000e+01
7.718099999999999454e+02 1.228900000000000091e+03 2.000000000000000000e+01
7.285899999999999466e+01 5.674600000000000364e+02 2.000000000000000000e+01
1.355299999999999955e+03 9.657300000000000182e+02 2.000000000000000000e+01
8.636200000000000045e+02 1.431099999999999909e+03 2.000000000000000000e+01
1.007200000000000045e+03 7.566799999999999500e+02 2.000000000000000000e+01
1.103099999999999909e+03 3.480400000000000205e+02 2.100000000000000000e+01
1.423099999999999909e+03 6.627599999999999909e+02 2.000000000000000000e+01
5.997400000000000091e+02 4.672300000000000182e+02 2.000000000000000000e+01
1.046700000000000045e+03 8.093300000000000409e+02 2.000000000000000000e+01
1.125599999999999909e+03 1.001899999999999977e+03 1.900000000000000000e+01
1.323500000000000000e+03 6.334400000000000546e+02 2.000000000000000000e+01
1.370500000000000000e+03 1.006200000000000045e+03 1.900000000000000000e+01
5.180800000000000409e+02 7.677000000000000455e+02 2.000000000000000000e+01
1.499799999999999955e+03 4.391600000000000250e+02 2.100000000000000000e+01
1.354400000000000091e+03 1.132500000000000000e+03 2.000000000000000000e+01
8.281699999999999591e+02 1.172599999999999909e+03 2.000000000000000000e+01
9.546799999999999500e+02 2.957400000000000091e+02 2.000000000000000000e+01
1.299099999999999966e+02 8.826399999999999864e+02 2.000000000000000000e+01
1.397799999999999955e+03 1.238500000000000000e+03 2.000000000000000000e+01
7.222300000000000182e+02 1.039599999999999909e+03 2.000000000000000000e+01
4.810799999999999841e+02 5.090199999999999818e+02 2.100000000000000000e+01
1.506900000000000091e+03 4.846000000000000227e+02 2.000000000000000000e+01
1.515500000000000000e+03 1.570500000000000000e+03 2.100000000000000000e+01
8.272100000000000364e+01 1.317000000000000000e+03 2.100000000000000000e+01
4.486600000000000250e+02 1.482500000000000000e+03 2.100000000000000000e+01
7.193300000000000409e+02 9.883999999999999773e+02 2.000000000000000000e+01
1.489399999999999977e+02 9.190800000000000409e+02 2.000000000000000000e+01
1.365300000000000011e+02 7.625700000000000500e+02 2.000000000000000000e+01
6.853400000000000603e+01 1.356500000000000000e+03 2.100000000000000000e+01
1.316400000000000091e+03 2.944599999999999795e+02 2.000000000000000000e+01
1.229200000000000045e+03 1.067500000000000000e+03 2.000000000000000000e+01
1.151400000000000091e+03 1.250700000000000045e+03 2.000000000000000000e+01
8.618899999999999864e+02 5.405000000000000000e+02 2.000000000000000000e+01
1.119900000000000091e+03 4.276800000000000068e+02 2.000000000000000000e+01
5.467899999999999636e+02 1.456200000000000045e+03 1.900000000000000000e+01
4.150099999999999909e+02 7.046799999999999500e+02 2.000000000000000000e+01
1.214500000000000000e+03 5.761699999999999591e+02 2.000000000000000000e+01
2.155200000000000102e+02 1.574299999999999955e+03 2.100000000000000000e+01
1.759600000000000080e+02 5.322400000000000091e+02 2.000000000000000000e+01
1.233799999999999955e+03 7.356399999999999864e+02 1.900000000000000000e+01
5.837599999999999909e+02 5.157699999999999818e+02 2.100000000000000000e+01
2.737300000000000182e+02 3.263500000000000227e+02 2.000000000000000000e+01
1.195500000000000000e+03 7.190900000000000318e+02 2.000000000000000000e+01
1.667500000000000000e+02 1.243400000000000091e+03 2.100000000000000000e+01
4.487099999999999795e+02 1.380599999999999909e+03 2.100000000000000000e+01
6.822400000000000375e+01 1.399000000000000000e+03 2.000000000000000000e+01
1.001700000000000045e+03 3.182400000000000091e+02 2.000000000000000000e+01
7.367599999999999909e+02 1.205799999999999955e+03 2.000000000000000000e+01
2.535399999999999920e+02 1.329799999999999955e+03 2.100000000000000000e+01
6.364400000000000546e+02 1.054500000000000000e+03 2.000000000000000000e+01
1.890399999999999920e+02 1.206900000000000091e+03 2.000000000000000000e+01
1.336799999999999955e+03 2.399799999999999898e+02 2.000000000000000000e+01
1.091599999999999966e+02 1.010700000000000045e+03 2.000000000000000000e+01
1.513599999999999909e+03 1.505700000000000045e+03 2.100000000000000000e+01
9.152899999999999636e+02 9.972999999999999545e+02 2.000000000000000000e+01
1.252500000000000000e+03 1.402000000000000000e+03 2.000000000000000000e+01
6.113600000000000136e+02 7.122599999999999909e+02 2.000000000000000000e+01
2.344699999999999989e+02 1.200500000000000000e+03 2.000000000000000000e+01
1.505799999999999955e+03 2.479199999999999875e+02 2.000000000000000000e+01
1.512500000000000000e+03 1.208200000000000045e+03 2.000000000000000000e+01
1.468099999999999909e+03 1.051000000000000000e+03 2.000000000000000000e+01
7.768099999999999454e+02 9.172400000000000091e+02 2.000000000000000000e+01
1.228700000000000045e+03 1.572400000000000091e+03 2.000000000000000000e+01
1.399400000000000091e+03 3.494100000000000250e+02 2.000000000000000000e+01
1.238000000000000000e+03 1.531299999999999955e+03 2.100000000000000000e+01
1.460300000000000011e+02 8.111699999999999591e+02 2.000000000000000000e+01
1.389099999999999909e+03 8.719099999999999682e+02 2.000000000000000000e+01
1.124700000000000045e+03 7.711299999999999955e+02 2.000000000000000000e+01
1.204200000000000045e+03 9.386699999999999591e+02 2.000000000000000000e+01
4.104100000000000250e+02 4.091399999999999864e+02 2.000000000000000000e+01
1.509500000000000000e+03 8.625900000000000318e+02 2.000000000000000000e+01
4.258799999999999955e+02 2.778199999999999932e+02 2.000000000000000000e+01
7.175300000000000011e+01 2.343799999999999955e+02 2.100000000000000000e+01
1.513799999999999955e+03 1.308700000000000045e+03 2.000000000000000000e+01
8.542200000000000273e+02 5.829400000000000546e+02 2.000000000000000000e+01
1.511599999999999909e+03 1.166299999999999955e+03 2.000000000000000000e+01
1.064799999999999955e+03 6.978300000000000409e+02 1.900000000000000000e+01
1.466700000000000045e+03 8.578700000000000045e+02 2.000000000000000000e+01
9.178400000000000318e+02 1.039000000000000000e+03 2.000000000000000000e+01
1.156700000000000045e+03 9.268200000000000500e+02 2.000000000000000000e+01
2.240399999999999920e+02 1.532000000000000000e+03 2.100000000000000000e+01
1.333299999999999955e+03 1.430599999999999909e+03 2.000000000000000000e+01
1.133299999999999983e+02 2.230200000000000102e+02 2.000000000000000000e+01
3.086999999999999886e+02 1.574200000000000045e+03 2.100000000000000000e+01
6.890000000000000000e+02 1.574700000000000045e+03 2.000000000000000000e+01
1.229899999999999949e+02 1.171200000000000045e+03 2.000000000000000000e+01
9.216699999999999591e+02 2.157800000000000011e+02 1.900000000000000000e+01
1.654499999999999886e+02 1.172099999999999909e+03 2.000000000000000000e+01
6.235000000000000000e+02 1.392599999999999909e+03 2.000000000000000000e+01
1.067300000000000040e+02 6.337999999999999545e+02 2.000000000000000000e+01
1.269299999999999955e+03 8.296900000000000546e+02 2.000000000000000000e+01
1.381200000000000045e+03 1.531599999999999909e+03 2.100000000000000000e+01
1.409500000000000000e+03 1.020500000000000000e+03 2.000000000000000000e+01
1.000299999999999955e+03 1.144900000000000091e+03 2.000000000000000000e+01
8.420700000000000500e+02 1.061299999999999955e+03 2.000000000000000000e+01
4.176600000000000250e+02 1.350299999999999955e+03 2.000000000000000000e+01
7.221900000000000546e+02 1.397900000000000091e+03 2.000000000000000000e+01
1.726599999999999966e+02 1.574400000000000091e+03 2.100000000000000000e+01
9.416799999999999500e+02 1.571799999999999955e+03 2.100000000000000000e+01
1.083799999999999955e+03 1.134500000000000000e+03 1.900000000000000000e+01
1.474400000000000091e+03 1.143500000000000000e+03 2.000000000000000000e+01
6.507000000000000455e+02 1.676899999999999977e+02 2.000000000000000000e+01
1.417299999999999955e+03 9.212100000000000364e+02 1.900000000000000000e+01
7.869199999999999591e+02 1.550099999999999909e+03 2.100000000000000000e+01
1.332000000000000000e+03 1.513799999999999955e+03 2.000000000000000000e+01
1.348200000000000045e+03 1.570699999999999932e+02 2.100000000000000000e+01
8.533700000000000045e+02 1.206799999999999955e+03 2.100000000000000000e+01
2.796000000000000227e+02 9.050800000000000409e+02 2.000000000000000000e+01
1.070599999999999909e+03 2.125300000000000011e+02 2.000000000000000000e+01
1.431400000000000091e+03 1.463200000000000045e+03 2.000000000000000000e+01
1.223299999999999955e+03 9.775299999999999727e+02 2.000000000000000000e+01
9.771100000000000136e+02 1.492900000000000091e+03 2.100000000000000000e+01
7.876699999999999591e+02 1.644900000000000091e+02 2.000000000000000000e+01
1.326799999999999955e+03 1.472000000000000000e+03 2.000000000000000000e+01
1.062500000000000000e+03 1.471500000000000000e+03 2.100000000000000000e+01
1.019899999999999949e+02 9.142799999999999727e+02 2.000000000000000000e+01
1.410099999999999909e+03 1.499900000000000091e+03 2.100000000000000000e+01
1.466000000000000000e+03 6.089900000000000091e+02 2.100000000000000000e+01
1.276500000000000000e+03 5.035000000000000000e+02 2.000000000000000000e+01
1.291900000000000091e+03 5.417599999999999909e+02 1.900000000000000000e+01
1.041599999999999909e+03 1.136000000000000000e+03 2.000000000000000000e+01
1.004200000000000045e+03 2.019600000000000080e+02 2.000000000000000000e+01
1.109400000000000091e+03 5.834299999999999500e+02 1.900000000000000000e+01
1.296000000000000000e+03 9.082000000000000455e+02 2.000000000000000000e+01
8.531000000000000227e+02 7.907799999999999727e+02 2.000000000000000000e+01
4.939700000000000273e+02 5.490199999999999818e+02 2.000000000000000000e+01
4.581600000000000250e+02 4.734499999999999886e+02 2.000000000000000000e+01
5.416000000000000227e+02 9.045299999999999727e+02 2.000000000000000000e+01
1.084900000000000091e+03 3.101700000000000159e+02 2.000000000000000000e+01
1.416299999999999955e+03 4.499200000000000159e+02 2.000000000000000000e+01
7.121299999999999386e+01 3.749700000000000273e+02 2.000000000000000000e+01
1.467000000000000000e+03 9.059299999999999500e+02 2.100000000000000000e+01
7.046599999999999397e+01 5.254299999999999500e+02 2.100000000000000000e+01
1.452099999999999909e+03 9.458500000000000227e+02 2.000000000000000000e+01
1.327200000000000045e+03 1.165299999999999955e+03 2.000000000000000000e+01
1.393900000000000091e+03 1.571799999999999955e+03 2.100000000000000000e+01
3.313100000000000023e+02 1.538000000000000000e+03 2.100000000000000000e+01
8.084900000000000091e+02 1.035400000000000091e+03 2.000000000000000000e+01
1.350299999999999955e+03 8.903799999999999955e+02 1.900000000000000000e+01
1.159599999999999909e+03 1.353700000000000045e+03 2.000000000000000000e+01
9.616399999999999864e+02 2.015900000000000034e+02 2.000000000000000000e+01
6.324900000000000091e+02 1.510000000000000000e+03 2.000000000000000000e+01
7.016499999999999773e+02 1.433900000000000091e+03 1.900000000000000000e+01
7.643899999999999864e+02 5.109700000000000273e+02 1.900000000000000000e+01
1.352200000000000045e+03 1.245099999999999909e+03 1.900000000000000000e+01
6.257799999999999727e+02 1.434799999999999955e+03 2.000000000000000000e+01
1.507099999999999909e+03 5.326799999999999500e+02 2.100000000000000000e+01
1.454700000000000045e+03 3.128999999999999773e+02 2.000000000000000000e+01
3.573899999999999864e+02 9.537799999999999727e+02 2.000000000000000000e+01
5.895199999999999818e+02 1.367099999999999909e+03 2.000000000000000000e+01
1.071099999999999909e+03 1.531299999999999955e+03 2.000000000000000000e+01
8.101000000000000227e+02 7.782500000000000000e+02 2.000000000000000000e+01
5.445700000000000500e+02 1.378799999999999955e+03 2.000000000000000000e+01
6.545900000000000318e+02 4.563500000000000227e+02 2.100000000000000000e+01
1.169400000000000091e+03 6.660800000000000409e+02 2.000000000000000000e+01
1.491400000000000091e+03 1.087400000000000091e+03 2.000000000000000000e+01
1.245299999999999955e+03 6.050900000000000318e+02 2.000000000000000000e+01
9.194400000000000546e+02 6.341900000000000546e+02 2.000000000000000000e+01
4.843700000000000045e+02 1.412500000000000000e+03 2.000000000000000000e+01
1.122099999999999909e+03 5.443899999999999864e+02 2.000000000000000000e+01
1.405500000000000114e+02 1.133000000000000000e+03 2.000000000000000000e+01
9.751900000000000546e+02 1.534200000000000045e+03 2.100000000000000000e+01
1.072799999999999955e+03 1.574000000000000000e+03 2.100000000000000000e+01
1.037400000000000091e+03 1.263200000000000045e+03 2.000000000000000000e+01
1.197700000000000045e+03 1.517000000000000000e+03 2.100000000000000000e+01
8.559800000000000182e+02 1.290500000000000000e+03 2.000000000000000000e+01
6.622899999999999636e+02 1.414099999999999909e+03 2.100000000000000000e+01
1.099299999999999955e+03 5.088600000000000136e+02 2.000000000000000000e+01
1.199500000000000000e+03 5.365299999999999727e+02 2.000000000000000000e+01
9.465499999999999545e+02 1.624199999999999875e+02 2.000000000000000000e+01
1.473500000000000000e+03 1.323700000000000045e+03 2.000000000000000000e+01
5.270900000000000318e+02 1.418099999999999909e+03 2.100000000000000000e+01
6.845099999999999909e+02 1.377500000000000000e+03 2.100000000000000000e+01
5.083999999999999773e+02 9.310700000000000500e+02 2.000000000000000000e+01
1.392400000000000091e+03 1.152299999999999955e+03 2.000000000000000000e+01
6.900000000000000000e+01 1.533500000000000000e+03 2.100000000000000000e+01
5.662100000000000364e+02 1.195799999999999955e+03 2.000000000000000000e+01
1.355599999999999909e+03 2.768000000000000114e+02 2.000000000000000000e+01
1.638199999999999932e+02 4.911600000000000250e+02 2.000000000000000000e+01
1.738199999999999932e+02 7.795199999999999818e+02 2.000000000000000000e+01
1.031700000000000045e+03 1.566000000000000000e+03 2.000000000000000000e+01
7.762100000000000364e+02 9.600499999999999545e+02 2.000000000000000000e+01
1.406400000000000091e+03 8.027100000000000364e+02 2.000000000000000000e+01
1.441599999999999909e+03 3.530299999999999727e+02 2.000000000000000000e+01
7.196200000000000330e+01 2.777500000000000000e+02 2.100000000000000000e+01
1.448400000000000091e+03 1.096000000000000000e+03 2.000000000000000000e+01
1.155700000000000045e+03 1.514000000000000000e+03 2.100000000000000000e+01
4.197699999999999818e+02 6.637599999999999909e+02 2.000000000000000000e+01
1.026800000000000068e+02 1.466799999999999955e+03 2.000000000000000000e+01
8.632999999999999545e+02 2.755299999999999727e+02 2.000000000000000000e+01
1.251500000000000000e+03 2.166200000000000045e+02 2.000000000000000000e+01
1.426599999999999909e+03 1.544099999999999909e+03 2.100000000000000000e+01
9.692599999999999909e+02 3.965500000000000114e+02 1.900000000000000000e+01
5.108899999999999864e+02 1.313799999999999955e+03 1.900000000000000000e+01
4.680899999999999750e+02 7.399700000000000273e+02 2.000000000000000000e+01
1.505500000000000000e+03 2.050699999999999932e+02 2.000000000000000000e+01
1.958400000000000034e+02 4.619399999999999977e+02 1.900000000000000000e+01
7.007200000000000273e+02 4.556200000000000045e+02 2.000000000000000000e+01
1.156900000000000091e+03 7.070099999999999909e+02 2.000000000000000000e+01
4.513500000000000227e+02 9.929500000000000455e+02 2.000000000000000000e+01
1.458599999999999909e+03 4.310099999999999909e+02 2.000000000000000000e+01
1.472700000000000045e+03 1.473400000000000091e+03 2.100000000000000000e+01
1.466700000000000045e+03 2.321699999999999875e+02 2.000000000000000000e+01
6.208200000000000500e+02 4.305000000000000000e+02 2.000000000000000000e+01
1.464500000000000000e+03 3.894900000000000091e+02 2.100000000000000000e+01
1.432000000000000000e+03 8.812400000000000091e+02 2.000000000000000000e+01
9.918999999999999773e+02 2.770699999999999932e+02 2.000000000000000000e+01
1.463400000000000091e+03 1.905999999999999943e+02 2.100000000000000000e+01
1.426599999999999909e+03 8.391000000000000227e+02 2.000000000000000000e+01
1.807400000000000091e+02 8.898500000000000227e+02 2.000000000000000000e+01
1.195500000000000000e+03 1.590699999999999932e+02 2.000000000000000000e+01
1.406399999999999864e+02 1.485700000000000045e+03 2.000000000000000000e+01
1.320400000000000091e+03 1.991899999999999977e+02 2.000000000000000000e+01
1.487000000000000000e+03 1.539000000000000000e+03 2.100000000000000000e+01
7.107599999999999341e+01 6.095800000000000409e+02 1.900000000000000000e+01
8.768099999999999454e+02 1.171200000000000045e+03 2.000000000000000000e+01
1.452200000000000045e+03 1.509900000000000091e+03 2.000000000000000000e+01
1.239500000000000000e+03 3.520699999999999932e+02 1.900000000000000000e+01
9.585499999999999545e+02 1.147299999999999955e+03 2.000000000000000000e+01
1.509599999999999909e+03 9.072699999999999818e+02 2.000000000000000000e+01
1.470400000000000091e+03 2.734200000000000159e+02 2.000000000000000000e+01
1.072199999999999989e+02 7.307200000000000273e+02 2.000000000000000000e+01
1.427700000000000045e+03 2.139900000000000091e+02 2.000000000000000000e+01
1.431400000000000091e+03 2.560099999999999909e+02 2.000000000000000000e+01
1.463400000000000091e+03 5.317999999999999545e+02 1.900000000000000000e+01
1.484400000000000091e+03 1.542800000000000011e+02 2.100000000000000000e+01
1.305400000000000091e+03 1.603300000000000125e+02 2.100000000000000000e+01
