1.215199999999999960e+02 1.563500000000000000e+03 3.000000000000000000e+01
1.183200000000000045e+03 1.196599999999999909e+03 2.900000000000000000e+01
4.855600000000000023e+02 1.114500000000000000e+03 2.900000000000000000e+01
1.942700000000000102e+02 1.365599999999999909e+03 3.000000000000000000e+01
7.348200000000000500e+02 1.554599999999999909e+03 3.000000000000000000e+01
2.785400000000000205e+02 1.436000000000000000e+03 3.000000000000000000e+01
7.780800000000000409e+02 1.312099999999999909e+03 2.900000000000000000e+01
5.839700000000000273e+02 7.995000000000000000e+02 2.900000000000000000e+01
8.059600000000000364e+02 1.259599999999999909e+03 2.900000000000000000e+01
1.872299999999999898e+02 6.756200000000000045e+02 2.900000000000000000e+01
1.103500000000000000e+03 1.333599999999999909e+03 2.900000000000000000e+01
8.774299999999999500e+02 1.330599999999999909e+03 2.900000000000000000e+01
3.998199999999999932e+02 1.122599999999999909e+03 3.000000000000000000e+01
3.545099999999999909e+02 1.230900000000000091e+03 2.900000000000000000e+01
1.008500000000000000e+03 1.356000000000000000e+03 2.900000000000000000e+01
7.582799999999999727e+02 1.433400000000000091e+03 3.000000000000000000e+01
8.287699999999999818e+02 1.469400000000000091e+03 3.000000000000000000e+01
2.680600000000000023e+02 1.279500000000000000e+03 2.900000000000000000e+01
1.099900000000000091e+03 1.272700000000000045e+03 2.900000000000000000e+01
4.567300000000000182e+02 1.223000000000000000e+03 2.900000000000000000e+01
3.571700000000000159e+02 8.363999999999999773e+02 2.900000000000000000e+01
1.491200000000000045e+03 8.110199999999999818e+02 2.900000000000000000e+01
9.409700000000000273e+02 1.355200000000000045e+03 2.900000000000000000e+01
8.092100000000000364e+02 4.040500000000000114e+02 2.900000000000000000e+01
1.175500000000000000e+03 1.091500000000000000e+03 2.900000000000000000e+01
5.975000000000000000e+02 1.669600000000000080e+02 2.900000000000000000e+01
6.402699999999999818e+02 1.343900000000000091e+03 2.900000000000000000e+01
8.989600000000000364e+02 1.215299999999999955e+03 2.900000000000000000e+01
3.745600000000000023e+02 1.566000000000000000e+03 3.000000000000000000e+01
4.524700000000000273e+02 1.163000000000000000e+03 2.900000000000000000e+01
1.875000000000000000e+02 9.424900000000000091e+02 3.000000000000000000e+01
6.622400000000000091e+02 5.962000000000000455e+02 2.900000000000000000e+01
1.247299999999999955e+03 1.228900000000000091e+03 2.900000000000000000e+01
1.120500000000000000e+03 1.202000000000000000e+03 2.900000000000000000e+01
6.436399999999999864e+02 1.241799999999999955e+03 2.900000000000000000e+01
8.405900000000000318e+02 7.354800000000000182e+02 2.900000000000000000e+01
1.815099999999999909e+02 1.456000000000000000e+03 3.000000000000000000e+01
1.436099999999999909e+03 1.364900000000000091e+03 2.900000000000000000e+01
4.945199999999999818e+02 1.462000000000000000e+03 2.900000000000000000e+01
2.976299999999999955e+02 4.092500000000000000e+02 2.900000000000000000e+01
1.198299999999999983e+02 1.357900000000000091e+03 2.900000000000000000e+01
3.009499999999999886e+02 1.104500000000000000e+03 2.900000000000000000e+01
3.838100000000000023e+02 1.180400000000000091e+03 2.900000000000000000e+01
1.397099999999999909e+03 9.664500000000000455e+02 2.900000000000000000e+01
4.137200000000000273e+02 3.511299999999999955e+02 2.900000000000000000e+01
5.574800000000000182e+02 1.326500000000000000e+03 2.900000000000000000e+01
1.258200000000000045e+03 1.171099999999999909e+03 2.900000000000000000e+01
4.775400000000000205e+02 1.523500000000000000e+03 3.000000000000000000e+01
1.368099999999999909e+03 1.349900000000000091e+03 2.900000000000000000e+01
9.649199999999999591e+02 1.042500000000000000e+03 2.900000000000000000e+01
8.620499999999999545e+02 1.014000000000000000e+03 2.900000000000000000e+01
2.744300000000000068e+02 1.526500000000000000e+03 2.900000000000000000e+01
8.115700000000000500e+02 2.575400000000000205e+02 2.900000000000000000e+01
3.509200000000000159e+02 9.979299999999999500e+02 2.900000000000000000e+01
9.759700000000000273e+02 1.405799999999999955e+03 3.000000000000000000e+01
5.918799999999999955e+02 9.051000000000000227e+02 2.900000000000000000e+01
7.243400000000000318e+02 1.110099999999999909e+03 2.900000000000000000e+01
5.557300000000000182e+02 2.889800000000000182e+02 2.900000000000000000e+01
8.736699999999999591e+02 8.939800000000000182e+02 2.900000000000000000e+01
9.420499999999999829e+01 7.907200000000000273e+02 2.900000000000000000e+01
1.301299999999999955e+03 1.268900000000000091e+03 2.900000000000000000e+01
5.215599999999999454e+02 1.067200000000000045e+03 2.900000000000000000e+01
1.273799999999999955e+03 1.500500000000000000e+03 2.900000000000000000e+01
2.523499999999999943e+02 1.069400000000000091e+03 2.900000000000000000e+01
2.961299999999999955e+02 8.530199999999999818e+02 2.900000000000000000e+01
9.628300000000000409e+02 1.194400000000000091e+03 2.900000000000000000e+01
7.625499999999999545e+02 1.065500000000000000e+03 2.900000000000000000e+01
5.347100000000000364e+02 1.506099999999999909e+03 2.900000000000000000e+01
1.093299999999999955e+03 1.434400000000000091e+03 2.900000000000000000e+01
5.835399999999999636e+02 1.239500000000000000e+03 2.900000000000000000e+01
4.347300000000000182e+02 1.565400000000000091e+03 3.000000000000000000e+01
7.787300000000000182e+02 4.549100000000000250e+02 2.900000000000000000e+01
1.051500000000000000e+03 1.306400000000000091e+03 2.900000000000000000e+01
1.220500000000000000e+03 1.474000000000000000e+03 2.900000000000000000e+01
1.028400000000000091e+03 8.826499999999999773e+02 2.900000000000000000e+01
5.464400000000000546e+02 1.007399999999999977e+03 2.900000000000000000e+01
8.348500000000000227e+02 1.566200000000000045e+03 2.900000000000000000e+01
7.211200000000000045e+02 1.481400000000000091e+03 3.000000000000000000e+01
1.150299999999999955e+03 2.381200000000000045e+02 2.900000000000000000e+01
5.298999999999999773e+02 1.153000000000000000e+03 2.900000000000000000e+01
1.041000000000000000e+03 1.405900000000000091e+03 3.000000000000000000e+01
1.448599999999999909e+03 9.978999999999999773e+02 2.900000000000000000e+01
5.311000000000000227e+02 1.268500000000000000e+03 2.900000000000000000e+01
1.194000000000000000e+03 1.020500000000000000e+03 2.900000000000000000e+01
1.000899999999999977e+03 9.788500000000000227e+02 2.900000000000000000e+01
1.285799999999999955e+03 3.526800000000000068e+02 2.900000000000000000e+01
1.490599999999999909e+03 7.519500000000000455e+02 2.900000000000000000e+01
5.926799999999999500e+02 1.151099999999999909e+03 2.900000000000000000e+01
8.715199999999999818e+02 9.550000000000000000e+02 2.900000000000000000e+01
7.372500000000000000e+02 8.479500000000000455e+02 2.900000000000000000e+01
1.750600000000000023e+02 2.818600000000000136e+02 2.900000000000000000e+01
3.344599999999999795e+02 1.055599999999999909e+03 2.900000000000000000e+01
1.360099999999999909e+03 4.355600000000000023e+02 2.900000000000000000e+01
9.295800000000000409e+02 9.470000000000000000e+02 2.900000000000000000e+01
5.583999999999999773e+02 5.634400000000000546e+02 2.900000000000000000e+01
4.680600000000000023e+02 1.281500000000000000e+03 2.900000000000000000e+01
3.064900000000000091e+02 4.825099999999999909e+02 2.900000000000000000e+01
7.391599999999999682e+02 2.508000000000000114e+02 2.900000000000000000e+01
6.747599999999999909e+02 6.680199999999999818e+02 3.000000000000000000e+01
7.720399999999999636e+02 3.007300000000000182e+02 2.900000000000000000e+01
9.917400000000000091e+02 1.298000000000000000e+03 2.900000000000000000e+01
1.024299999999999955e+03 1.034000000000000000e+03 2.900000000000000000e+01
7.233999999999999773e+02 9.337699999999999818e+02 2.900000000000000000e+01
1.735999999999999943e+02 1.523700000000000045e+03 3.000000000000000000e+01
1.330599999999999909e+03 1.564000000000000000e+03 2.900000000000000000e+01
1.282900000000000091e+03 2.445300000000000011e+02 2.900000000000000000e+01
6.789099999999999682e+02 8.388799999999999955e+02 2.900000000000000000e+01
7.165900000000000318e+02 7.596100000000000136e+02 2.900000000000000000e+01
1.142299999999999955e+03 1.400500000000000000e+03 2.900000000000000000e+01
8.400199999999999818e+02 4.589399999999999977e+02 2.900000000000000000e+01
8.819600000000000364e+02 1.077500000000000000e+03 2.900000000000000000e+01
3.035400000000000205e+02 1.328500000000000000e+03 3.000000000000000000e+01
1.153400000000000091e+03 1.299000000000000000e+03 2.900000000000000000e+01
3.289399999999999977e+02 1.156299999999999955e+03 2.900000000000000000e+01
9.214800000000000182e+02 6.799600000000000364e+02 2.900000000000000000e+01
1.101400000000000091e+03 7.162500000000000000e+02 2.900000000000000000e+01
1.115000000000000000e+03 1.099500000000000000e+03 2.900000000000000000e+01
6.685000000000000000e+02 9.565399999999999636e+02 2.900000000000000000e+01
1.495500000000000000e+03 1.259099999999999909e+03 2.900000000000000000e+01
1.844699999999999989e+02 8.350399999999999636e+02 2.900000000000000000e+01
8.989099999999999682e+02 1.466000000000000000e+03 2.900000000000000000e+01
3.980000000000000000e+02 2.245099999999999909e+02 2.900000000000000000e+01
1.015500000000000000e+03 4.136100000000000136e+02 2.900000000000000000e+01
6.690000000000000000e+02 1.015500000000000000e+03 2.900000000000000000e+01
5.298400000000000318e+02 3.420099999999999909e+02 2.900000000000000000e+01
1.010200000000000045e+03 5.502999999999999545e+02 2.900000000000000000e+01
1.131000000000000000e+03 2.931000000000000227e+02 2.900000000000000000e+01
1.314599999999999909e+03 1.022500000000000000e+03 2.900000000000000000e+01
9.836699999999999591e+02 9.213400000000000318e+02 2.900000000000000000e+01
1.195999999999999943e+02 9.592599999999999909e+02 2.900000000000000000e+01
9.739900000000000091e+02 7.070399999999999636e+02 2.900000000000000000e+01
2.429199999999999875e+02 8.257200000000000273e+02 2.900000000000000000e+01
4.857699999999999818e+02 2.773000000000000114e+02 2.900000000000000000e+01
3.634700000000000273e+02 1.347500000000000000e+03 2.900000000000000000e+01
5.694900000000000091e+02 2.174699999999999989e+02 2.900000000000000000e+01
7.699800000000000182e+02 1.169700000000000045e+03 2.900000000000000000e+01
7.291799999999999500e+02 1.345700000000000045e+03 2.900000000000000000e+01
1.487000000000000000e+03 3.375500000000000114e+02 2.900000000000000000e+01
1.214700000000000045e+03 6.702799999999999727e+02 2.900000000000000000e+01
1.412000000000000000e+03 1.310200000000000045e+03 2.900000000000000000e+01
1.492000000000000000e+03 9.570499999999999545e+02 2.900000000000000000e+01
2.359499999999999886e+02 1.479500000000000000e+03 3.000000000000000000e+01
1.015899999999999977e+03 6.645299999999999727e+02 2.900000000000000000e+01
4.184200000000000159e+02 1.691999999999999886e+02 3.000000000000000000e+01
7.780199999999999818e+02 1.500099999999999909e+03 3.000000000000000000e+01
1.161299999999999955e+02 1.417400000000000091e+03 2.900000000000000000e+01
1.065900000000000091e+03 1.223799999999999955e+03 2.900000000000000000e+01
1.188700000000000045e+03 4.796299999999999955e+02 2.900000000000000000e+01
1.305900000000000091e+03 1.328799999999999955e+03 2.900000000000000000e+01
8.440099999999999909e+02 1.124299999999999955e+03 2.900000000000000000e+01
1.242500000000000000e+03 7.771299999999999955e+02 2.900000000000000000e+01
1.161200000000000045e+03 9.715700000000000500e+02 2.900000000000000000e+01
2.865299999999999727e+02 1.020299999999999955e+03 2.900000000000000000e+01
1.270500000000000000e+03 1.440799999999999955e+03 2.900000000000000000e+01
8.655399999999999636e+02 1.515500000000000000e+03 3.000000000000000000e+01
1.361000000000000000e+03 1.193000000000000000e+03 2.900000000000000000e+01
6.700000000000000000e+02 1.135299999999999955e+03 2.900000000000000000e+01
4.389700000000000273e+02 1.078000000000000000e+03 2.900000000000000000e+01
9.253799999999999955e+02 1.519099999999999909e+03 3.000000000000000000e+01
2.300999999999999943e+02 9.997300000000000182e+02 2.900000000000000000e+01
5.870000000000000000e+02 1.534500000000000000e+03 3.000000000000000000e+01
3.055799999999999841e+02 6.762300000000000182e+02 2.900000000000000000e+01
1.021500000000000000e+03 1.513000000000000000e+03 2.900000000000000000e+01
1.323799999999999955e+03 7.178200000000000500e+02 2.900000000000000000e+01
6.568899999999999864e+02 8.985099999999999909e+02 2.900000000000000000e+01
2.062100000000000080e+02 3.348500000000000227e+02 2.900000000000000000e+01
5.083899999999999864e+02 6.516100000000000136e+02 2.900000000000000000e+01
8.083299999999999841e+01 1.745500000000000114e+02 2.900000000000000000e+01
3.289900000000000091e+02 9.029500000000000455e+02 2.900000000000000000e+01
9.335099999999999909e+02 8.880499999999999545e+02 2.900000000000000000e+01
1.859600000000000080e+02 5.722899999999999636e+02 2.900000000000000000e+01
1.296200000000000045e+03 1.387099999999999909e+03 2.900000000000000000e+01
6.763099999999999454e+02 1.075000000000000000e+03 2.900000000000000000e+01
6.717799999999999727e+02 1.294400000000000091e+03 2.900000000000000000e+01
2.348300000000000125e+02 2.828100000000000023e+02 2.900000000000000000e+01
5.494600000000000364e+02 9.474800000000000182e+02 2.900000000000000000e+01
4.111000000000000227e+02 1.025099999999999909e+03 2.900000000000000000e+01
1.288599999999999909e+03 1.119799999999999955e+03 2.900000000000000000e+01
6.117100000000000364e+02 1.292000000000000000e+03 2.900000000000000000e+01
1.961599999999999966e+02 1.048799999999999955e+03 2.900000000000000000e+01
1.447900000000000091e+03 6.971000000000000227e+02 2.900000000000000000e+01
3.149900000000000091e+02 3.466600000000000250e+02 2.900000000000000000e+01
1.122500000000000000e+03 8.774500000000000455e+02 2.900000000000000000e+01
2.162500000000000000e+02 4.079399999999999977e+02 2.900000000000000000e+01
5.151399999999999864e+02 1.210900000000000091e+03 2.900000000000000000e+01
7.654700000000000273e+02 3.628700000000000045e+02 2.900000000000000000e+01
1.289700000000000045e+03 5.836799999999999500e+02 2.900000000000000000e+01
4.956499999999999773e+02 1.362799999999999955e+03 2.900000000000000000e+01
1.295799999999999955e+03 4.200799999999999841e+02 2.900000000000000000e+01
8.124500000000000455e+02 5.109499999999999886e+02 2.900000000000000000e+01
7.180900000000000318e+02 6.269900000000000091e+02 2.900000000000000000e+01
3.734800000000000182e+02 1.288500000000000000e+03 2.900000000000000000e+01
7.077799999999999727e+02 1.247400000000000091e+03 2.900000000000000000e+01
3.064100000000000250e+02 7.355399999999999636e+02 2.900000000000000000e+01
1.271500000000000000e+03 1.063000000000000000e+03 2.900000000000000000e+01
2.074699999999999989e+02 1.708499999999999943e+02 2.900000000000000000e+01
1.189400000000000091e+03 3.661800000000000068e+02 2.900000000000000000e+01
9.984600000000000364e+02 1.091000000000000000e+03 2.900000000000000000e+01
9.004400000000000546e+02 3.558500000000000227e+02 2.900000000000000000e+01
7.368799999999999955e+02 1.641800000000000068e+02 2.900000000000000000e+01
1.068500000000000000e+03 9.934900000000000091e+02 2.900000000000000000e+01
2.275600000000000023e+02 8.834700000000000273e+02 2.900000000000000000e+01
2.541399999999999864e+02 6.463999999999999773e+02 2.900000000000000000e+01
8.364299999999999500e+02 1.657100000000000080e+02 2.900000000000000000e+01
3.620799999999999841e+02 3.823700000000000045e+02 2.900000000000000000e+01
1.453400000000000091e+03 1.421900000000000091e+03 2.900000000000000000e+01
1.009100000000000023e+03 1.455400000000000091e+03 2.900000000000000000e+01
1.208299999999999955e+03 8.260000000000000000e+02 2.900000000000000000e+01
3.499700000000000273e+02 1.433599999999999909e+03 2.900000000000000000e+01
1.338200000000000045e+03 3.796200000000000045e+02 2.900000000000000000e+01
8.002899999999999636e+02 8.249500000000000455e+02 2.900000000000000000e+01
5.599400000000000546e+02 7.450199999999999818e+02 2.900000000000000000e+01
2.472500000000000000e+02 1.131599999999999909e+03 2.900000000000000000e+01
4.070299999999999727e+02 4.525199999999999818e+02 2.900000000000000000e+01
8.609099999999999682e+02 8.357899999999999636e+02 2.900000000000000000e+01
4.759300000000000068e+02 1.030500000000000000e+03 2.900000000000000000e+01
1.156000000000000000e+03 5.660299999999999727e+02 2.900000000000000000e+01
8.957400000000000091e+02 1.619499999999999886e+02 2.900000000000000000e+01
8.686299999999999955e+02 4.061700000000000159e+02 2.900000000000000000e+01
8.131599999999999682e+02 9.832799999999999727e+02 2.900000000000000000e+01
1.206799999999999955e+03 1.141700000000000045e+03 2.900000000000000000e+01
8.207000000000000455e+02 9.230700000000000500e+02 2.900000000000000000e+01
1.056400000000000091e+03 7.552000000000000455e+02 2.900000000000000000e+01
8.905700000000000500e+02 1.388500000000000000e+03 2.900000000000000000e+01
5.606100000000000136e+02 6.220499999999999545e+02 2.900000000000000000e+01
6.739700000000000273e+02 4.015099999999999909e+02 2.900000000000000000e+01
1.428000000000000000e+03 7.517300000000000182e+02 2.900000000000000000e+01
4.148799999999999955e+02 7.491200000000000045e+02 2.900000000000000000e+01
1.384200000000000045e+03 4.892300000000000182e+02 2.900000000000000000e+01
9.002300000000000182e+02 7.339800000000000182e+02 2.900000000000000000e+01
5.930199999999999818e+02 1.474700000000000045e+03 2.900000000000000000e+01
6.382200000000000273e+02 2.099399999999999977e+02 2.900000000000000000e+01
1.496900000000000091e+03 1.366799999999999955e+03 2.900000000000000000e+01
1.057500000000000000e+03 1.083099999999999909e+03 2.900000000000000000e+01
2.583600000000000136e+02 5.873400000000000318e+02 2.900000000000000000e+01
9.568500000000000227e+02 8.222400000000000091e+02 2.900000000000000000e+01
1.138099999999999909e+03 1.044200000000000045e+03 2.900000000000000000e+01
1.145200000000000045e+03 1.674300000000000068e+02 2.900000000000000000e+01
1.401099999999999909e+03 3.917300000000000182e+02 2.900000000000000000e+01
6.201000000000000227e+02 8.524199999999999591e+02 2.900000000000000000e+01
6.090900000000000318e+02 9.627100000000000364e+02 2.900000000000000000e+01
8.139199999999999591e+02 1.410000000000000000e+03 2.900000000000000000e+01
1.221700000000000045e+03 2.538300000000000125e+02 2.900000000000000000e+01
5.102799999999999727e+02 7.107500000000000000e+02 2.900000000000000000e+01
9.574400000000000546e+02 3.388999999999999773e+02 2.900000000000000000e+01
8.557899999999999636e+02 3.161000000000000227e+02 2.900000000000000000e+01
7.588700000000000045e+02 6.688700000000000045e+02 2.900000000000000000e+01
5.365199999999999818e+02 1.566000000000000000e+03 3.000000000000000000e+01
1.117599999999999909e+03 1.551200000000000045e+03 3.000000000000000000e+01
1.130299999999999955e+03 6.198500000000000227e+02 2.900000000000000000e+01
5.810299999999999727e+02 1.056799999999999955e+03 2.900000000000000000e+01
6.380000000000000000e+02 1.565000000000000000e+03 2.900000000000000000e+01
8.966399999999999864e+02 1.274900000000000091e+03 2.900000000000000000e+01
1.069099999999999909e+03 4.471800000000000068e+02 2.900000000000000000e+01
9.409400000000000546e+02 5.024300000000000068e+02 2.900000000000000000e+01
1.195000000000000000e+02 5.769800000000000182e+02 2.900000000000000000e+01
1.300700000000000045e+03 7.730199999999999818e+02 2.900000000000000000e+01
1.104099999999999909e+03 9.435199999999999818e+02 2.900000000000000000e+01
4.446399999999999864e+02 5.655900000000000318e+02 2.900000000000000000e+01
3.969599999999999795e+02 1.397500000000000000e+03 2.900000000000000000e+01
3.048299999999999841e+02 7.948500000000000227e+02 2.900000000000000000e+01
1.191000000000000000e+03 6.160000000000000000e+02 2.900000000000000000e+01
3.271000000000000227e+02 1.709199999999999875e+02 3.000000000000000000e+01
4.292200000000000273e+02 5.085799999999999841e+02 2.900000000000000000e+01
3.182400000000000091e+02 6.181599999999999682e+02 2.900000000000000000e+01
3.655899999999999750e+02 4.958700000000000045e+02 2.900000000000000000e+01
1.370399999999999920e+02 1.051000000000000000e+03 2.900000000000000000e+01
1.347900000000000091e+03 3.207300000000000182e+02 2.900000000000000000e+01
1.152200000000000045e+03 1.459200000000000045e+03 2.900000000000000000e+01
4.020600000000000023e+02 9.659199999999999591e+02 2.900000000000000000e+01
3.128700000000000045e+02 1.387000000000000000e+03 3.000000000000000000e+01
6.979400000000000546e+02 2.091100000000000136e+02 2.900000000000000000e+01
7.257000000000000455e+02 5.682000000000000455e+02 2.900000000000000000e+01
3.625400000000000205e+02 7.763899999999999864e+02 2.900000000000000000e+01
1.183499999999999943e+02 4.573299999999999841e+02 2.900000000000000000e+01
7.357200000000000273e+02 4.141399999999999864e+02 2.900000000000000000e+01
9.033300000000000409e+02 4.539399999999999977e+02 2.900000000000000000e+01
1.042400000000000091e+03 5.000000000000000000e+02 2.900000000000000000e+01
1.158000000000000000e+03 7.926200000000000045e+02 2.900000000000000000e+01
8.177200000000000273e+02 6.798500000000000227e+02 2.900000000000000000e+01
3.035899999999999750e+02 9.613700000000000045e+02 2.900000000000000000e+01
3.965500000000000114e+02 6.097999999999999545e+02 2.900000000000000000e+01
9.527500000000000000e+02 1.253000000000000000e+03 2.900000000000000000e+01
1.406299999999999955e+03 6.073200000000000500e+02 2.900000000000000000e+01
1.242099999999999909e+03 3.936399999999999864e+02 2.900000000000000000e+01
4.565099999999999909e+02 2.245000000000000000e+02 2.900000000000000000e+01
4.697099999999999795e+02 3.341100000000000136e+02 2.900000000000000000e+01
6.173300000000000409e+02 6.555099999999999909e+02 2.900000000000000000e+01
6.239099999999999682e+02 7.552799999999999727e+02 2.900000000000000000e+01
1.022000000000000000e+03 1.183299999999999955e+03 2.900000000000000000e+01
3.723899999999999864e+02 1.506000000000000000e+03 2.900000000000000000e+01
1.042200000000000045e+03 3.353500000000000227e+02 2.900000000000000000e+01
7.790099999999999909e+02 2.075099999999999909e+02 3.000000000000000000e+01
9.014199999999999591e+02 7.930700000000000500e+02 2.900000000000000000e+01
6.813899999999999864e+02 1.524299999999999955e+03 2.900000000000000000e+01
2.377400000000000091e+02 2.233700000000000045e+02 2.900000000000000000e+01
9.525599999999999454e+02 7.624600000000000364e+02 2.900000000000000000e+01
1.346799999999999955e+03 8.119299999999999500e+02 2.900000000000000000e+01
3.631100000000000136e+02 6.578400000000000318e+02 2.900000000000000000e+01
5.176000000000000227e+02 8.116499999999999773e+02 2.900000000000000000e+01
4.051499999999999773e+02 1.456200000000000045e+03 2.900000000000000000e+01
1.090100000000000051e+02 3.999900000000000091e+02 3.000000000000000000e+01
9.387599999999999909e+02 1.096099999999999909e+03 2.900000000000000000e+01
1.243900000000000091e+03 1.288700000000000045e+03 2.900000000000000000e+01
6.688200000000000500e+02 2.604100000000000250e+02 2.900000000000000000e+01
4.600799999999999841e+02 8.437200000000000273e+02 2.900000000000000000e+01
1.772800000000000011e+02 2.219600000000000080e+02 2.900000000000000000e+01
9.047699999999999818e+02 5.509299999999999500e+02 2.900000000000000000e+01
1.196799999999999955e+03 1.375299999999999955e+03 2.900000000000000000e+01
1.073400000000000091e+03 8.440000000000000000e+02 2.900000000000000000e+01
5.061000000000000227e+02 5.915299999999999727e+02 2.900000000000000000e+01
1.069500000000000000e+03 3.885099999999999909e+02 2.900000000000000000e+01
1.447500000000000000e+03 4.758600000000000136e+02 2.900000000000000000e+01
1.303799999999999955e+03 8.530700000000000500e+02 2.900000000000000000e+01
3.279499999999999886e+02 5.575700000000000500e+02 2.900000000000000000e+01
6.405800000000000409e+02 3.140099999999999909e+02 2.900000000000000000e+01
1.335400000000000091e+03 5.314800000000000182e+02 2.900000000000000000e+01
2.539699999999999989e+02 7.657799999999999727e+02 2.900000000000000000e+01
1.248200000000000045e+03 9.310700000000000500e+02 2.900000000000000000e+01
1.389400000000000091e+03 7.006499999999999773e+02 2.900000000000000000e+01
1.296599999999999909e+03 9.653600000000000136e+02 2.900000000000000000e+01
1.393200000000000045e+03 5.477799999999999727e+02 2.900000000000000000e+01
1.088000000000000000e+03 2.508000000000000114e+02 2.900000000000000000e+01
1.399000000000000000e+03 2.907400000000000091e+02 2.900000000000000000e+01
6.239800000000000182e+02 3.694499999999999886e+02 2.900000000000000000e+01
2.174699999999999989e+02 1.248000000000000000e+03 2.900000000000000000e+01
1.176000000000000000e+03 1.564299999999999955e+03 2.900000000000000000e+01
1.155799999999999983e+02 1.255000000000000000e+03 2.900000000000000000e+01
1.362500000000000000e+03 6.469700000000000273e+02 2.900000000000000000e+01
6.176100000000000136e+02 5.553999999999999773e+02 2.900000000000000000e+01
1.303500000000000000e+03 1.210500000000000000e+03 2.900000000000000000e+01
1.368500000000000000e+03 7.569400000000000546e+02 2.900000000000000000e+01
4.786899999999999977e+02 1.680099999999999909e+02 2.900000000000000000e+01
1.054500000000000000e+03 5.894900000000000091e+02 2.900000000000000000e+01
3.159499999999999886e+02 1.483200000000000045e+03 2.900000000000000000e+01
1.194500000000000000e+03 1.255500000000000000e+03 2.900000000000000000e+01
1.316000000000000000e+03 4.765600000000000023e+02 2.900000000000000000e+01
3.238600000000000136e+02 2.869100000000000250e+02 2.900000000000000000e+01
1.044400000000000091e+03 9.396000000000000227e+02 2.900000000000000000e+01
1.250099999999999909e+03 1.576800000000000068e+02 2.900000000000000000e+01
1.439799999999999898e+02 1.739799999999999898e+02 3.000000000000000000e+01
5.305299999999999727e+02 5.113700000000000045e+02 2.900000000000000000e+01
2.174099999999999966e+02 4.992699999999999818e+02 2.900000000000000000e+01
5.374099999999999682e+02 1.673199999999999932e+02 2.900000000000000000e+01
5.625499999999999545e+02 6.820700000000000500e+02 2.900000000000000000e+01
3.629599999999999795e+02 7.173200000000000500e+02 2.900000000000000000e+01
3.883899999999999864e+02 9.071299999999999955e+02 2.900000000000000000e+01
6.225800000000000409e+02 1.100000000000000000e+03 2.900000000000000000e+01
5.081700000000000159e+02 3.970000000000000000e+02 2.900000000000000000e+01
7.738400000000000318e+02 6.038700000000000045e+02 2.900000000000000000e+01
6.636399999999999864e+02 1.467500000000000000e+03 2.900000000000000000e+01
5.067900000000000205e+02 4.574300000000000068e+02 2.900000000000000000e+01
1.196000000000000000e+03 2.004900000000000091e+02 2.900000000000000000e+01
4.113100000000000023e+02 8.089700000000000273e+02 2.900000000000000000e+01
1.252400000000000091e+03 1.007200000000000045e+03 2.900000000000000000e+01
1.076900000000000091e+03 6.434199999999999591e+02 2.900000000000000000e+01
1.435900000000000091e+03 1.254799999999999955e+03 2.900000000000000000e+01
2.027299999999999898e+02 7.344600000000000364e+02 2.900000000000000000e+01
2.472500000000000000e+02 9.432100000000000364e+02 2.900000000000000000e+01
8.682100000000000364e+02 2.160300000000000011e+02 2.900000000000000000e+01
2.570699999999999932e+02 3.651200000000000045e+02 2.900000000000000000e+01
1.350400000000000091e+03 5.881799999999999500e+02 2.900000000000000000e+01
4.663600000000000136e+02 7.838099999999999454e+02 2.900000000000000000e+01
2.669399999999999977e+02 1.724699999999999989e+02 2.900000000000000000e+01
1.198500000000000000e+03 3.069700000000000273e+02 2.900000000000000000e+01
1.242400000000000091e+03 4.540299999999999727e+02 2.900000000000000000e+01
9.123200000000000500e+02 2.575699999999999932e+02 2.900000000000000000e+01
3.496200000000000045e+02 4.386299999999999955e+02 2.900000000000000000e+01
1.372400000000000091e+03 1.442900000000000091e+03 2.900000000000000000e+01
9.619900000000000091e+02 4.403299999999999841e+02 2.900000000000000000e+01
1.130400000000000091e+03 4.680299999999999727e+02 2.900000000000000000e+01
1.267700000000000045e+03 6.989700000000000273e+02 2.900000000000000000e+01
1.660999999999999943e+02 3.786499999999999773e+02 2.900000000000000000e+01
1.029200000000000045e+03 2.351100000000000136e+02 2.900000000000000000e+01
1.144800000000000040e+02 2.969700000000000273e+02 2.900000000000000000e+01
1.410400000000000091e+03 1.556599999999999966e+02 3.000000000000000000e+01
2.698500000000000227e+02 5.288500000000000227e+02 2.900000000000000000e+01
3.378500000000000227e+02 2.288799999999999955e+02 2.900000000000000000e+01
1.357200000000000045e+03 1.289700000000000045e+03 2.900000000000000000e+01
6.797500000000000000e+02 1.193500000000000000e+03 2.900000000000000000e+01
1.266500000000000000e+03 6.374900000000000091e+02 2.900000000000000000e+01
1.147599999999999909e+03 1.148599999999999909e+03 2.900000000000000000e+01
1.188500000000000000e+03 8.833899999999999864e+02 2.900000000000000000e+01
3.881000000000000227e+02 5.510399999999999636e+02 2.900000000000000000e+01
4.987699999999999818e+02 9.755299999999999727e+02 2.900000000000000000e+01
1.227099999999999937e+02 5.179299999999999500e+02 2.900000000000000000e+01
1.646200000000000045e+02 9.978300000000000409e+02 2.900000000000000000e+01
6.743400000000000318e+02 5.370000000000000000e+02 2.900000000000000000e+01
1.260400000000000091e+03 2.989599999999999795e+02 2.900000000000000000e+01
2.561499999999999773e+02 4.531999999999999886e+02 2.900000000000000000e+01
1.333000000000000000e+03 1.078700000000000045e+03 2.900000000000000000e+01
7.589199999999999591e+02 1.004600000000000023e+03 2.900000000000000000e+01
4.588000000000000114e+02 6.838400000000000318e+02 2.900000000000000000e+01
2.545699999999999932e+02 7.066599999999999682e+02 2.900000000000000000e+01
1.250200000000000045e+03 1.347799999999999955e+03 2.900000000000000000e+01
2.089900000000000091e+02 1.307299999999999955e+03 2.900000000000000000e+01
4.550099999999999909e+02 6.236699999999999591e+02 2.900000000000000000e+01
5.652400000000000091e+02 4.178500000000000227e+02 2.900000000000000000e+01
4.514700000000000273e+02 9.370099999999999909e+02 2.900000000000000000e+01
1.245599999999999909e+03 8.720399999999999636e+02 2.900000000000000000e+01
1.042400000000000091e+03 1.603199999999999932e+02 2.900000000000000000e+01
1.205300000000000011e+02 6.744199999999999591e+02 2.900000000000000000e+01
1.365099999999999909e+03 1.945200000000000102e+02 2.900000000000000000e+01
6.077000000000000455e+02 2.625699999999999932e+02 2.900000000000000000e+01
5.767400000000000091e+02 1.416799999999999955e+03 2.900000000000000000e+01
6.295800000000000409e+02 4.971999999999999886e+02 2.900000000000000000e+01
1.169900000000000091e+03 4.221399999999999864e+02 2.900000000000000000e+01
1.103099999999999909e+03 1.492299999999999955e+03 2.900000000000000000e+01
5.580599999999999454e+02 8.545399999999999636e+02 2.900000000000000000e+01
1.390299999999999955e+03 1.096500000000000000e+03 2.900000000000000000e+01
9.622599999999999909e+02 6.374299999999999500e+02 2.900000000000000000e+01
1.565900000000000034e+02 6.252999999999999545e+02 2.900000000000000000e+01
8.637699999999999818e+02 6.420599999999999454e+02 2.900000000000000000e+01
7.349399999999999977e+01 1.172200000000000045e+03 2.000000000000000000e+01
1.350299999999999955e+03 1.396900000000000091e+03 2.000000000000000000e+01
3.509800000000000182e+02 1.109000000000000000e+03 2.100000000000000000e+01
6.063700000000000045e+02 1.013200000000000045e+03 2.100000000000000000e+01
9.903300000000000409e+02 5.031700000000000159e+02 2.000000000000000000e+01
1.499000000000000000e+03 6.589800000000000182e+02 2.100000000000000000e+01
1.414000000000000000e+03 1.193400000000000091e+03 2.000000000000000000e+01
6.974500000000000455e+01 1.103599999999999909e+03 2.000000000000000000e+01
1.087500000000000000e+03 1.041400000000000091e+03 2.000000000000000000e+01
1.502200000000000045e+03 1.049200000000000045e+03 2.000000000000000000e+01
8.274900000000000091e+02 1.324500000000000000e+03 2.000000000000000000e+01
7.234900000000000091e+02 1.295500000000000000e+03 2.000000000000000000e+01
5.545099999999999909e+02 1.108000000000000000e+03 2.000000000000000000e+01
1.238799999999999955e+03 1.102299999999999955e+03 2.000000000000000000e+01
2.514399999999999977e+02 1.371000000000000000e+03 2.100000000000000000e+01
2.810600000000000023e+02 2.600500000000000114e+02 2.000000000000000000e+01
7.480199999999999818e+02 7.189700000000000273e+02 2.100000000000000000e+01
1.201799999999999955e+03 1.317500000000000000e+03 2.000000000000000000e+01
1.309900000000000091e+03 6.686499999999999773e+02 2.000000000000000000e+01
1.158200000000000045e+03 8.424700000000000273e+02 2.000000000000000000e+01
1.195299999999999955e+03 7.571100000000000136e+02 2.000000000000000000e+01
7.064300000000000068e+01 9.417999999999999545e+02 2.000000000000000000e+01
8.861399999999999864e+02 1.572400000000000091e+03 2.100000000000000000e+01
6.824700000000000273e+02 4.870400000000000205e+02 2.000000000000000000e+01
4.355299999999999727e+02 8.883600000000000136e+02 2.000000000000000000e+01
9.249900000000000091e+02 4.026499999999999773e+02 2.000000000000000000e+01
9.143700000000000045e+02 3.075299999999999727e+02 1.900000000000000000e+01
8.975700000000000500e+02 1.125900000000000091e+03 2.000000000000000000e+01
7.769700000000000273e+02 1.118299999999999955e+03 2.000000000000000000e+01
1.241800000000000068e+02 1.305200000000000045e+03 2.000000000000000000e+01
4.494399999999999977e+02 4.240000000000000000e+02 2.000000000000000000e+01
6.759600000000000364e+02 3.492099999999999795e+02 2.000000000000000000e+01
7.052100000000000080e+01 8.357799999999999727e+02 2.000000000000000000e+01
2.710400000000000205e+02 1.176599999999999909e+03 2.000000000000000000e+01
1.076099999999999909e+03 1.173200000000000045e+03 2.000000000000000000e+01
5.275700000000000500e+02 2.475200000000000102e+02 2.000000000000000000e+01
7.509199999999999591e+02 7.982400000000000091e+02 2.000000000000000000e+01
8.077899999999999636e+02 1.088900000000000091e+03 2.000000000000000000e+01
7.166299999999999670e+01 1.575799999999999955e+03 2.000000000000000000e+01
1.100000000000000000e+02 3.482099999999999795e+02 2.000000000000000000e+01
9.513999999999999773e+02 9.938899999999999864e+02 2.000000000000000000e+01
1.440799999999999955e+03 5.663200000000000500e+02 2.000000000000000000e+01
7.115099999999999625e+01 3.232500000000000000e+02 2.000000000000000000e+01
1.153200000000000045e+03 7.413700000000000045e+02 2.000000000000000000e+01
1.502599999999999909e+03 1.123500000000000000e+03 2.000000000000000000e+01
1.070100000000000051e+02 1.512799999999999955e+03 2.100000000000000000e+01
3.605600000000000023e+02 3.245299999999999727e+02 2.000000000000000000e+01
7.908300000000000409e+02 7.238899999999999864e+02 2.000000000000000000e+01
1.504500000000000000e+03 1.464000000000000000e+03 2.100000000000000000e+01
1.664600000000000080e+02 1.406799999999999955e+03 2.000000000000000000e+01
2.881499999999999773e+02 2.188100000000000023e+02 2.000000000000000000e+01
6.821999999999999886e+01 1.276000000000000000e+03 2.000000000000000000e+01
9.763899999999999864e+02 5.872899999999999636e+02 2.000000000000000000e+01
1.006200000000000045e+03 4.634499999999999886e+02 2.000000000000000000e+01
1.008600000000000023e+03 8.355599999999999454e+02 2.100000000000000000e+01
5.901000000000000227e+02 3.271600000000000250e+02 2.000000000000000000e+01
8.848900000000000432e+01 1.066000000000000000e+03 2.000000000000000000e+01
8.700399999999999636e+02 6.932599999999999909e+02 2.000000000000000000e+01
8.432999999999999545e+02 1.369500000000000000e+03 2.100000000000000000e+01
1.368099999999999909e+03 1.042500000000000000e+03 2.000000000000000000e+01
7.094400000000000261e+01 6.504600000000000364e+02 2.000000000000000000e+01
2.091800000000000068e+02 1.097299999999999955e+03 2.000000000000000000e+01
8.545199999999999818e+02 1.245200000000000045e+03 2.000000000000000000e+01
1.169800000000000040e+02 1.097500000000000000e+03 2.000000000000000000e+01
7.067700000000000671e+01 7.452899999999999636e+02 2.100000000000000000e+01
7.147799999999999727e+02 3.688999999999999773e+02 2.000000000000000000e+01
6.112100000000000364e+02 6.053200000000000500e+02 2.000000000000000000e+01
8.864700000000000273e+02 5.965900000000000318e+02 2.000000000000000000e+01
1.246200000000000045e+03 5.523500000000000227e+02 2.000000000000000000e+01
6.805800000000000693e+01 1.441400000000000091e+03 2.000000000000000000e+01
1.093400000000000091e+03 1.382500000000000000e+03 2.000000000000000000e+01
1.483200000000000045e+03 5.687999999999999545e+02 2.100000000000000000e+01
7.654900000000000091e+02 1.382500000000000000e+03 2.100000000000000000e+01
1.144000000000000000e+03 3.428700000000000045e+02 2.000000000000000000e+01
8.014500000000000455e+02 1.360000000000000000e+03 2.100000000000000000e+01
9.604299999999999500e+02 2.355800000000000125e+02 2.100000000000000000e+01
7.332500000000000284e+01 6.931299999999999955e+02 2.100000000000000000e+01
7.684400000000000546e+02 7.599199999999999591e+02 2.000000000000000000e+01
1.009000000000000057e+02 1.205700000000000045e+03 2.000000000000000000e+01
2.655000000000000000e+02 1.227500000000000000e+03 2.100000000000000000e+01
9.125900000000000318e+02 1.165700000000000045e+03 2.000000000000000000e+01
1.208000000000000000e+03 1.424200000000000045e+03 2.000000000000000000e+01
6.695199999999999818e+02 7.779199999999999591e+02 2.000000000000000000e+01
7.284299999999999500e+02 3.281999999999999886e+02 2.000000000000000000e+01
7.137099999999999511e+01 4.749700000000000273e+02 2.000000000000000000e+01
6.919800000000000182e+02 3.063899999999999864e+02 2.000000000000000000e+01
1.076599999999999909e+03 8.995299999999999727e+02 2.000000000000000000e+01
1.498400000000000091e+03 6.160399999999999636e+02 2.000000000000000000e+01
1.606899999999999977e+02 1.326099999999999909e+03 2.000000000000000000e+01
3.050099999999999909e+02 1.200500000000000000e+03 2.100000000000000000e+01
1.541100000000000136e+02 7.163099999999999454e+02 2.000000000000000000e+01
7.288799999999999955e+02 4.752099999999999795e+02 2.000000000000000000e+01
7.159399999999999409e+01 4.322099999999999795e+02 2.100000000000000000e+01
7.004600000000000648e+01 1.027299999999999955e+03 2.000000000000000000e+01
3.052500000000000000e+02 1.243299999999999955e+03 2.000000000000000000e+01
9.395099999999999909e+02 1.304000000000000000e+03 2.000000000000000000e+01
1.059900000000000091e+03 1.357299999999999955e+03 2.000000000000000000e+01
6.707500000000000284e+01 1.490700000000000045e+03 2.000000000000000000e+01
1.009700000000000045e+03 6.137799999999999727e+02 2.000000000000000000e+01
1.504000000000000000e+03 1.418400000000000091e+03 2.100000000000000000e+01
3.980199999999999818e+02 3.035899999999999750e+02 2.000000000000000000e+01
9.104299999999999500e+02 8.432300000000000182e+02 2.000000000000000000e+01
1.417799999999999955e+03 1.054700000000000045e+03 2.000000000000000000e+01
2.087700000000000102e+02 7.893500000000000227e+02 2.000000000000000000e+01
9.280000000000000000e+02 1.422799999999999955e+03 2.000000000000000000e+01
9.887999999999999545e+02 1.574000000000000000e+03 2.100000000000000000e+01
1.000799999999999955e+03 3.649300000000000068e+02 2.000000000000000000e+01
5.080400000000000205e+02 2.101200000000000045e+02 2.000000000000000000e+01
5.572400000000000091e+02 4.681200000000000045e+02 2.000000000000000000e+01
1.368000000000000000e+03 9.197999999999999545e+02 2.000000000000000000e+01
1.024400000000000091e+03 7.159299999999999500e+02 2.000000000000000000e+01
7.083499999999999375e+01 9.848799999999999955e+02 2.000000000000000000e+01
4.780400000000000205e+02 8.915099999999999909e+02 2.000000000000000000e+01
2.080099999999999909e+02 1.166200000000000045e+03 2.000000000000000000e+01
1.441500000000000000e+03 8.012999999999999545e+02 2.000000000000000000e+01
1.840200000000000102e+02 1.131799999999999955e+03 2.000000000000000000e+01
8.091000000000000227e+02 5.620299999999999727e+02 2.000000000000000000e+01
4.206200000000000045e+02 1.307400000000000091e+03 2.000000000000000000e+01
8.246100000000000136e+02 8.721799999999999500e+02 2.000000000000000000e+01
4.592900000000000205e+02 3.834399999999999977e+02 2.000000000000000000e+01
7.817200000000000273e+02 8.723099999999999454e+02 2.000000000000000000e+01
1.276700000000000045e+03 1.572400000000000091e+03 2.100000000000000000e+01
1.150900000000000091e+03 5.144900000000000091e+02 2.000000000000000000e+01
6.367400000000000091e+02 8.045199999999999818e+02 2.000000000000000000e+01
7.709800000000000182e+02 5.440199999999999818e+02 2.100000000000000000e+01
1.040799999999999955e+03 2.841700000000000159e+02 1.900000000000000000e+01
7.553300000000000409e+02 1.265599999999999909e+03 2.000000000000000000e+01
1.497400000000000091e+03 2.874599999999999795e+02 2.100000000000000000e+01
4.198700000000000045e+02 1.265000000000000000e+03 2.000000000000000000e+01
8.239299999999999500e+02 6.097599999999999909e+02 2.000000000000000000e+01
1.072700000000000045e+03 5.411599999999999682e+02 2.000000000000000000e+01
9.574299999999999500e+02 1.453900000000000091e+03 2.100000000000000000e+01
3.229599999999999795e+02 1.280900000000000091e+03 2.000000000000000000e+01
6.261399999999999864e+02 1.191400000000000091e+03 2.100000000000000000e+01
4.561299999999999955e+02 1.331500000000000000e+03 2.000000000000000000e+01
1.110900000000000091e+03 2.056699999999999875e+02 2.000000000000000000e+01
2.580000000000000000e+02 1.573900000000000091e+03 2.100000000000000000e+01
4.866600000000000250e+02 1.574099999999999909e+03 2.100000000000000000e+01
1.450000000000000000e+03 1.571400000000000091e+03 2.000000000000000000e+01
9.996200000000000045e+02 7.938899999999999864e+02 2.000000000000000000e+01
3.709700000000000273e+02 2.692500000000000000e+02 2.000000000000000000e+01
6.847499999999999432e+01 1.232700000000000045e+03 2.000000000000000000e+01
8.084600000000000364e+02 3.355600000000000023e+02 2.000000000000000000e+01
1.457700000000000045e+03 6.460700000000000500e+02 2.000000000000000000e+01
8.868899999999999864e+02 5.020099999999999909e+02 2.100000000000000000e+01
1.501500000000000000e+03 1.007100000000000023e+03 2.000000000000000000e+01
1.325099999999999909e+03 9.237599999999999909e+02 2.000000000000000000e+01
1.614300000000000068e+02 1.284000000000000000e+03 2.000000000000000000e+01
9.682399999999999807e+01 1.136299999999999955e+03 2.000000000000000000e+01
7.604999999999999716e+01 8.774299999999999500e+02 2.100000000000000000e+01
1.460500000000000000e+03 1.208599999999999909e+03 2.100000000000000000e+01
9.794900000000000091e+02 8.675700000000000500e+02 2.000000000000000000e+01
4.061299999999999955e+02 1.225900000000000091e+03 2.000000000000000000e+01
7.194299999999999500e+02 1.161000000000000000e+03 2.000000000000000000e+01
1.088799999999999955e+03 7.960000000000000000e+02 2.000000000000000000e+01
4.216499999999999773e+02 1.516200000000000045e+03 2.100000000000000000e+01
5.092500000000000000e+02 8.630399999999999636e+02 2.000000000000000000e+01
1.497900000000000091e+03 3.884399999999999977e+02 2.000000000000000000e+01
1.630200000000000102e+02 1.094000000000000000e+03 2.100000000000000000e+01
9.563500000000000227e+02 5.503200000000000500e+02 2.000000000000000000e+01
1.120900000000000091e+03 6.687899999999999636e+02 1.900000000000000000e+01
1.343400000000000034e+02 2.501800000000000068e+02 2.000000000000000000e+01
9.881000000000000227e+02 1.527100000000000080e+02 2.000000000000000000e+01
1.498099999999999909e+03 7.006399999999999864e+02 2.000000000000000000e+01
4.030500000000000114e+02 8.590399999999999636e+02 2.100000000000000000e+01
9.335700000000000500e+02 5.924600000000000364e+02 2.000000000000000000e+01
1.119599999999999909e+03 8.234700000000000273e+02 1.900000000000000000e+01
8.043500000000000227e+02 1.208099999999999909e+03 2.000000000000000000e+01
6.552999999999999545e+02 7.147400000000000091e+02 2.000000000000000000e+01
5.731100000000000136e+02 3.676100000000000136e+02 2.000000000000000000e+01
4.429499999999999886e+02 1.422400000000000091e+03 2.100000000000000000e+01
1.147800000000000011e+02 8.371699999999999591e+02 2.000000000000000000e+01
1.358900000000000091e+03 1.491299999999999955e+03 2.000000000000000000e+01
2.140000000000000000e+02 6.152300000000000182e+02 2.000000000000000000e+01
1.381700000000000045e+03 2.430900000000000034e+02 2.100000000000000000e+01
1.556299999999999955e+02 3.287099999999999795e+02 2.000000000000000000e+01
1.093700000000000045e+03 1.553700000000000045e+02 2.100000000000000000e+01
8.401599999999999682e+02 3.644599999999999795e+02 2.000000000000000000e+01
1.614099999999999966e+02 4.285299999999999727e+02 2.000000000000000000e+01
1.118099999999999909e+03 3.773399999999999750e+02 2.000000000000000000e+01
7.219800000000000182e+02 5.173899999999999864e+02 2.000000000000000000e+01
1.230599999999999909e+03 5.114800000000000182e+02 1.900000000000000000e+01
1.435600000000000023e+02 1.206599999999999909e+03 2.000000000000000000e+01
1.423500000000000000e+03 1.135000000000000000e+03 2.000000000000000000e+01
1.000000000000000000e+03 1.230000000000000000e+03 2.100000000000000000e+01
1.401200000000000045e+03 1.400700000000000045e+03 2.100000000000000000e+01
7.659700000000000273e+02 1.225400000000000091e+03 2.000000000000000000e+01
7.084099999999999397e+01 5.592100000000000364e+02 2.000000000000000000e+01
1.346099999999999909e+03 9.610000000000000000e+02 2.100000000000000000e+01
8.626399999999999864e+02 1.429900000000000091e+03 2.000000000000000000e+01
1.003399999999999977e+03 7.520299999999999727e+02 2.000000000000000000e+01
1.098700000000000045e+03 3.399399999999999977e+02 2.000000000000000000e+01
1.415500000000000000e+03 6.574199999999999591e+02 2.000000000000000000e+01
5.988099999999999454e+02 4.590699999999999932e+02 2.000000000000000000e+01
1.041099999999999909e+03 8.040000000000000000e+02 2.000000000000000000e+01
1.118500000000000000e+03 9.974900000000000091e+02 1.900000000000000000e+01
1.316500000000000000e+03 6.271900000000000546e+02 2.000000000000000000e+01
1.360900000000000091e+03 1.001200000000000045e+03 2.000000000000000000e+01
5.112900000000000205e+02 7.619600000000000364e+02 2.000000000000000000e+01
1.492200000000000045e+03 4.318100000000000023e+02 2.100000000000000000e+01
1.344700000000000045e+03 1.127599999999999909e+03 2.000000000000000000e+01
8.221299999999999955e+02 1.169400000000000091e+03 2.000000000000000000e+01
9.534199999999999591e+02 2.876200000000000045e+02 2.000000000000000000e+01
1.263100000000000023e+02 8.780099999999999909e+02 2.000000000000000000e+01
1.388900000000000091e+03 1.235099999999999909e+03 2.000000000000000000e+01
7.163700000000000045e+02 1.036000000000000000e+03 2.000000000000000000e+01
4.799300000000000068e+02 5.021399999999999864e+02 2.000000000000000000e+01
1.497700000000000045e+03 4.836600000000000250e+02 2.100000000000000000e+01
1.506299999999999955e+03 1.568799999999999955e+03 2.100000000000000000e+01
8.255899999999999750e+01 1.316000000000000000e+03 2.100000000000000000e+01
4.486299999999999955e+02 1.482400000000000091e+03 2.100000000000000000e+01
7.129299999999999500e+02 9.829199999999999591e+02 2.000000000000000000e+01
1.454399999999999977e+02 9.143400000000000318e+02 2.000000000000000000e+01
1.319699999999999989e+02 7.564800000000000182e+02 2.000000000000000000e+01
6.845199999999999818e+01 1.355500000000000000e+03 2.100000000000000000e+01
1.310200000000000045e+03 2.870000000000000000e+02 2.000000000000000000e+01
1.219799999999999955e+03 1.063900000000000091e+03 2.000000000000000000e+01
1.143500000000000000e+03 1.247099999999999909e+03 2.000000000000000000e+01
8.570299999999999727e+02 5.333799999999999955e+02 2.000000000000000000e+01
1.113799999999999955e+03 4.190799999999999841e+02 2.000000000000000000e+01
5.459900000000000091e+02 1.455500000000000000e+03 2.000000000000000000e+01
4.108000000000000114e+02 6.992599999999999909e+02 2.000000000000000000e+01
1.207200000000000045e+03 5.680599999999999454e+02 2.000000000000000000e+01
2.151200000000000045e+02 1.574299999999999955e+03 2.100000000000000000e+01
1.738300000000000125e+02 5.233099999999999454e+02 2.000000000000000000e+01
1.228000000000000000e+03 7.295800000000000409e+02 2.000000000000000000e+01
5.819800000000000182e+02 5.135299999999999727e+02 2.000000000000000000e+01
2.732300000000000182e+02 3.173500000000000227e+02 2.000000000000000000e+01
1.188599999999999909e+03 7.141799999999999500e+02 2.000000000000000000e+01
1.665900000000000034e+02 1.241700000000000045e+03 2.100000000000000000e+01
4.467599999999999909e+02 1.379599999999999909e+03 2.000000000000000000e+01
6.834000000000000341e+01 1.398099999999999909e+03 2.000000000000000000e+01
9.988700000000000045e+02 3.074200000000000159e+02 2.000000000000000000e+01
7.304400000000000546e+02 1.202000000000000000e+03 2.000000000000000000e+01
2.533000000000000114e+02 1.327900000000000091e+03 2.000000000000000000e+01
6.310599999999999454e+02 1.049400000000000091e+03 2.000000000000000000e+01
1.895800000000000125e+02 1.204700000000000045e+03 2.100000000000000000e+01
1.332000000000000000e+03 2.317400000000000091e+02 2.000000000000000000e+01
1.090999999999999943e+02 1.008700000000000045e+03 2.000000000000000000e+01
1.505900000000000091e+03 1.506200000000000045e+03 2.100000000000000000e+01
9.089500000000000455e+02 9.932899999999999636e+02 2.000000000000000000e+01
1.243099999999999909e+03 1.399099999999999909e+03 2.100000000000000000e+01
6.071200000000000045e+02 7.063099999999999454e+02 2.000000000000000000e+01
2.346500000000000057e+02 1.199400000000000091e+03 2.000000000000000000e+01
1.496900000000000091e+03 2.430500000000000114e+02 2.100000000000000000e+01
1.503700000000000045e+03 1.208200000000000045e+03 2.000000000000000000e+01
1.458799999999999955e+03 1.050200000000000045e+03 2.000000000000000000e+01
7.711200000000000045e+02 9.131100000000000136e+02 2.000000000000000000e+01
1.226299999999999955e+03 1.572099999999999909e+03 2.000000000000000000e+01
1.393500000000000000e+03 3.424599999999999795e+02 2.100000000000000000e+01
1.233099999999999909e+03 1.530700000000000045e+03 2.000000000000000000e+01
1.430300000000000011e+02 8.050199999999999818e+02 2.000000000000000000e+01
1.380700000000000045e+03 8.666399999999999864e+02 2.000000000000000000e+01
1.116299999999999955e+03 7.641799999999999500e+02 2.000000000000000000e+01
1.196299999999999955e+03 9.332699999999999818e+02 2.000000000000000000e+01
4.092200000000000273e+02 4.029900000000000091e+02 2.000000000000000000e+01
1.500900000000000091e+03 8.609900000000000091e+02 2.000000000000000000e+01
4.241200000000000045e+02 2.692300000000000182e+02 2.100000000000000000e+01
7.170499999999999829e+01 2.251500000000000057e+02 2.100000000000000000e+01
1.504400000000000091e+03 1.309000000000000000e+03 2.000000000000000000e+01
8.489400000000000546e+02 5.750900000000000318e+02 2.000000000000000000e+01
1.501099999999999909e+03 1.166299999999999955e+03 2.000000000000000000e+01
1.058500000000000000e+03 6.914600000000000364e+02 2.000000000000000000e+01
1.457700000000000045e+03 8.534600000000000364e+02 2.100000000000000000e+01
9.114400000000000546e+02 1.036200000000000045e+03 2.000000000000000000e+01
1.149900000000000091e+03 9.209199999999999591e+02 2.000000000000000000e+01
2.239499999999999886e+02 1.532099999999999909e+03 2.100000000000000000e+01
1.323400000000000091e+03 1.429599999999999909e+03 2.000000000000000000e+01
1.134200000000000017e+02 2.145800000000000125e+02 2.000000000000000000e+01
3.083000000000000114e+02 1.573599999999999909e+03 2.000000000000000000e+01
6.887899999999999636e+02 1.573900000000000091e+03 2.000000000000000000e+01
1.234599999999999937e+02 1.170200000000000045e+03 2.000000000000000000e+01
9.209600000000000364e+02 2.064399999999999977e+02 2.000000000000000000e+01
1.654600000000000080e+02 1.169900000000000091e+03 2.000000000000000000e+01
6.229800000000000182e+02 1.392599999999999909e+03 2.000000000000000000e+01
1.065799999999999983e+02 6.249800000000000182e+02 2.000000000000000000e+01
1.262200000000000045e+03 8.239199999999999591e+02 2.000000000000000000e+01
1.372599999999999909e+03 1.531500000000000000e+03 2.100000000000000000e+01
1.399900000000000091e+03 1.016100000000000023e+03 2.000000000000000000e+01
9.919900000000000091e+02 1.142400000000000091e+03 2.000000000000000000e+01
8.349800000000000182e+02 1.057200000000000045e+03 2.000000000000000000e+01
4.164599999999999795e+02 1.350099999999999909e+03 2.100000000000000000e+01
7.189199999999999591e+02 1.396400000000000091e+03 2.000000000000000000e+01
1.720500000000000114e+02 1.574900000000000091e+03 2.100000000000000000e+01
9.415199999999999818e+02 1.569500000000000000e+03 2.100000000000000000e+01
1.075400000000000091e+03 1.131400000000000091e+03 1.900000000000000000e+01
1.464299999999999955e+03 1.141599999999999909e+03 2.000000000000000000e+01
6.477300000000000182e+02 1.584600000000000080e+02 2.000000000000000000e+01
1.409500000000000000e+03 9.165700000000000500e+02 2.000000000000000000e+01
7.858600000000000136e+02 1.550099999999999909e+03 2.100000000000000000e+01
1.323000000000000000e+03 1.514000000000000000e+03 2.100000000000000000e+01
1.344400000000000091e+03 1.489099999999999966e+02 2.100000000000000000e+01
8.463300000000000409e+02 1.203799999999999955e+03 2.100000000000000000e+01
2.774300000000000068e+02 9.005299999999999727e+02 2.000000000000000000e+01
1.068900000000000091e+03 2.038000000000000114e+02 2.000000000000000000e+01
1.422200000000000045e+03 1.461500000000000000e+03 2.000000000000000000e+01
1.215700000000000045e+03 9.710900000000000318e+02 2.000000000000000000e+01
9.740299999999999727e+02 1.492500000000000000e+03 2.000000000000000000e+01
7.873400000000000318e+02 1.559600000000000080e+02 2.000000000000000000e+01
1.320000000000000000e+03 1.470700000000000045e+03 2.000000000000000000e+01
1.057500000000000000e+03 1.470900000000000091e+03 2.000000000000000000e+01
1.013799999999999955e+02 9.124099999999999682e+02 2.000000000000000000e+01
1.401099999999999909e+03 1.498700000000000045e+03 2.100000000000000000e+01
1.457799999999999955e+03 6.047200000000000273e+02 2.000000000000000000e+01
1.269299999999999955e+03 4.951200000000000045e+02 2.000000000000000000e+01
1.285099999999999909e+03 5.337699999999999818e+02 2.000000000000000000e+01
1.033299999999999955e+03 1.133299999999999955e+03 2.000000000000000000e+01
1.002600000000000023e+03 1.925600000000000023e+02 2.000000000000000000e+01
1.103200000000000045e+03 5.769900000000000091e+02 1.900000000000000000e+01
1.289599999999999909e+03 9.015499999999999545e+02 2.100000000000000000e+01
8.507500000000000000e+02 7.857799999999999727e+02 2.000000000000000000e+01
4.912699999999999818e+02 5.438300000000000409e+02 2.000000000000000000e+01
4.565500000000000114e+02 4.654599999999999795e+02 2.000000000000000000e+01
5.358300000000000409e+02 8.977300000000000182e+02 2.000000000000000000e+01
1.079500000000000000e+03 3.014100000000000250e+02 2.000000000000000000e+01
1.410299999999999955e+03 4.423799999999999955e+02 2.000000000000000000e+01
7.093999999999999773e+01 3.662699999999999818e+02 2.000000000000000000e+01
1.457099999999999909e+03 9.011299999999999955e+02 2.100000000000000000e+01
7.103000000000000114e+01 5.172999999999999545e+02 2.000000000000000000e+01
1.444099999999999909e+03 9.422400000000000091e+02 2.000000000000000000e+01
1.318299999999999955e+03 1.161400000000000091e+03 2.000000000000000000e+01
1.384299999999999955e+03 1.571799999999999955e+03 2.100000000000000000e+01
3.312200000000000273e+02 1.538000000000000000e+03 2.100000000000000000e+01
8.019900000000000091e+02 1.031900000000000091e+03 2.000000000000000000e+01
1.341599999999999909e+03 8.849199999999999591e+02 2.000000000000000000e+01
1.151900000000000091e+03 1.350099999999999909e+03 2.000000000000000000e+01
9.599600000000000364e+02 1.926800000000000068e+02 2.000000000000000000e+01
6.317699999999999818e+02 1.509000000000000000e+03 2.100000000000000000e+01
7.019199999999999591e+02 1.433799999999999955e+03 2.000000000000000000e+01
7.615199999999999818e+02 5.032300000000000182e+02 2.000000000000000000e+01
1.344400000000000091e+03 1.241000000000000000e+03 2.000000000000000000e+01
6.258799999999999955e+02 1.434599999999999909e+03 2.000000000000000000e+01
1.497900000000000091e+03 5.288200000000000500e+02 2.100000000000000000e+01
1.447200000000000045e+03 3.053500000000000227e+02 2.100000000000000000e+01
3.543500000000000227e+02 9.475800000000000409e+02 2.000000000000000000e+01
5.889199999999999591e+02 1.366700000000000045e+03 2.000000000000000000e+01
1.069299999999999955e+03 1.530599999999999909e+03 2.100000000000000000e+01
8.074900000000000091e+02 7.739199999999999591e+02 2.000000000000000000e+01
5.439500000000000455e+02 1.378299999999999955e+03 2.000000000000000000e+01
6.493300000000000409e+02 4.479399999999999977e+02 2.000000000000000000e+01
1.163000000000000000e+03 6.594600000000000364e+02 2.000000000000000000e+01
1.481700000000000045e+03 1.086799999999999955e+03 2.000000000000000000e+01
1.238900000000000091e+03 5.963500000000000227e+02 2.000000000000000000e+01
9.125800000000000409e+02 6.286699999999999591e+02 2.000000000000000000e+01
4.838999999999999773e+02 1.412200000000000045e+03 2.000000000000000000e+01
1.115299999999999955e+03 5.368500000000000227e+02 2.000000000000000000e+01
1.415099999999999909e+02 1.131500000000000000e+03 2.100000000000000000e+01
9.743799999999999955e+02 1.534599999999999909e+03 2.100000000000000000e+01
1.072099999999999909e+03 1.573099999999999909e+03 2.100000000000000000e+01
1.029400000000000091e+03 1.260000000000000000e+03 2.000000000000000000e+01
1.193200000000000045e+03 1.516200000000000045e+03 2.100000000000000000e+01
8.477899999999999636e+02 1.288500000000000000e+03 2.000000000000000000e+01
6.625099999999999909e+02 1.414599999999999909e+03 2.100000000000000000e+01
1.092900000000000091e+03 5.010500000000000114e+02 2.000000000000000000e+01
1.192400000000000091e+03 5.292899999999999636e+02 2.000000000000000000e+01
9.459099999999999682e+02 1.530099999999999909e+02 2.000000000000000000e+01
1.463700000000000045e+03 1.321000000000000000e+03 2.000000000000000000e+01
5.261399999999999864e+02 1.417900000000000091e+03 2.100000000000000000e+01
6.801100000000000136e+02 1.375900000000000091e+03 2.100000000000000000e+01
5.033899999999999864e+02 9.254700000000000273e+02 2.000000000000000000e+01
1.382000000000000000e+03 1.147400000000000091e+03 2.000000000000000000e+01
6.848799999999999955e+01 1.533700000000000045e+03 2.100000000000000000e+01
5.634199999999999591e+02 1.193000000000000000e+03 2.000000000000000000e+01
1.349900000000000091e+03 2.697400000000000091e+02 2.000000000000000000e+01
1.635399999999999920e+02 4.828899999999999864e+02 2.000000000000000000e+01
1.690900000000000034e+02 7.734099999999999682e+02 2.100000000000000000e+01
1.030400000000000091e+03 1.565700000000000045e+03 2.100000000000000000e+01
7.699700000000000273e+02 9.558099999999999454e+02 2.000000000000000000e+01
1.397599999999999909e+03 7.972500000000000000e+02 2.000000000000000000e+01
1.435400000000000091e+03 3.468199999999999932e+02 2.000000000000000000e+01
7.205800000000000693e+01 2.680099999999999909e+02 2.100000000000000000e+01
1.440599999999999909e+03 1.091400000000000091e+03 2.100000000000000000e+01
1.151000000000000000e+03 1.510000000000000000e+03 2.100000000000000000e+01
4.150500000000000114e+02 6.570800000000000409e+02 2.000000000000000000e+01
1.024300000000000068e+02 1.466299999999999955e+03 2.100000000000000000e+01
8.622799999999999727e+02 2.659399999999999977e+02 2.000000000000000000e+01
1.246599999999999909e+03 2.088600000000000136e+02 2.000000000000000000e+01
1.416799999999999955e+03 1.543400000000000091e+03 2.100000000000000000e+01
9.660099999999999909e+02 3.891999999999999886e+02 1.900000000000000000e+01
5.075600000000000023e+02 1.313200000000000045e+03 2.000000000000000000e+01
4.625600000000000023e+02 7.348999999999999773e+02 2.000000000000000000e+01
1.496500000000000000e+03 1.887500000000000000e+02 2.100000000000000000e+01
1.962100000000000080e+02 4.537200000000000273e+02 1.900000000000000000e+01
6.965199999999999818e+02 4.479800000000000182e+02 2.000000000000000000e+01
1.149099999999999909e+03 6.997599999999999909e+02 2.000000000000000000e+01
4.475000000000000000e+02 9.881200000000000045e+02 2.000000000000000000e+01
1.449599999999999909e+03 4.252200000000000273e+02 2.100000000000000000e+01
1.463500000000000000e+03 1.472799999999999955e+03 2.100000000000000000e+01
1.459200000000000045e+03 2.231999999999999886e+02 2.100000000000000000e+01
6.170099999999999909e+02 4.202500000000000000e+02 2.000000000000000000e+01
1.455000000000000000e+03 3.846800000000000068e+02 2.100000000000000000e+01
1.422000000000000000e+03 8.767200000000000273e+02 2.000000000000000000e+01
9.896900000000000546e+02 2.675400000000000205e+02 2.000000000000000000e+01
1.454799999999999955e+03 1.799300000000000068e+02 2.100000000000000000e+01
1.416299999999999955e+03 8.354400000000000546e+02 2.000000000000000000e+01
1.770500000000000114e+02 8.861100000000000136e+02 2.000000000000000000e+01
1.193400000000000091e+03 1.500600000000000023e+02 2.100000000000000000e+01
1.404199999999999875e+02 1.484799999999999955e+03 2.000000000000000000e+01
1.314700000000000045e+03 1.906599999999999966e+02 2.000000000000000000e+01
1.477500000000000000e+03 1.538599999999999909e+03 2.100000000000000000e+01
7.158100000000000307e+01 6.008600000000000136e+02 1.900000000000000000e+01
8.688500000000000227e+02 1.168700000000000045e+03 2.100000000000000000e+01
1.444299999999999955e+03 1.511000000000000000e+03 2.100000000000000000e+01
1.234599999999999909e+03 3.434599999999999795e+02 1.900000000000000000e+01
9.499900000000000091e+02 1.145400000000000091e+03 2.000000000000000000e+01
1.499799999999999955e+03 9.051699999999999591e+02 2.100000000000000000e+01
1.461700000000000045e+03 2.657699999999999818e+02 2.000000000000000000e+01
1.066299999999999955e+02 7.218999999999999773e+02 2.000000000000000000e+01
1.420299999999999955e+03 2.052899999999999920e+02 2.000000000000000000e+01
1.423000000000000000e+03 2.468000000000000114e+02 2.000000000000000000e+01
1.455599999999999909e+03 5.269900000000000091e+02 1.900000000000000000e+01
1.478799999999999955e+03 1.454499999999999886e+02 2.100000000000000000e+01
1.301400000000000091e+03 1.497299999999999898e+02 2.100000000000000000e+01
