1.210000000000000000e+02 1.563500000000000000e+03 3.000000000000000000e+01
1.146500000000000000e+03 1.185500000000000000e+03 2.900000000000000000e+01
4.861700000000000159e+02 1.099400000000000091e+03 2.900000000000000000e+01
1.969600000000000080e+02 1.360500000000000000e+03 3.000000000000000000e+01
7.299800000000000182e+02 1.550400000000000091e+03 3.000000000000000000e+01
2.792799999999999727e+02 1.430000000000000000e+03 3.000000000000000000e+01
7.484700000000000273e+02 1.308000000000000000e+03 2.900000000000000000e+01
5.629800000000000182e+02 7.708799999999999955e+02 2.900000000000000000e+01
7.809199999999999591e+02 1.253700000000000045e+03 2.900000000000000000e+01
1.835399999999999920e+02 6.524500000000000455e+02 2.900000000000000000e+01
1.079400000000000091e+03 1.325799999999999955e+03 2.900000000000000000e+01
8.575099999999999909e+02 1.320400000000000091e+03 2.900000000000000000e+01
4.197799999999999727e+02 1.117099999999999909e+03 3.000000000000000000e+01
3.504499999999999886e+02 1.222500000000000000e+03 2.900000000000000000e+01
9.817000000000000455e+02 1.344000000000000000e+03 2.900000000000000000e+01
7.505099999999999909e+02 1.430500000000000000e+03 3.000000000000000000e+01
8.264500000000000455e+02 1.467000000000000000e+03 3.000000000000000000e+01
2.644499999999999886e+02 1.275500000000000000e+03 3.000000000000000000e+01
1.071799999999999955e+03 1.259799999999999955e+03 2.900000000000000000e+01
4.535199999999999818e+02 1.221500000000000000e+03 2.900000000000000000e+01
3.394900000000000091e+02 8.104900000000000091e+02 2.900000000000000000e+01
1.454400000000000091e+03 8.013099999999999454e+02 2.900000000000000000e+01
9.215499999999999545e+02 1.342000000000000000e+03 3.000000000000000000e+01
7.950000000000000000e+02 3.738999999999999773e+02 2.900000000000000000e+01
1.146000000000000000e+03 1.079000000000000000e+03 2.900000000000000000e+01
5.930099999999999909e+02 1.307599999999999909e+02 2.900000000000000000e+01
6.219600000000000364e+02 1.337500000000000000e+03 2.900000000000000000e+01
8.706299999999999955e+02 1.203000000000000000e+03 2.900000000000000000e+01
3.720299999999999727e+02 1.565500000000000000e+03 3.000000000000000000e+01
4.615899999999999750e+02 1.161599999999999909e+03 2.900000000000000000e+01
1.752599999999999909e+02 9.290700000000000500e+02 2.900000000000000000e+01
6.434500000000000455e+02 5.719600000000000364e+02 2.900000000000000000e+01
1.217400000000000091e+03 1.215700000000000045e+03 2.900000000000000000e+01
1.087400000000000091e+03 1.188000000000000000e+03 2.900000000000000000e+01
6.245199999999999818e+02 1.230500000000000000e+03 2.900000000000000000e+01
8.221699999999999591e+02 7.211200000000000045e+02 2.900000000000000000e+01
1.824399999999999977e+02 1.456500000000000000e+03 3.000000000000000000e+01
1.398500000000000000e+03 1.358500000000000000e+03 3.000000000000000000e+01
4.909800000000000182e+02 1.461000000000000000e+03 3.000000000000000000e+01
2.949200000000000159e+02 3.770000000000000000e+02 2.900000000000000000e+01
1.199800000000000040e+02 1.356500000000000000e+03 2.900000000000000000e+01
2.972300000000000182e+02 1.103900000000000091e+03 2.900000000000000000e+01
3.892699999999999818e+02 1.167099999999999909e+03 2.900000000000000000e+01
1.367799999999999955e+03 9.484400000000000546e+02 2.900000000000000000e+01
4.119700000000000273e+02 3.185299999999999727e+02 2.900000000000000000e+01
5.460499999999999545e+02 1.327799999999999955e+03 2.900000000000000000e+01
1.227900000000000091e+03 1.156799999999999955e+03 2.900000000000000000e+01
4.750400000000000205e+02 1.523299999999999955e+03 3.000000000000000000e+01
1.335000000000000000e+03 1.339299999999999955e+03 2.900000000000000000e+01
9.355099999999999909e+02 1.026400000000000091e+03 2.900000000000000000e+01
8.384700000000000273e+02 1.002000000000000000e+03 2.900000000000000000e+01
2.732200000000000273e+02 1.525599999999999909e+03 3.000000000000000000e+01
7.934700000000000273e+02 2.290399999999999920e+02 2.900000000000000000e+01
3.354900000000000091e+02 9.899700000000000273e+02 2.900000000000000000e+01
9.562200000000000273e+02 1.397599999999999909e+03 3.000000000000000000e+01
5.743400000000000318e+02 8.778500000000000227e+02 2.900000000000000000e+01
6.975299999999999727e+02 1.097500000000000000e+03 2.900000000000000000e+01
5.495299999999999727e+02 2.535300000000000011e+02 2.900000000000000000e+01
8.537899999999999636e+02 8.818400000000000318e+02 2.900000000000000000e+01
8.404399999999999693e+01 7.694700000000000273e+02 2.900000000000000000e+01
1.269900000000000091e+03 1.255099999999999909e+03 2.900000000000000000e+01
4.992599999999999909e+02 1.041599999999999909e+03 2.900000000000000000e+01
1.246799999999999955e+03 1.491900000000000091e+03 3.000000000000000000e+01
2.519499999999999886e+02 1.064900000000000091e+03 2.900000000000000000e+01
2.775299999999999727e+02 8.337699999999999818e+02 2.900000000000000000e+01
9.285299999999999727e+02 1.180099999999999909e+03 2.900000000000000000e+01
7.339800000000000182e+02 1.051200000000000045e+03 2.900000000000000000e+01
5.314700000000000273e+02 1.505200000000000045e+03 3.000000000000000000e+01
1.070299999999999955e+03 1.427000000000000000e+03 2.900000000000000000e+01
5.649900000000000091e+02 1.232500000000000000e+03 2.900000000000000000e+01
4.318500000000000227e+02 1.565400000000000091e+03 3.000000000000000000e+01
7.640499999999999545e+02 4.288600000000000136e+02 2.900000000000000000e+01
1.024500000000000000e+03 1.294500000000000000e+03 2.900000000000000000e+01
1.188299999999999955e+03 1.464599999999999909e+03 3.000000000000000000e+01
1.007000000000000000e+03 8.626699999999999591e+02 2.900000000000000000e+01
5.252500000000000000e+02 9.864500000000000455e+02 2.900000000000000000e+01
8.293200000000000500e+02 1.565099999999999909e+03 2.900000000000000000e+01
7.187000000000000455e+02 1.480900000000000091e+03 2.900000000000000000e+01
1.128000000000000000e+03 2.010600000000000023e+02 2.900000000000000000e+01
5.229500000000000455e+02 1.145500000000000000e+03 2.900000000000000000e+01
1.020000000000000000e+03 1.395000000000000000e+03 3.000000000000000000e+01
1.414500000000000000e+03 9.904800000000000182e+02 2.900000000000000000e+01
5.128600000000000136e+02 1.263799999999999955e+03 3.000000000000000000e+01
1.162700000000000045e+03 1.002600000000000023e+03 2.900000000000000000e+01
9.764299999999999500e+02 9.608200000000000500e+02 2.900000000000000000e+01
1.259299999999999955e+03 3.192300000000000182e+02 2.900000000000000000e+01
1.453500000000000000e+03 7.430399999999999636e+02 2.900000000000000000e+01
5.824900000000000091e+02 1.137500000000000000e+03 2.900000000000000000e+01
8.510599999999999454e+02 9.429800000000000182e+02 2.900000000000000000e+01
7.201299999999999955e+02 8.342899999999999636e+02 2.900000000000000000e+01
1.752199999999999989e+02 2.455500000000000114e+02 2.900000000000000000e+01
3.236399999999999864e+02 1.050900000000000091e+03 2.900000000000000000e+01
1.333400000000000091e+03 4.095500000000000114e+02 2.900000000000000000e+01
9.098999999999999773e+02 9.290299999999999727e+02 2.900000000000000000e+01
5.419700000000000273e+02 5.345000000000000000e+02 2.900000000000000000e+01
4.566999999999999886e+02 1.281700000000000045e+03 2.900000000000000000e+01
3.035400000000000205e+02 4.489599999999999795e+02 2.900000000000000000e+01
7.225499999999999545e+02 2.244499999999999886e+02 2.900000000000000000e+01
6.555599999999999454e+02 6.394600000000000364e+02 2.900000000000000000e+01
7.545299999999999727e+02 2.745699999999999932e+02 2.900000000000000000e+01
9.656299999999999955e+02 1.286000000000000000e+03 2.900000000000000000e+01
9.954600000000000364e+02 1.017500000000000000e+03 2.900000000000000000e+01
7.024800000000000182e+02 9.130499999999999545e+02 2.900000000000000000e+01
1.722500000000000000e+02 1.523599999999999909e+03 3.000000000000000000e+01
1.309799999999999955e+03 1.563400000000000091e+03 2.900000000000000000e+01
1.254299999999999955e+03 2.130099999999999909e+02 2.900000000000000000e+01
6.627899999999999636e+02 8.193999999999999773e+02 2.900000000000000000e+01
7.000599999999999454e+02 7.419800000000000182e+02 2.900000000000000000e+01
1.118400000000000091e+03 1.391000000000000000e+03 2.900000000000000000e+01
8.239400000000000546e+02 4.268199999999999932e+02 2.900000000000000000e+01
8.539700000000000273e+02 1.064599999999999909e+03 2.900000000000000000e+01
3.005000000000000000e+02 1.323500000000000000e+03 2.900000000000000000e+01
1.126900000000000091e+03 1.289200000000000045e+03 2.900000000000000000e+01
3.314399999999999977e+02 1.153000000000000000e+03 2.900000000000000000e+01
9.009199999999999591e+02 6.571599999999999682e+02 2.900000000000000000e+01
1.078299999999999955e+03 6.939800000000000182e+02 2.900000000000000000e+01
1.086500000000000000e+03 1.082500000000000000e+03 2.900000000000000000e+01
6.467500000000000000e+02 9.331599999999999682e+02 2.900000000000000000e+01
1.460000000000000000e+03 1.248500000000000000e+03 2.900000000000000000e+01
1.694799999999999898e+02 8.204500000000000455e+02 2.900000000000000000e+01
8.883200000000000500e+02 1.461900000000000091e+03 2.900000000000000000e+01
3.906100000000000136e+02 1.869499999999999886e+02 2.900000000000000000e+01
9.955099999999999909e+02 3.870199999999999818e+02 2.900000000000000000e+01
6.476299999999999955e+02 9.960299999999999727e+02 2.900000000000000000e+01
5.250199999999999818e+02 3.079499999999999886e+02 2.900000000000000000e+01
9.856299999999999955e+02 5.248899999999999864e+02 2.900000000000000000e+01
1.112599999999999909e+03 2.590500000000000114e+02 2.900000000000000000e+01
1.278500000000000000e+03 1.004100000000000023e+03 2.900000000000000000e+01
9.624900000000000091e+02 9.022500000000000000e+02 2.900000000000000000e+01
1.194899999999999949e+02 9.501799999999999500e+02 2.900000000000000000e+01
9.529400000000000546e+02 6.860700000000000500e+02 2.900000000000000000e+01
2.265200000000000102e+02 8.015599999999999454e+02 2.900000000000000000e+01
4.790400000000000205e+02 2.384499999999999886e+02 2.900000000000000000e+01
3.595899999999999750e+02 1.340700000000000045e+03 2.900000000000000000e+01
5.639099999999999682e+02 1.819900000000000091e+02 2.900000000000000000e+01
7.452400000000000091e+02 1.158599999999999909e+03 2.900000000000000000e+01
6.978999999999999773e+02 1.341099999999999909e+03 3.000000000000000000e+01
1.451599999999999909e+03 3.108700000000000045e+02 2.900000000000000000e+01
1.185000000000000000e+03 6.433799999999999955e+02 2.900000000000000000e+01
1.381000000000000000e+03 1.300500000000000000e+03 2.900000000000000000e+01
1.456599999999999909e+03 9.473999999999999773e+02 2.900000000000000000e+01
2.389499999999999886e+02 1.476500000000000000e+03 3.000000000000000000e+01
9.928600000000000136e+02 6.411900000000000546e+02 2.900000000000000000e+01
4.140299999999999727e+02 1.323400000000000034e+02 2.900000000000000000e+01
7.754900000000000091e+02 1.496700000000000045e+03 3.000000000000000000e+01
1.153599999999999994e+02 1.416000000000000000e+03 2.900000000000000000e+01
1.030700000000000045e+03 1.208700000000000045e+03 2.900000000000000000e+01
1.160500000000000000e+03 4.480000000000000000e+02 2.900000000000000000e+01
1.279799999999999955e+03 1.314599999999999909e+03 2.900000000000000000e+01
8.165199999999999818e+02 1.111000000000000000e+03 2.900000000000000000e+01
1.218000000000000000e+03 7.527500000000000000e+02 2.900000000000000000e+01
1.131400000000000091e+03 9.515099999999999909e+02 2.900000000000000000e+01
2.790000000000000000e+02 1.012200000000000045e+03 2.900000000000000000e+01
1.239099999999999909e+03 1.432200000000000045e+03 2.900000000000000000e+01
8.609600000000000364e+02 1.515599999999999909e+03 3.000000000000000000e+01
1.330000000000000000e+03 1.177400000000000091e+03 2.900000000000000000e+01
6.423899999999999864e+02 1.120000000000000000e+03 2.900000000000000000e+01
4.400099999999999909e+02 1.061200000000000045e+03 2.900000000000000000e+01
9.210099999999999909e+02 1.515500000000000000e+03 3.000000000000000000e+01
2.256200000000000045e+02 9.850099999999999909e+02 2.900000000000000000e+01
5.843500000000000227e+02 1.533000000000000000e+03 2.900000000000000000e+01
2.942500000000000000e+02 6.558999999999999773e+02 2.900000000000000000e+01
1.014500000000000000e+03 1.511500000000000000e+03 3.000000000000000000e+01
1.294299999999999955e+03 6.909199999999999591e+02 2.900000000000000000e+01
6.355000000000000000e+02 8.745000000000000000e+02 2.900000000000000000e+01
2.065999999999999943e+02 2.972300000000000182e+02 3.000000000000000000e+01
4.924700000000000273e+02 6.245000000000000000e+02 2.900000000000000000e+01
8.147599999999999909e+01 1.364499999999999886e+02 2.900000000000000000e+01
3.118799999999999955e+02 8.819500000000000455e+02 2.900000000000000000e+01
9.121000000000000227e+02 8.693799999999999955e+02 2.900000000000000000e+01
1.835600000000000023e+02 5.431299999999999955e+02 2.900000000000000000e+01
1.269500000000000000e+03 1.372599999999999909e+03 2.900000000000000000e+01
6.529900000000000091e+02 1.056000000000000000e+03 3.000000000000000000e+01
6.501000000000000227e+02 1.284500000000000000e+03 2.900000000000000000e+01
2.355200000000000102e+02 2.456200000000000045e+02 2.900000000000000000e+01
5.311699999999999591e+02 9.198899999999999864e+02 2.900000000000000000e+01
3.940000000000000000e+02 9.985499999999999545e+02 2.900000000000000000e+01
1.253400000000000091e+03 1.103799999999999955e+03 2.900000000000000000e+01
5.900599999999999454e+02 1.287500000000000000e+03 2.900000000000000000e+01
1.990500000000000114e+02 1.038299999999999955e+03 2.900000000000000000e+01
1.412900000000000091e+03 6.768799999999999955e+02 2.900000000000000000e+01
3.115899999999999750e+02 3.121399999999999864e+02 2.900000000000000000e+01
1.101599999999999909e+03 8.554600000000000364e+02 2.900000000000000000e+01
2.121100000000000136e+02 3.735600000000000023e+02 2.900000000000000000e+01
5.120700000000000500e+02 1.203799999999999955e+03 2.900000000000000000e+01
7.513899999999999864e+02 3.339200000000000159e+02 2.900000000000000000e+01
1.261900000000000091e+03 5.526499999999999773e+02 2.900000000000000000e+01
4.914399999999999977e+02 1.362200000000000045e+03 2.900000000000000000e+01
1.267000000000000000e+03 3.924900000000000091e+02 2.900000000000000000e+01
7.950399999999999636e+02 4.774499999999999886e+02 2.900000000000000000e+01
7.048899999999999864e+02 6.060700000000000500e+02 2.900000000000000000e+01
3.667300000000000182e+02 1.280799999999999955e+03 2.900000000000000000e+01
6.837699999999999818e+02 1.236000000000000000e+03 2.900000000000000000e+01
2.931600000000000250e+02 7.161799999999999500e+02 2.900000000000000000e+01
1.235799999999999955e+03 1.047200000000000045e+03 2.900000000000000000e+01
2.014300000000000068e+02 1.350099999999999909e+02 2.900000000000000000e+01
1.163799999999999955e+03 3.371100000000000136e+02 2.900000000000000000e+01
9.704299999999999500e+02 1.075000000000000000e+03 2.900000000000000000e+01
8.854900000000000091e+02 3.229900000000000091e+02 2.900000000000000000e+01
7.282200000000000273e+02 1.286800000000000068e+02 2.900000000000000000e+01
1.039200000000000045e+03 9.779700000000000273e+02 2.900000000000000000e+01
2.124900000000000091e+02 8.630900000000000318e+02 2.900000000000000000e+01
2.433199999999999932e+02 6.255700000000000500e+02 2.900000000000000000e+01
8.274400000000000546e+02 1.290399999999999920e+02 2.900000000000000000e+01
3.596600000000000250e+02 3.483100000000000023e+02 2.900000000000000000e+01
1.417099999999999909e+03 1.414400000000000091e+03 2.900000000000000000e+01
9.894900000000000091e+02 1.446599999999999909e+03 3.000000000000000000e+01
1.184599999999999909e+03 8.005099999999999909e+02 2.900000000000000000e+01
3.472799999999999727e+02 1.432000000000000000e+03 2.900000000000000000e+01
1.309900000000000091e+03 3.520299999999999727e+02 2.900000000000000000e+01
7.819099999999999682e+02 8.109199999999999591e+02 2.900000000000000000e+01
5.455499999999999545e+02 7.136100000000000136e+02 2.900000000000000000e+01
2.404699999999999989e+02 1.123200000000000045e+03 2.900000000000000000e+01
4.043799999999999955e+02 4.214399999999999977e+02 2.900000000000000000e+01
8.400599999999999454e+02 8.224600000000000364e+02 2.900000000000000000e+01
4.541499999999999773e+02 1.003200000000000045e+03 2.900000000000000000e+01
1.129200000000000045e+03 5.406000000000000227e+02 2.900000000000000000e+01
8.868999999999999773e+02 1.266700000000000017e+02 2.900000000000000000e+01
8.549500000000000455e+02 3.732200000000000273e+02 2.900000000000000000e+01
7.889900000000000091e+02 9.692100000000000364e+02 2.900000000000000000e+01
1.175099999999999909e+03 1.131799999999999955e+03 2.900000000000000000e+01
8.016299999999999955e+02 9.107999999999999545e+02 2.900000000000000000e+01
1.034000000000000000e+03 7.337500000000000000e+02 2.900000000000000000e+01
8.741699999999999591e+02 1.377799999999999955e+03 2.900000000000000000e+01
5.448200000000000500e+02 5.941699999999999591e+02 2.900000000000000000e+01
6.577500000000000000e+02 3.747900000000000205e+02 2.900000000000000000e+01
1.395599999999999909e+03 7.330099999999999909e+02 2.900000000000000000e+01
3.997599999999999909e+02 7.221299999999999955e+02 2.900000000000000000e+01
1.355599999999999909e+03 4.647599999999999909e+02 2.900000000000000000e+01
8.817500000000000000e+02 7.144099999999999682e+02 2.900000000000000000e+01
5.901200000000000045e+02 1.473400000000000091e+03 2.900000000000000000e+01
6.315900000000000318e+02 1.746299999999999955e+02 2.900000000000000000e+01
1.458599999999999909e+03 1.364099999999999909e+03 2.900000000000000000e+01
1.028700000000000045e+03 1.066000000000000000e+03 2.900000000000000000e+01
2.574599999999999795e+02 5.668899999999999864e+02 2.900000000000000000e+01
9.367500000000000000e+02 8.016000000000000227e+02 2.900000000000000000e+01
1.108400000000000091e+03 1.027599999999999909e+03 2.900000000000000000e+01
1.129500000000000000e+03 1.237300000000000040e+02 3.000000000000000000e+01
1.367900000000000091e+03 3.612699999999999818e+02 2.900000000000000000e+01
6.023200000000000500e+02 8.254299999999999500e+02 2.900000000000000000e+01
5.878500000000000227e+02 9.391200000000000045e+02 2.900000000000000000e+01
8.045000000000000000e+02 1.406599999999999909e+03 3.000000000000000000e+01
1.189900000000000091e+03 2.213000000000000114e+02 2.900000000000000000e+01
4.936600000000000250e+02 6.841599999999999682e+02 2.900000000000000000e+01
9.438700000000000045e+02 3.089700000000000273e+02 2.900000000000000000e+01
8.439500000000000455e+02 2.805299999999999727e+02 2.900000000000000000e+01
7.419900000000000091e+02 6.525099999999999909e+02 2.900000000000000000e+01
5.349299999999999500e+02 1.565200000000000045e+03 3.000000000000000000e+01
1.110700000000000045e+03 1.545099999999999909e+03 3.000000000000000000e+01
1.105000000000000000e+03 5.943400000000000318e+02 2.900000000000000000e+01
5.595399999999999636e+02 1.036500000000000000e+03 2.900000000000000000e+01
6.343899999999999864e+02 1.564700000000000045e+03 3.000000000000000000e+01
8.713600000000000136e+02 1.263299999999999955e+03 3.000000000000000000e+01
1.044799999999999955e+03 4.193600000000000136e+02 2.900000000000000000e+01
9.147500000000000000e+02 4.770699999999999932e+02 2.900000000000000000e+01
1.200300000000000011e+02 5.458400000000000318e+02 2.900000000000000000e+01
1.277500000000000000e+03 7.474400000000000546e+02 2.900000000000000000e+01
1.080099999999999909e+03 9.226499999999999773e+02 2.900000000000000000e+01
4.349700000000000273e+02 5.374800000000000182e+02 2.900000000000000000e+01
3.944200000000000159e+02 1.396400000000000091e+03 3.000000000000000000e+01
2.895500000000000114e+02 7.749800000000000182e+02 2.900000000000000000e+01
1.165900000000000091e+03 5.867899999999999636e+02 2.900000000000000000e+01
3.206600000000000250e+02 1.346299999999999955e+02 3.000000000000000000e+01
4.206399999999999864e+02 4.792599999999999909e+02 2.900000000000000000e+01
3.218399999999999750e+02 5.789500000000000455e+02 2.900000000000000000e+01
3.618899999999999864e+02 4.638899999999999864e+02 2.900000000000000000e+01
1.383400000000000034e+02 1.040900000000000091e+03 2.900000000000000000e+01
1.315099999999999909e+03 2.927099999999999795e+02 2.900000000000000000e+01
1.131400000000000091e+03 1.448099999999999909e+03 2.900000000000000000e+01
3.829200000000000159e+02 9.395099999999999909e+02 2.900000000000000000e+01
3.156299999999999955e+02 1.381000000000000000e+03 2.900000000000000000e+01
6.909600000000000364e+02 1.748100000000000023e+02 2.900000000000000000e+01
7.086499999999999773e+02 5.459199999999999591e+02 2.900000000000000000e+01
3.445199999999999818e+02 7.504099999999999682e+02 2.900000000000000000e+01
1.188400000000000034e+02 4.276100000000000136e+02 2.900000000000000000e+01
7.175900000000000318e+02 3.895699999999999932e+02 2.900000000000000000e+01
8.827799999999999727e+02 4.264599999999999795e+02 2.900000000000000000e+01
1.017399999999999977e+03 4.746100000000000136e+02 2.900000000000000000e+01
1.135099999999999909e+03 7.678899999999999864e+02 2.900000000000000000e+01
8.002200000000000273e+02 6.670099999999999909e+02 2.900000000000000000e+01
2.881499999999999773e+02 9.519900000000000091e+02 2.900000000000000000e+01
3.819200000000000159e+02 5.795599999999999454e+02 2.900000000000000000e+01
9.269600000000000364e+02 1.239200000000000045e+03 2.900000000000000000e+01
1.376200000000000045e+03 5.830499999999999545e+02 2.900000000000000000e+01
1.217000000000000000e+03 3.622699999999999818e+02 2.900000000000000000e+01
4.495699999999999932e+02 1.865999999999999943e+02 2.900000000000000000e+01
4.668199999999999932e+02 2.965099999999999909e+02 2.900000000000000000e+01
5.974199999999999591e+02 6.263500000000000227e+02 2.900000000000000000e+01
6.036599999999999682e+02 7.256000000000000227e+02 2.900000000000000000e+01
9.873099999999999454e+02 1.168000000000000000e+03 2.900000000000000000e+01
3.686399999999999864e+02 1.505599999999999909e+03 3.000000000000000000e+01
1.026000000000000000e+03 3.040400000000000205e+02 2.900000000000000000e+01
7.607500000000000000e+02 1.791100000000000136e+02 2.900000000000000000e+01
8.827899999999999636e+02 7.738700000000000045e+02 2.900000000000000000e+01
6.773600000000000136e+02 1.522900000000000091e+03 2.900000000000000000e+01
2.315600000000000023e+02 1.864499999999999886e+02 2.900000000000000000e+01
9.333099999999999454e+02 7.420800000000000409e+02 2.900000000000000000e+01
1.317099999999999909e+03 7.910900000000000318e+02 2.900000000000000000e+01
3.493000000000000114e+02 6.322999999999999545e+02 2.900000000000000000e+01
5.003899999999999864e+02 7.852300000000000182e+02 2.900000000000000000e+01
4.014300000000000068e+02 1.455299999999999955e+03 3.000000000000000000e+01
1.084200000000000017e+02 3.692099999999999795e+02 2.900000000000000000e+01
9.109800000000000182e+02 1.080500000000000000e+03 2.900000000000000000e+01
1.213799999999999955e+03 1.276900000000000091e+03 2.900000000000000000e+01
6.612500000000000000e+02 2.265200000000000102e+02 2.900000000000000000e+01
4.440199999999999818e+02 8.159800000000000182e+02 2.900000000000000000e+01
1.715900000000000034e+02 1.853100000000000023e+02 3.000000000000000000e+01
8.832100000000000364e+02 5.279900000000000091e+02 2.900000000000000000e+01
1.171799999999999955e+03 1.366000000000000000e+03 2.900000000000000000e+01
1.051500000000000000e+03 8.245499999999999545e+02 2.900000000000000000e+01
4.882900000000000205e+02 5.635800000000000409e+02 2.900000000000000000e+01
1.048299999999999955e+03 3.591100000000000136e+02 2.900000000000000000e+01
1.415099999999999909e+03 4.513500000000000227e+02 2.900000000000000000e+01
1.276099999999999909e+03 8.334900000000000091e+02 2.900000000000000000e+01
3.176700000000000159e+02 5.200499999999999545e+02 2.900000000000000000e+01
6.313200000000000500e+02 2.794100000000000250e+02 2.900000000000000000e+01
1.310500000000000000e+03 5.039399999999999977e+02 2.900000000000000000e+01
2.386699999999999875e+02 7.436799999999999500e+02 2.900000000000000000e+01
1.215599999999999909e+03 9.101000000000000227e+02 2.900000000000000000e+01
1.354200000000000045e+03 6.759099999999999682e+02 2.900000000000000000e+01
1.263099999999999909e+03 9.461100000000000136e+02 3.000000000000000000e+01
1.366500000000000000e+03 5.243899999999999864e+02 2.900000000000000000e+01
1.070200000000000045e+03 2.170399999999999920e+02 2.900000000000000000e+01
1.366200000000000045e+03 2.601100000000000136e+02 2.900000000000000000e+01
6.138099999999999454e+02 3.359900000000000091e+02 2.900000000000000000e+01
2.145200000000000102e+02 1.242400000000000091e+03 2.900000000000000000e+01
1.167599999999999909e+03 1.563900000000000091e+03 3.000000000000000000e+01
1.155100000000000051e+02 1.252500000000000000e+03 2.900000000000000000e+01
1.330900000000000091e+03 6.209400000000000546e+02 2.900000000000000000e+01
6.001399999999999864e+02 5.259299999999999500e+02 2.900000000000000000e+01
1.273299999999999955e+03 1.196299999999999955e+03 2.900000000000000000e+01
1.335700000000000045e+03 7.328799999999999955e+02 2.900000000000000000e+01
4.735099999999999909e+02 1.315300000000000011e+02 2.900000000000000000e+01
1.030400000000000091e+03 5.627599999999999909e+02 2.900000000000000000e+01
3.140099999999999909e+02 1.482700000000000045e+03 3.000000000000000000e+01
1.164799999999999955e+03 1.242000000000000000e+03 2.900000000000000000e+01
1.288200000000000045e+03 4.497500000000000000e+02 2.900000000000000000e+01
3.205600000000000023e+02 2.544900000000000091e+02 2.900000000000000000e+01
1.020000000000000000e+03 9.204299999999999500e+02 2.900000000000000000e+01
1.237200000000000045e+03 1.233799999999999955e+02 3.000000000000000000e+01
1.416200000000000045e+02 1.352500000000000000e+02 2.900000000000000000e+01
5.188400000000000318e+02 4.805000000000000000e+02 2.900000000000000000e+01
2.130300000000000011e+02 4.634300000000000068e+02 2.900000000000000000e+01
5.321499999999999773e+02 1.307299999999999898e+02 2.900000000000000000e+01
5.454800000000000182e+02 6.535199999999999818e+02 2.900000000000000000e+01
3.478100000000000023e+02 6.919099999999999682e+02 2.900000000000000000e+01
3.710299999999999727e+02 8.792500000000000000e+02 2.900000000000000000e+01
5.982799999999999727e+02 1.080599999999999909e+03 2.900000000000000000e+01
5.029599999999999795e+02 3.632200000000000273e+02 2.900000000000000000e+01
7.590700000000000500e+02 5.789400000000000546e+02 2.900000000000000000e+01
6.600299999999999727e+02 1.466099999999999909e+03 2.900000000000000000e+01
5.053700000000000045e+02 4.220299999999999727e+02 2.900000000000000000e+01
1.173000000000000000e+03 1.641800000000000068e+02 2.900000000000000000e+01
3.950500000000000114e+02 7.820499999999999545e+02 2.900000000000000000e+01
1.220200000000000045e+03 9.882100000000000364e+02 2.900000000000000000e+01
1.051000000000000000e+03 6.193099999999999454e+02 2.900000000000000000e+01
1.400099999999999909e+03 1.244500000000000000e+03 2.900000000000000000e+01
1.900200000000000102e+02 7.125099999999999909e+02 2.900000000000000000e+01
2.360800000000000125e+02 9.249500000000000455e+02 2.900000000000000000e+01
8.561599999999999682e+02 1.804300000000000068e+02 3.000000000000000000e+01
2.556200000000000045e+02 3.316399999999999864e+02 2.900000000000000000e+01
1.320599999999999909e+03 5.626699999999999591e+02 2.900000000000000000e+01
4.479700000000000273e+02 7.560399999999999636e+02 2.900000000000000000e+01
2.613100000000000023e+02 1.341200000000000045e+02 2.900000000000000000e+01
1.170000000000000000e+03 2.769599999999999795e+02 2.900000000000000000e+01
1.213200000000000045e+03 4.220600000000000023e+02 2.900000000000000000e+01
9.000599999999999454e+02 2.235900000000000034e+02 2.900000000000000000e+01
3.460799999999999841e+02 4.061800000000000068e+02 2.900000000000000000e+01
1.336099999999999909e+03 1.438900000000000091e+03 2.900000000000000000e+01
9.403700000000000045e+02 4.082200000000000273e+02 2.900000000000000000e+01
1.102299999999999955e+03 4.371600000000000250e+02 2.900000000000000000e+01
1.239299999999999955e+03 6.686399999999999864e+02 2.900000000000000000e+01
1.619499999999999886e+02 3.413199999999999932e+02 2.900000000000000000e+01
1.011399999999999977e+03 2.033600000000000136e+02 2.900000000000000000e+01
1.132000000000000028e+02 2.640400000000000205e+02 2.900000000000000000e+01
1.379000000000000000e+03 1.214300000000000068e+02 3.000000000000000000e+01
2.636399999999999864e+02 4.954599999999999795e+02 2.900000000000000000e+01
3.313899999999999864e+02 1.942599999999999909e+02 2.900000000000000000e+01
1.326500000000000000e+03 1.276799999999999955e+03 2.900000000000000000e+01
6.545800000000000409e+02 1.178900000000000091e+03 2.900000000000000000e+01
1.234000000000000000e+03 6.090199999999999818e+02 2.900000000000000000e+01
1.114400000000000091e+03 1.134799999999999955e+03 2.900000000000000000e+01
1.160500000000000000e+03 8.645399999999999636e+02 2.900000000000000000e+01
3.775000000000000000e+02 5.217899999999999636e+02 2.900000000000000000e+01
4.789700000000000273e+02 9.490399999999999636e+02 2.900000000000000000e+01
1.214200000000000017e+02 4.875400000000000205e+02 2.900000000000000000e+01
1.659699999999999989e+02 9.887899999999999636e+02 2.900000000000000000e+01
6.587000000000000455e+02 5.139800000000000182e+02 2.900000000000000000e+01
1.228799999999999955e+03 2.660899999999999750e+02 2.900000000000000000e+01
2.518700000000000045e+02 4.200799999999999841e+02 2.900000000000000000e+01
1.294099999999999909e+03 1.060299999999999955e+03 2.900000000000000000e+01
7.298899999999999864e+02 9.891399999999999864e+02 2.900000000000000000e+01
4.415400000000000205e+02 6.550700000000000500e+02 2.900000000000000000e+01
2.427899999999999920e+02 6.851499999999999773e+02 2.900000000000000000e+01
1.223900000000000091e+03 1.336599999999999909e+03 2.900000000000000000e+01
2.049300000000000068e+02 1.300700000000000045e+03 2.900000000000000000e+01
4.394200000000000159e+02 5.954700000000000273e+02 2.900000000000000000e+01
5.551299999999999955e+02 3.919599999999999795e+02 2.900000000000000000e+01
4.333000000000000114e+02 9.083300000000000409e+02 2.900000000000000000e+01
1.218299999999999955e+03 8.499600000000000364e+02 2.900000000000000000e+01
1.028299999999999955e+03 1.245400000000000063e+02 2.900000000000000000e+01
1.233299999999999983e+02 6.438700000000000045e+02 2.900000000000000000e+01
1.335400000000000091e+03 1.628000000000000114e+02 3.000000000000000000e+01
6.025900000000000318e+02 2.278100000000000023e+02 2.900000000000000000e+01
5.738600000000000136e+02 1.416599999999999909e+03 2.900000000000000000e+01
6.199400000000000546e+02 4.697200000000000273e+02 2.900000000000000000e+01
1.141099999999999909e+03 3.917400000000000091e+02 2.900000000000000000e+01
1.084299999999999955e+03 1.485599999999999909e+03 3.000000000000000000e+01
5.419299999999999500e+02 8.258200000000000500e+02 2.900000000000000000e+01
1.352900000000000091e+03 1.077299999999999955e+03 2.900000000000000000e+01
9.392699999999999818e+02 6.130499999999999545e+02 2.900000000000000000e+01
1.591800000000000068e+02 5.967200000000000273e+02 2.900000000000000000e+01
8.411499999999999773e+02 6.230800000000000409e+02 2.900000000000000000e+01
7.400000000000000000e+01 1.169099999999999909e+03 2.100000000000000000e+01
1.322700000000000045e+03 1.389000000000000000e+03 2.100000000000000000e+01
3.523700000000000045e+02 1.104200000000000045e+03 2.100000000000000000e+01
5.811900000000000546e+02 9.903799999999999955e+02 2.100000000000000000e+01
9.662999999999999545e+02 4.768999999999999773e+02 2.000000000000000000e+01
1.461700000000000045e+03 6.494500000000000455e+02 2.100000000000000000e+01
1.381099999999999909e+03 1.165799999999999955e+03 2.100000000000000000e+01
7.049099999999999966e+01 1.096599999999999909e+03 2.100000000000000000e+01
1.058500000000000000e+03 1.024500000000000000e+03 2.000000000000000000e+01
1.466099999999999909e+03 1.040099999999999909e+03 2.000000000000000000e+01
7.990199999999999818e+02 1.316500000000000000e+03 2.100000000000000000e+01
7.005099999999999909e+02 1.289000000000000000e+03 2.000000000000000000e+01
5.360399999999999636e+02 1.082299999999999955e+03 2.000000000000000000e+01
1.203500000000000000e+03 1.090000000000000000e+03 2.000000000000000000e+01
2.543799999999999955e+02 1.368200000000000045e+03 2.100000000000000000e+01
2.809399999999999977e+02 2.225099999999999909e+02 2.000000000000000000e+01
7.310000000000000000e+02 7.020299999999999727e+02 2.100000000000000000e+01
1.172299999999999955e+03 1.313000000000000000e+03 2.100000000000000000e+01
1.282500000000000000e+03 6.411000000000000227e+02 2.000000000000000000e+01
1.136900000000000091e+03 8.187100000000000364e+02 2.000000000000000000e+01
1.170900000000000091e+03 7.314299999999999500e+02 2.000000000000000000e+01
6.982500000000000284e+01 9.351299999999999955e+02 2.000000000000000000e+01
8.805099999999999909e+02 1.572900000000000091e+03 2.100000000000000000e+01
6.704800000000000182e+02 4.645299999999999727e+02 2.100000000000000000e+01
4.175000000000000000e+02 8.594600000000000364e+02 2.000000000000000000e+01
9.098500000000000227e+02 3.689700000000000273e+02 2.000000000000000000e+01
8.978300000000000409e+02 2.733700000000000045e+02 2.000000000000000000e+01
8.705499999999999545e+02 1.112500000000000000e+03 2.100000000000000000e+01
7.479299999999999500e+02 1.107400000000000091e+03 2.100000000000000000e+01
1.247399999999999949e+02 1.302599999999999909e+03 2.000000000000000000e+01
4.449300000000000068e+02 3.875099999999999909e+02 2.000000000000000000e+01
6.630399999999999636e+02 3.183000000000000114e+02 2.100000000000000000e+01
7.084399999999999409e+01 8.187999999999999545e+02 2.000000000000000000e+01
2.641700000000000159e+02 1.168500000000000000e+03 2.000000000000000000e+01
1.038099999999999909e+03 1.157299999999999955e+03 2.000000000000000000e+01
5.219400000000000546e+02 2.116299999999999955e+02 2.000000000000000000e+01
7.362200000000000273e+02 7.856299999999999955e+02 2.000000000000000000e+01
7.799400000000000546e+02 1.074299999999999955e+03 2.100000000000000000e+01
7.193200000000000216e+01 1.574500000000000000e+03 2.000000000000000000e+01
1.104399999999999977e+02 3.158700000000000045e+02 2.000000000000000000e+01
9.280000000000000000e+02 9.764500000000000455e+02 2.000000000000000000e+01
1.412299999999999955e+03 5.440599999999999454e+02 2.000000000000000000e+01
7.151300000000000523e+01 2.920099999999999909e+02 2.000000000000000000e+01
1.125799999999999955e+03 7.179099999999999682e+02 2.000000000000000000e+01
1.466000000000000000e+03 1.114400000000000091e+03 2.000000000000000000e+01
1.074699999999999989e+02 1.512000000000000000e+03 2.100000000000000000e+01
3.608399999999999750e+02 2.977200000000000273e+02 2.000000000000000000e+01
7.738700000000000045e+02 7.100099999999999909e+02 2.000000000000000000e+01
1.468900000000000091e+03 1.461799999999999955e+03 2.100000000000000000e+01
1.652500000000000000e+02 1.400599999999999909e+03 2.100000000000000000e+01
2.835000000000000000e+02 1.809499999999999886e+02 2.000000000000000000e+01
6.904000000000000625e+01 1.273599999999999909e+03 2.000000000000000000e+01
9.541499999999999773e+02 5.641499999999999773e+02 2.000000000000000000e+01
9.835700000000000500e+02 4.360500000000000114e+02 2.000000000000000000e+01
9.898899999999999864e+02 8.148600000000000136e+02 2.100000000000000000e+01
5.793500000000000227e+02 2.957599999999999909e+02 2.000000000000000000e+01
8.942100000000000648e+01 1.058299999999999955e+03 2.000000000000000000e+01
8.504500000000000455e+02 6.738400000000000318e+02 2.000000000000000000e+01
8.258999999999999773e+02 1.360099999999999909e+03 2.100000000000000000e+01
1.332000000000000000e+03 1.026500000000000000e+03 2.000000000000000000e+01
7.132999999999999829e+01 6.160800000000000409e+02 2.000000000000000000e+01
2.037500000000000000e+02 1.088299999999999955e+03 2.000000000000000000e+01
8.288200000000000500e+02 1.235200000000000045e+03 2.000000000000000000e+01
1.152099999999999937e+02 1.091900000000000091e+03 2.000000000000000000e+01
7.087199999999999989e+01 7.205099999999999909e+02 2.000000000000000000e+01
6.979199999999999591e+02 3.436999999999999886e+02 2.000000000000000000e+01
5.923400000000000318e+02 5.760599999999999454e+02 2.000000000000000000e+01
8.625299999999999727e+02 5.749600000000000364e+02 2.000000000000000000e+01
1.219700000000000045e+03 5.211100000000000136e+02 2.000000000000000000e+01
6.815000000000000568e+01 1.438599999999999909e+03 2.000000000000000000e+01
1.068799999999999955e+03 1.375099999999999909e+03 2.000000000000000000e+01
1.460000000000000000e+03 5.572300000000000182e+02 2.100000000000000000e+01
7.396299999999999955e+02 1.372000000000000000e+03 2.100000000000000000e+01
1.120000000000000000e+03 3.094499999999999886e+02 2.000000000000000000e+01
7.817100000000000364e+02 1.359799999999999955e+03 2.100000000000000000e+01
9.464500000000000455e+02 2.005000000000000000e+02 2.100000000000000000e+01
7.148199999999999932e+01 6.580099999999999909e+02 2.000000000000000000e+01
7.509800000000000182e+02 7.455900000000000318e+02 2.000000000000000000e+01
1.012500000000000000e+02 1.203000000000000000e+03 2.000000000000000000e+01
2.623399999999999750e+02 1.220000000000000000e+03 2.100000000000000000e+01
8.817000000000000455e+02 1.153500000000000000e+03 2.100000000000000000e+01
1.174400000000000091e+03 1.416299999999999955e+03 2.100000000000000000e+01
6.494199999999999591e+02 7.504400000000000546e+02 2.100000000000000000e+01
7.112100000000000364e+02 3.034100000000000250e+02 2.000000000000000000e+01
7.151300000000000523e+01 4.470000000000000000e+02 2.000000000000000000e+01
6.811599999999999682e+02 2.729900000000000091e+02 2.000000000000000000e+01
1.056000000000000000e+03 8.771699999999999591e+02 2.000000000000000000e+01
1.462000000000000000e+03 6.073500000000000227e+02 2.000000000000000000e+01
1.611699999999999875e+02 1.324700000000000045e+03 2.000000000000000000e+01
2.988299999999999841e+02 1.192400000000000091e+03 2.000000000000000000e+01
1.428899999999999864e+02 6.917599999999999909e+02 2.000000000000000000e+01
7.113899999999999864e+02 4.482799999999999727e+02 2.000000000000000000e+01
7.102500000000000568e+01 4.043600000000000136e+02 2.100000000000000000e+01
7.017600000000000193e+01 1.020399999999999977e+03 2.000000000000000000e+01
3.018999999999999773e+02 1.235000000000000000e+03 2.000000000000000000e+01
9.141200000000000045e+02 1.291000000000000000e+03 2.100000000000000000e+01
1.033299999999999955e+03 1.346000000000000000e+03 2.000000000000000000e+01
6.800600000000000023e+01 1.490400000000000091e+03 2.100000000000000000e+01
9.870399999999999636e+02 5.905000000000000000e+02 2.000000000000000000e+01
1.468099999999999909e+03 1.414400000000000091e+03 2.100000000000000000e+01
3.908700000000000045e+02 2.676200000000000045e+02 2.000000000000000000e+01
8.909299999999999500e+02 8.232400000000000091e+02 2.000000000000000000e+01
1.381099999999999909e+03 1.037900000000000091e+03 2.100000000000000000e+01
1.914499999999999886e+02 7.654500000000000455e+02 2.100000000000000000e+01
9.088099999999999454e+02 1.415099999999999909e+03 2.100000000000000000e+01
9.819400000000000546e+02 1.573400000000000091e+03 2.100000000000000000e+01
9.865800000000000409e+02 3.359800000000000182e+02 2.000000000000000000e+01
5.035299999999999727e+02 1.733400000000000034e+02 2.100000000000000000e+01
5.530299999999999727e+02 4.420600000000000023e+02 2.100000000000000000e+01
1.334700000000000045e+03 9.069600000000000364e+02 2.000000000000000000e+01
1.003700000000000045e+03 6.937100000000000364e+02 2.000000000000000000e+01
7.130599999999999739e+01 9.779500000000000455e+02 2.000000000000000000e+01
4.600000000000000000e+02 8.643999999999999773e+02 2.000000000000000000e+01
2.045200000000000102e+02 1.159099999999999909e+03 2.000000000000000000e+01
1.406200000000000045e+03 7.859099999999999682e+02 2.000000000000000000e+01
1.805900000000000034e+02 1.124500000000000000e+03 2.000000000000000000e+01
7.912999999999999545e+02 5.300900000000000318e+02 2.000000000000000000e+01
4.116999999999999886e+02 1.304799999999999955e+03 2.000000000000000000e+01
8.075399999999999636e+02 8.604099999999999682e+02 2.000000000000000000e+01
4.553500000000000227e+02 3.463299999999999841e+02 2.000000000000000000e+01
7.646599999999999682e+02 8.585000000000000000e+02 2.000000000000000000e+01
1.259500000000000000e+03 1.571500000000000000e+03 2.100000000000000000e+01
1.122500000000000000e+03 4.842200000000000273e+02 2.000000000000000000e+01
6.156799999999999500e+02 7.765800000000000409e+02 2.000000000000000000e+01
7.507699999999999818e+02 5.169600000000000364e+02 2.000000000000000000e+01
1.019000000000000000e+03 2.536800000000000068e+02 2.000000000000000000e+01
7.299600000000000364e+02 1.258200000000000045e+03 2.000000000000000000e+01
1.460099999999999909e+03 2.614200000000000159e+02 2.100000000000000000e+01
4.122900000000000205e+02 1.258000000000000000e+03 2.000000000000000000e+01
8.097799999999999727e+02 5.841799999999999500e+02 2.000000000000000000e+01
1.047099999999999909e+03 5.154199999999999591e+02 2.000000000000000000e+01
9.383400000000000318e+02 1.452599999999999909e+03 2.100000000000000000e+01
3.160799999999999841e+02 1.274599999999999909e+03 2.000000000000000000e+01
6.017400000000000091e+02 1.184099999999999909e+03 2.000000000000000000e+01
4.499499999999999886e+02 1.332500000000000000e+03 2.100000000000000000e+01
1.093200000000000045e+03 1.604099999999999966e+02 2.100000000000000000e+01
2.576800000000000068e+02 1.574000000000000000e+03 2.100000000000000000e+01
4.840500000000000114e+02 1.573299999999999955e+03 2.100000000000000000e+01
1.415500000000000000e+03 1.571099999999999909e+03 2.100000000000000000e+01
9.795099999999999909e+02 7.729400000000000546e+02 2.000000000000000000e+01
3.674499999999999886e+02 2.326500000000000057e+02 2.000000000000000000e+01
6.895199999999999818e+01 1.231299999999999955e+03 2.000000000000000000e+01
7.965199999999999818e+02 3.021000000000000227e+02 2.000000000000000000e+01
1.422799999999999955e+03 6.259099999999999682e+02 2.000000000000000000e+01
8.646399999999999864e+02 4.730699999999999932e+02 2.000000000000000000e+01
1.465099999999999909e+03 9.973099999999999454e+02 2.000000000000000000e+01
1.292000000000000000e+03 9.059800000000000182e+02 2.000000000000000000e+01
1.602599999999999909e+02 1.279200000000000045e+03 2.000000000000000000e+01
9.504900000000000659e+01 1.129900000000000091e+03 2.100000000000000000e+01
7.144899999999999807e+01 8.605099999999999909e+02 2.100000000000000000e+01
1.414299999999999955e+03 1.194099999999999909e+03 2.100000000000000000e+01
9.579600000000000364e+02 8.485499999999999545e+02 1.900000000000000000e+01
4.026000000000000227e+02 1.216599999999999909e+03 2.000000000000000000e+01
6.950900000000000318e+02 1.148299999999999955e+03 2.000000000000000000e+01
1.065000000000000000e+03 7.752300000000000182e+02 2.000000000000000000e+01
4.188899999999999864e+02 1.515299999999999955e+03 2.100000000000000000e+01
4.917400000000000091e+02 8.359900000000000091e+02 2.000000000000000000e+01
1.461400000000000091e+03 3.630199999999999818e+02 2.000000000000000000e+01
1.579499999999999886e+02 1.088000000000000000e+03 2.100000000000000000e+01
9.338300000000000409e+02 5.250700000000000500e+02 2.000000000000000000e+01
1.095200000000000045e+03 6.460800000000000409e+02 2.000000000000000000e+01
1.314799999999999898e+02 2.175000000000000000e+02 2.000000000000000000e+01
9.791100000000000136e+02 1.165600000000000023e+02 2.000000000000000000e+01
1.461299999999999955e+03 6.915800000000000409e+02 2.100000000000000000e+01
3.854900000000000091e+02 8.318500000000000227e+02 2.000000000000000000e+01
9.106699999999999591e+02 5.710900000000000318e+02 2.000000000000000000e+01
1.097000000000000000e+03 8.013999999999999773e+02 2.000000000000000000e+01
7.764600000000000364e+02 1.199400000000000091e+03 2.100000000000000000e+01
6.329099999999999682e+02 6.852000000000000455e+02 2.000000000000000000e+01
5.632699999999999818e+02 3.409599999999999795e+02 2.000000000000000000e+01
4.398899999999999864e+02 1.421099999999999909e+03 2.100000000000000000e+01
1.129899999999999949e+02 8.217699999999999818e+02 2.000000000000000000e+01
1.332099999999999909e+03 1.488599999999999909e+03 2.000000000000000000e+01
2.107400000000000091e+02 5.873600000000000136e+02 2.000000000000000000e+01
1.347099999999999909e+03 2.123400000000000034e+02 2.000000000000000000e+01
1.565999999999999943e+02 2.931999999999999886e+02 2.000000000000000000e+01
1.079900000000000091e+03 1.158900000000000006e+02 2.100000000000000000e+01
8.284299999999999500e+02 3.308100000000000023e+02 2.000000000000000000e+01
1.560000000000000000e+02 3.930899999999999750e+02 2.100000000000000000e+01
1.097299999999999955e+03 3.450400000000000205e+02 2.000000000000000000e+01
7.048500000000000227e+02 4.909700000000000273e+02 2.000000000000000000e+01
1.201500000000000000e+03 4.833500000000000227e+02 2.000000000000000000e+01
1.434300000000000068e+02 1.200700000000000045e+03 1.900000000000000000e+01
1.385400000000000091e+03 1.117799999999999955e+03 2.000000000000000000e+01
9.735599999999999454e+02 1.218000000000000000e+03 2.100000000000000000e+01
1.368500000000000000e+03 1.398000000000000000e+03 2.000000000000000000e+01
7.370599999999999454e+02 1.217099999999999909e+03 2.000000000000000000e+01
7.155599999999999739e+01 5.317500000000000000e+02 2.000000000000000000e+01
1.313000000000000000e+03 9.436399999999999864e+02 2.000000000000000000e+01
8.534900000000000091e+02 1.423000000000000000e+03 2.100000000000000000e+01
9.836900000000000546e+02 7.309199999999999591e+02 2.000000000000000000e+01
1.076500000000000000e+03 3.074300000000000068e+02 2.000000000000000000e+01
1.380900000000000091e+03 6.334700000000000273e+02 2.000000000000000000e+01
5.924900000000000091e+02 4.264800000000000182e+02 2.000000000000000000e+01
1.020500000000000000e+03 7.835599999999999454e+02 2.000000000000000000e+01
1.089700000000000045e+03 9.805199999999999818e+02 1.900000000000000000e+01
1.283599999999999909e+03 5.987100000000000364e+02 2.000000000000000000e+01
1.325099999999999909e+03 9.838400000000000318e+02 2.000000000000000000e+01
4.954100000000000250e+02 7.349500000000000455e+02 2.000000000000000000e+01
1.460500000000000000e+03 4.294700000000000273e+02 2.100000000000000000e+01
1.305799999999999955e+03 1.110599999999999909e+03 2.000000000000000000e+01
7.962799999999999727e+02 1.157000000000000000e+03 2.000000000000000000e+01
9.368300000000000409e+02 2.580899999999999750e+02 2.000000000000000000e+01
1.158400000000000034e+02 8.638300000000000409e+02 2.000000000000000000e+01
1.355200000000000045e+03 1.221900000000000091e+03 2.100000000000000000e+01
6.921399999999999864e+02 1.022500000000000000e+03 2.000000000000000000e+01
4.706000000000000227e+02 4.679200000000000159e+02 2.000000000000000000e+01
1.460400000000000091e+03 4.734399999999999977e+02 2.100000000000000000e+01
1.470099999999999909e+03 1.570200000000000045e+03 2.100000000000000000e+01
8.362900000000000489e+01 1.314200000000000045e+03 2.100000000000000000e+01
4.450500000000000114e+02 1.481900000000000091e+03 2.100000000000000000e+01
6.880399999999999636e+02 9.635399999999999636e+02 2.000000000000000000e+01
1.340800000000000125e+02 9.018799999999999955e+02 2.000000000000000000e+01
1.150999999999999943e+02 7.287300000000000182e+02 2.000000000000000000e+01
6.859099999999999397e+01 1.354500000000000000e+03 2.000000000000000000e+01
1.278799999999999955e+03 2.573399999999999750e+02 2.000000000000000000e+01
1.185200000000000045e+03 1.047200000000000045e+03 2.000000000000000000e+01
1.114200000000000045e+03 1.231200000000000045e+03 2.000000000000000000e+01
8.374700000000000273e+02 5.056700000000000159e+02 2.000000000000000000e+01
1.091099999999999909e+03 3.871399999999999864e+02 2.000000000000000000e+01
5.424900000000000091e+02 1.455400000000000091e+03 2.000000000000000000e+01
3.945500000000000114e+02 6.708600000000000136e+02 2.000000000000000000e+01
1.179700000000000045e+03 5.361599999999999682e+02 2.000000000000000000e+01
2.145000000000000000e+02 1.573700000000000045e+03 2.100000000000000000e+01
1.729300000000000068e+02 4.948399999999999750e+02 2.000000000000000000e+01
1.203200000000000045e+03 7.039299999999999500e+02 2.000000000000000000e+01
5.709400000000000546e+02 4.846700000000000159e+02 2.000000000000000000e+01
2.712799999999999727e+02 2.822099999999999795e+02 2.000000000000000000e+01
1.163799999999999955e+03 6.892899999999999636e+02 1.900000000000000000e+01
1.647400000000000091e+02 1.237000000000000000e+03 2.000000000000000000e+01
4.430099999999999909e+02 1.377700000000000045e+03 2.100000000000000000e+01
6.868300000000000693e+01 1.395400000000000091e+03 2.100000000000000000e+01
9.821299999999999955e+02 2.761600000000000250e+02 2.000000000000000000e+01
7.045299999999999727e+02 1.189500000000000000e+03 2.100000000000000000e+01
2.498000000000000114e+02 1.325400000000000091e+03 2.100000000000000000e+01
6.094099999999999682e+02 1.029099999999999909e+03 2.000000000000000000e+01
1.859099999999999966e+02 1.198099999999999909e+03 2.100000000000000000e+01
1.303599999999999909e+03 2.020000000000000000e+02 2.000000000000000000e+01
1.080999999999999943e+02 1.000200000000000045e+03 2.000000000000000000e+01
1.469000000000000000e+03 1.505400000000000091e+03 2.100000000000000000e+01
8.862100000000000364e+02 9.813700000000000045e+02 2.000000000000000000e+01
1.219400000000000091e+03 1.385500000000000000e+03 2.000000000000000000e+01
5.912699999999999818e+02 6.769400000000000546e+02 2.000000000000000000e+01
2.295999999999999943e+02 1.193000000000000000e+03 2.000000000000000000e+01
1.459799999999999955e+03 2.180500000000000114e+02 2.100000000000000000e+01
1.466099999999999909e+03 1.197599999999999909e+03 2.000000000000000000e+01
1.423400000000000091e+03 1.041500000000000000e+03 2.000000000000000000e+01
7.516100000000000136e+02 8.989199999999999591e+02 2.000000000000000000e+01
1.217099999999999909e+03 1.571200000000000045e+03 2.000000000000000000e+01
1.361799999999999955e+03 3.108399999999999750e+02 2.100000000000000000e+01
1.212700000000000045e+03 1.529200000000000045e+03 2.100000000000000000e+01
1.333700000000000045e+02 7.843899999999999864e+02 2.000000000000000000e+01
1.339500000000000000e+03 8.373899999999999864e+02 2.000000000000000000e+01
1.091000000000000000e+03 7.428799999999999955e+02 2.000000000000000000e+01
1.165200000000000045e+03 9.142000000000000455e+02 2.000000000000000000e+01
4.054900000000000091e+02 3.704599999999999795e+02 2.100000000000000000e+01
1.462900000000000091e+03 8.517999999999999545e+02 2.000000000000000000e+01
4.287900000000000205e+02 2.482899999999999920e+02 2.000000000000000000e+01
7.212399999999999523e+01 1.872700000000000102e+02 2.000000000000000000e+01
1.468099999999999909e+03 1.298700000000000045e+03 2.100000000000000000e+01
8.293700000000000045e+02 5.476000000000000227e+02 2.000000000000000000e+01
1.457099999999999909e+03 1.156500000000000000e+03 2.000000000000000000e+01
1.036200000000000045e+03 6.661599999999999682e+02 1.900000000000000000e+01
1.413799999999999955e+03 8.331399999999999864e+02 2.100000000000000000e+01
8.858700000000000045e+02 1.024200000000000045e+03 2.000000000000000000e+01
1.125700000000000045e+03 9.001900000000000546e+02 2.000000000000000000e+01
2.227899999999999920e+02 1.532200000000000045e+03 2.100000000000000000e+01
1.288799999999999955e+03 1.419799999999999955e+03 2.000000000000000000e+01
1.142300000000000040e+02 1.780200000000000102e+02 2.000000000000000000e+01
3.057099999999999795e+02 1.573299999999999955e+03 2.100000000000000000e+01
6.856100000000000136e+02 1.573900000000000091e+03 2.000000000000000000e+01
1.201299999999999955e+02 1.165700000000000045e+03 2.000000000000000000e+01
9.081799999999999500e+02 1.725699999999999932e+02 2.000000000000000000e+01
1.623199999999999932e+02 1.163200000000000045e+03 2.000000000000000000e+01
6.185099999999999909e+02 1.390000000000000000e+03 2.000000000000000000e+01
1.087800000000000011e+02 5.956200000000000045e+02 2.000000000000000000e+01
1.238099999999999909e+03 7.986799999999999500e+02 2.000000000000000000e+01
1.347599999999999909e+03 1.528900000000000091e+03 2.100000000000000000e+01
1.363500000000000000e+03 9.984900000000000091e+02 2.000000000000000000e+01
9.598799999999999955e+02 1.125000000000000000e+03 2.100000000000000000e+01
8.080700000000000500e+02 1.042599999999999909e+03 2.000000000000000000e+01
4.099900000000000091e+02 1.347299999999999955e+03 2.100000000000000000e+01
6.978500000000000227e+02 1.391700000000000045e+03 2.000000000000000000e+01
1.720999999999999943e+02 1.574299999999999955e+03 2.100000000000000000e+01
9.380000000000000000e+02 1.565000000000000000e+03 2.100000000000000000e+01
1.046099999999999909e+03 1.114700000000000045e+03 2.000000000000000000e+01
1.425700000000000045e+03 1.126900000000000091e+03 2.000000000000000000e+01
6.508600000000000136e+02 1.273700000000000045e+02 2.100000000000000000e+01
1.377000000000000000e+03 8.990599999999999454e+02 2.000000000000000000e+01
7.808700000000000045e+02 1.548000000000000000e+03 2.100000000000000000e+01
1.297200000000000045e+03 1.512599999999999909e+03 2.100000000000000000e+01
1.328000000000000000e+03 1.129099999999999966e+02 2.100000000000000000e+01
8.189500000000000455e+02 1.194000000000000000e+03 2.100000000000000000e+01
2.604599999999999795e+02 8.811799999999999500e+02 2.000000000000000000e+01
1.051500000000000000e+03 1.700800000000000125e+02 2.000000000000000000e+01
1.385099999999999909e+03 1.453900000000000091e+03 2.100000000000000000e+01
1.187400000000000091e+03 9.505700000000000500e+02 2.000000000000000000e+01
9.655000000000000000e+02 1.491000000000000000e+03 2.100000000000000000e+01
7.778600000000000136e+02 1.189699999999999989e+02 2.000000000000000000e+01
1.290099999999999909e+03 1.462500000000000000e+03 2.100000000000000000e+01
1.037799999999999955e+03 1.465299999999999955e+03 2.000000000000000000e+01
9.127800000000000580e+01 8.982799999999999727e+02 2.000000000000000000e+01
1.375000000000000000e+03 1.495599999999999909e+03 2.000000000000000000e+01
1.426900000000000091e+03 5.841100000000000136e+02 2.000000000000000000e+01
1.239900000000000091e+03 4.662699999999999818e+02 2.000000000000000000e+01
1.259500000000000000e+03 5.019300000000000068e+02 2.000000000000000000e+01
1.003399999999999977e+03 1.119299999999999955e+03 2.000000000000000000e+01
9.911399999999999864e+02 1.583600000000000136e+02 2.000000000000000000e+01
1.078900000000000091e+03 5.508999999999999773e+02 1.900000000000000000e+01
1.259099999999999909e+03 8.813099999999999454e+02 2.000000000000000000e+01
8.315099999999999909e+02 7.715900000000000318e+02 2.000000000000000000e+01
4.779399999999999977e+02 5.091000000000000227e+02 2.000000000000000000e+01
4.548899999999999864e+02 4.289300000000000068e+02 2.000000000000000000e+01
5.171599999999999682e+02 8.708099999999999454e+02 2.000000000000000000e+01
1.061500000000000000e+03 2.673500000000000227e+02 2.000000000000000000e+01
1.386200000000000045e+03 4.088500000000000227e+02 2.000000000000000000e+01
7.151200000000000045e+01 3.348999999999999773e+02 2.000000000000000000e+01
1.415099999999999909e+03 8.766499999999999773e+02 2.100000000000000000e+01
7.083599999999999852e+01 4.891600000000000250e+02 2.000000000000000000e+01
1.413400000000000091e+03 9.198899999999999864e+02 2.100000000000000000e+01
1.282599999999999909e+03 1.145299999999999955e+03 2.000000000000000000e+01
1.362400000000000091e+03 1.570900000000000091e+03 2.100000000000000000e+01
3.281299999999999955e+02 1.537700000000000045e+03 2.100000000000000000e+01
7.738200000000000500e+02 1.017799999999999955e+03 2.000000000000000000e+01
1.312599999999999909e+03 8.689400000000000546e+02 2.000000000000000000e+01
1.128200000000000045e+03 1.339599999999999909e+03 2.000000000000000000e+01
9.477100000000000364e+02 1.582700000000000102e+02 2.000000000000000000e+01
6.290700000000000500e+02 1.506700000000000045e+03 2.000000000000000000e+01
6.998600000000000136e+02 1.433500000000000000e+03 2.000000000000000000e+01
7.440099999999999909e+02 4.750500000000000114e+02 2.000000000000000000e+01
1.313599999999999909e+03 1.228099999999999909e+03 2.000000000000000000e+01
6.221299999999999955e+02 1.432599999999999909e+03 2.000000000000000000e+01
1.454099999999999909e+03 5.155199999999999818e+02 2.100000000000000000e+01
1.411799999999999955e+03 2.808299999999999841e+02 2.100000000000000000e+01
3.325199999999999818e+02 9.285000000000000000e+02 2.000000000000000000e+01
5.807699999999999818e+02 1.366000000000000000e+03 2.000000000000000000e+01
1.061599999999999909e+03 1.530799999999999955e+03 2.100000000000000000e+01
7.910900000000000318e+02 7.603300000000000409e+02 2.000000000000000000e+01
5.391699999999999591e+02 1.378900000000000091e+03 2.100000000000000000e+01
6.352100000000000364e+02 4.209499999999999886e+02 2.000000000000000000e+01
1.135900000000000091e+03 6.343999999999999773e+02 2.000000000000000000e+01
1.445200000000000045e+03 1.078099999999999909e+03 2.100000000000000000e+01
1.212299999999999955e+03 5.643400000000000318e+02 2.000000000000000000e+01
8.896599999999999682e+02 6.076000000000000227e+02 2.000000000000000000e+01
4.808399999999999750e+02 1.412099999999999909e+03 2.000000000000000000e+01
1.089000000000000000e+03 5.092099999999999795e+02 2.000000000000000000e+01
1.381800000000000068e+02 1.126799999999999955e+03 2.000000000000000000e+01
9.687699999999999818e+02 1.533099999999999909e+03 2.100000000000000000e+01
1.065599999999999909e+03 1.572700000000000045e+03 2.100000000000000000e+01
1.001500000000000000e+03 1.249599999999999909e+03 2.100000000000000000e+01
1.173599999999999909e+03 1.513099999999999909e+03 2.100000000000000000e+01
8.245000000000000000e+02 1.281000000000000000e+03 2.000000000000000000e+01
6.609500000000000455e+02 1.415000000000000000e+03 2.100000000000000000e+01
1.067700000000000045e+03 4.732900000000000205e+02 2.000000000000000000e+01
1.161900000000000091e+03 4.987699999999999818e+02 2.000000000000000000e+01
9.373099999999999454e+02 1.165699999999999932e+02 2.000000000000000000e+01
1.429799999999999955e+03 1.317299999999999955e+03 2.000000000000000000e+01
5.229800000000000182e+02 1.418099999999999909e+03 2.100000000000000000e+01
6.592400000000000091e+02 1.372099999999999909e+03 2.000000000000000000e+01
4.843199999999999932e+02 8.983400000000000318e+02 2.000000000000000000e+01
1.344200000000000045e+03 1.129099999999999909e+03 2.000000000000000000e+01
6.807099999999999795e+01 1.532099999999999909e+03 2.100000000000000000e+01
5.590399999999999636e+02 1.182599999999999909e+03 2.000000000000000000e+01
1.317599999999999909e+03 2.412700000000000102e+02 2.000000000000000000e+01
1.635300000000000011e+02 4.519499999999999886e+02 2.000000000000000000e+01
1.524799999999999898e+02 7.471299999999999955e+02 2.000000000000000000e+01
1.023100000000000023e+03 1.562000000000000000e+03 2.100000000000000000e+01
7.455000000000000000e+02 9.414800000000000182e+02 2.100000000000000000e+01
1.364599999999999909e+03 7.740700000000000500e+02 2.000000000000000000e+01
1.402200000000000045e+03 3.219700000000000273e+02 2.000000000000000000e+01
7.602800000000000580e+01 2.290600000000000023e+02 2.100000000000000000e+01
1.402299999999999955e+03 1.078400000000000091e+03 2.100000000000000000e+01
1.133500000000000000e+03 1.499000000000000000e+03 2.100000000000000000e+01
4.003700000000000045e+02 6.275399999999999636e+02 2.000000000000000000e+01
1.019699999999999989e+02 1.465500000000000000e+03 2.100000000000000000e+01
8.489800000000000182e+02 2.302800000000000011e+02 2.000000000000000000e+01
1.224099999999999909e+03 1.719900000000000091e+02 2.100000000000000000e+01
1.389299999999999955e+03 1.537700000000000045e+03 2.100000000000000000e+01
9.513500000000000227e+02 3.591999999999999886e+02 1.900000000000000000e+01
4.979300000000000068e+02 1.312200000000000045e+03 2.000000000000000000e+01
4.476700000000000159e+02 7.059800000000000182e+02 2.000000000000000000e+01
1.459900000000000091e+03 1.664699999999999989e+02 2.000000000000000000e+01
1.904799999999999898e+02 4.194300000000000068e+02 2.000000000000000000e+01
6.781000000000000227e+02 4.218799999999999955e+02 2.000000000000000000e+01
1.125099999999999909e+03 6.755700000000000500e+02 2.000000000000000000e+01
4.296299999999999955e+02 9.580099999999999909e+02 2.000000000000000000e+01
1.428299999999999955e+03 4.015899999999999750e+02 2.100000000000000000e+01
1.427000000000000000e+03 1.464099999999999909e+03 2.100000000000000000e+01
1.425200000000000045e+03 1.925099999999999909e+02 2.000000000000000000e+01
6.064700000000000273e+02 3.862900000000000205e+02 2.000000000000000000e+01
1.419000000000000000e+03 3.608299999999999841e+02 2.100000000000000000e+01
1.376500000000000000e+03 8.565900000000000318e+02 2.000000000000000000e+01
9.730000000000000000e+02 2.342299999999999898e+02 2.000000000000000000e+01
1.421200000000000045e+03 1.490399999999999920e+02 2.100000000000000000e+01
1.375200000000000045e+03 8.145000000000000000e+02 2.000000000000000000e+01
1.624900000000000091e+02 8.707999999999999545e+02 2.000000000000000000e+01
1.186200000000000045e+03 1.146500000000000057e+02 2.100000000000000000e+01
1.406800000000000068e+02 1.483400000000000091e+03 2.000000000000000000e+01
1.272700000000000045e+03 1.653799999999999955e+02 2.100000000000000000e+01
1.443299999999999955e+03 1.538400000000000091e+03 2.100000000000000000e+01
7.188299999999999557e+01 5.726000000000000227e+02 2.000000000000000000e+01
8.393799999999999955e+02 1.156500000000000000e+03 2.000000000000000000e+01
1.416700000000000045e+03 1.505299999999999955e+03 2.100000000000000000e+01
1.206799999999999955e+03 3.128500000000000227e+02 1.900000000000000000e+01
9.173899999999999864e+02 1.130299999999999955e+03 2.000000000000000000e+01
1.454700000000000045e+03 8.939400000000000546e+02 2.100000000000000000e+01
1.423900000000000091e+03 2.403199999999999932e+02 2.100000000000000000e+01
9.982399999999999807e+01 6.889700000000000273e+02 2.000000000000000000e+01
1.386200000000000045e+03 1.733600000000000136e+02 2.100000000000000000e+01
1.390200000000000045e+03 2.141500000000000057e+02 2.100000000000000000e+01
1.414599999999999909e+03 5.030699999999999932e+02 2.000000000000000000e+01
1.450099999999999909e+03 1.112300000000000040e+02 2.100000000000000000e+01
1.287500000000000000e+03 1.261599999999999966e+02 2.100000000000000000e+01
