1.219899999999999949e+02 1.563500000000000000e+03 3.000000000000000000e+01
1.187200000000000045e+03 1.197599999999999909e+03 2.900000000000000000e+01
4.865199999999999818e+02 1.115000000000000000e+03 2.900000000000000000e+01
1.955099999999999909e+02 1.365500000000000000e+03 3.000000000000000000e+01
7.354900000000000091e+02 1.555500000000000000e+03 3.000000000000000000e+01
2.791200000000000045e+02 1.436799999999999955e+03 3.000000000000000000e+01
7.820299999999999727e+02 1.313099999999999909e+03 2.900000000000000000e+01
5.857100000000000364e+02 8.026599999999999682e+02 2.900000000000000000e+01
8.097999999999999545e+02 1.260400000000000091e+03 2.900000000000000000e+01
1.885900000000000034e+02 6.800000000000000000e+02 2.900000000000000000e+01
1.108200000000000045e+03 1.334799999999999955e+03 2.900000000000000000e+01
8.805000000000000000e+02 1.331500000000000000e+03 2.900000000000000000e+01
4.015099999999999909e+02 1.123000000000000000e+03 2.900000000000000000e+01
3.554499999999999886e+02 1.231000000000000000e+03 2.900000000000000000e+01
1.011500000000000000e+03 1.356000000000000000e+03 2.900000000000000000e+01
7.607599999999999909e+02 1.435400000000000091e+03 3.000000000000000000e+01
8.288799999999999955e+02 1.469299999999999955e+03 2.900000000000000000e+01
2.690000000000000000e+02 1.280799999999999955e+03 2.900000000000000000e+01
1.104099999999999909e+03 1.274799999999999955e+03 2.900000000000000000e+01
4.570799999999999841e+02 1.223500000000000000e+03 2.900000000000000000e+01
3.577200000000000273e+02 8.390399999999999636e+02 2.900000000000000000e+01
1.495200000000000045e+03 8.109800000000000182e+02 3.000000000000000000e+01
9.427500000000000000e+02 1.357000000000000000e+03 2.900000000000000000e+01
8.097400000000000091e+02 4.068899999999999864e+02 2.900000000000000000e+01
1.179299999999999955e+03 1.093400000000000091e+03 2.900000000000000000e+01
5.978899999999999864e+02 1.706200000000000045e+02 2.900000000000000000e+01
6.417500000000000000e+02 1.345400000000000091e+03 2.900000000000000000e+01
9.027799999999999727e+02 1.216000000000000000e+03 2.900000000000000000e+01
3.754300000000000068e+02 1.565700000000000045e+03 3.000000000000000000e+01
4.532799999999999727e+02 1.163400000000000091e+03 2.900000000000000000e+01
1.905300000000000011e+02 9.434600000000000364e+02 2.900000000000000000e+01
6.629800000000000182e+02 5.990499999999999545e+02 2.900000000000000000e+01
1.250200000000000045e+03 1.231299999999999955e+03 2.900000000000000000e+01
1.124500000000000000e+03 1.203599999999999909e+03 2.900000000000000000e+01
6.464600000000000364e+02 1.242500000000000000e+03 2.900000000000000000e+01
8.427400000000000091e+02 7.374500000000000455e+02 2.900000000000000000e+01
1.815099999999999909e+02 1.456500000000000000e+03 3.000000000000000000e+01
1.440599999999999909e+03 1.365700000000000045e+03 2.900000000000000000e+01
4.952300000000000182e+02 1.461599999999999909e+03 2.900000000000000000e+01
2.982900000000000205e+02 4.130899999999999750e+02 2.900000000000000000e+01
1.196299999999999955e+02 1.358700000000000045e+03 2.900000000000000000e+01
3.005899999999999750e+02 1.105000000000000000e+03 2.900000000000000000e+01
3.842699999999999818e+02 1.180900000000000091e+03 2.900000000000000000e+01
1.401500000000000000e+03 9.680199999999999818e+02 2.900000000000000000e+01
4.130799999999999841e+02 3.550299999999999727e+02 2.900000000000000000e+01
5.580399999999999636e+02 1.326500000000000000e+03 2.900000000000000000e+01
1.262500000000000000e+03 1.172000000000000000e+03 2.900000000000000000e+01
4.785000000000000000e+02 1.523500000000000000e+03 3.000000000000000000e+01
1.374400000000000091e+03 1.350700000000000045e+03 2.900000000000000000e+01
9.685499999999999545e+02 1.044000000000000000e+03 2.900000000000000000e+01
8.649700000000000273e+02 1.016500000000000000e+03 2.900000000000000000e+01
2.745899999999999750e+02 1.526099999999999909e+03 2.900000000000000000e+01
8.123099999999999454e+02 2.610799999999999841e+02 2.900000000000000000e+01
3.550299999999999727e+02 1.002000000000000000e+03 2.900000000000000000e+01
9.785399999999999636e+02 1.405099999999999909e+03 2.900000000000000000e+01
5.949299999999999500e+02 9.075199999999999818e+02 2.900000000000000000e+01
7.273799999999999955e+02 1.112099999999999909e+03 2.900000000000000000e+01
5.572400000000000091e+02 2.928000000000000114e+02 2.900000000000000000e+01
8.773600000000000136e+02 8.960000000000000000e+02 2.900000000000000000e+01
9.552200000000000557e+01 7.930000000000000000e+02 2.900000000000000000e+01
1.304799999999999955e+03 1.270799999999999955e+03 2.900000000000000000e+01
5.240000000000000000e+02 1.069400000000000091e+03 2.900000000000000000e+01
1.277299999999999955e+03 1.503299999999999955e+03 3.000000000000000000e+01
2.512700000000000102e+02 1.071099999999999909e+03 2.900000000000000000e+01
2.987200000000000273e+02 8.570199999999999818e+02 2.900000000000000000e+01
9.674900000000000091e+02 1.196099999999999909e+03 2.900000000000000000e+01
7.660700000000000500e+02 1.066799999999999955e+03 2.900000000000000000e+01
5.350000000000000000e+02 1.506000000000000000e+03 3.000000000000000000e+01
1.096299999999999955e+03 1.436099999999999909e+03 2.900000000000000000e+01
5.857000000000000455e+02 1.240599999999999909e+03 2.900000000000000000e+01
4.354300000000000068e+02 1.565599999999999909e+03 3.000000000000000000e+01
7.819800000000000182e+02 4.591499999999999773e+02 2.900000000000000000e+01
1.054700000000000045e+03 1.308099999999999909e+03 2.900000000000000000e+01
1.224500000000000000e+03 1.475500000000000000e+03 3.000000000000000000e+01
1.031599999999999909e+03 8.846699999999999591e+02 2.900000000000000000e+01
5.509400000000000546e+02 1.011000000000000000e+03 2.900000000000000000e+01
8.345099999999999909e+02 1.566500000000000000e+03 3.000000000000000000e+01
7.225199999999999818e+02 1.480700000000000045e+03 3.000000000000000000e+01
1.152500000000000000e+03 2.423700000000000045e+02 2.900000000000000000e+01
5.320000000000000000e+02 1.155099999999999909e+03 2.900000000000000000e+01
1.044799999999999955e+03 1.405700000000000045e+03 2.900000000000000000e+01
1.452700000000000045e+03 9.993799999999999955e+02 2.900000000000000000e+01
5.331000000000000227e+02 1.268700000000000045e+03 2.900000000000000000e+01
1.198299999999999955e+03 1.023000000000000000e+03 2.900000000000000000e+01
1.003000000000000000e+03 9.806799999999999500e+02 2.900000000000000000e+01
1.289000000000000000e+03 3.560000000000000000e+02 2.900000000000000000e+01
1.495599999999999909e+03 7.523700000000000045e+02 2.900000000000000000e+01
5.947899999999999636e+02 1.153000000000000000e+03 2.900000000000000000e+01
8.726499999999999773e+02 9.570499999999999545e+02 2.900000000000000000e+01
7.409199999999999591e+02 8.487400000000000091e+02 2.900000000000000000e+01
1.749499999999999886e+02 2.871399999999999864e+02 2.900000000000000000e+01
3.376000000000000227e+02 1.059599999999999909e+03 2.900000000000000000e+01
1.362700000000000045e+03 4.382599999999999909e+02 2.900000000000000000e+01
9.331000000000000227e+02 9.495199999999999818e+02 2.900000000000000000e+01
5.599500000000000455e+02 5.654500000000000455e+02 2.900000000000000000e+01
4.690000000000000000e+02 1.282000000000000000e+03 2.900000000000000000e+01
3.077900000000000205e+02 4.868299999999999841e+02 2.900000000000000000e+01
7.394400000000000546e+02 2.559399999999999977e+02 2.900000000000000000e+01
6.763899999999999864e+02 6.706900000000000546e+02 3.000000000000000000e+01
7.730199999999999818e+02 3.052200000000000273e+02 2.900000000000000000e+01
9.957899999999999636e+02 1.299400000000000091e+03 2.900000000000000000e+01
1.028700000000000045e+03 1.036099999999999909e+03 2.900000000000000000e+01
7.268700000000000045e+02 9.348999999999999773e+02 2.900000000000000000e+01
1.733899999999999864e+02 1.523500000000000000e+03 3.000000000000000000e+01
1.335099999999999909e+03 1.564299999999999955e+03 2.900000000000000000e+01
1.285299999999999955e+03 2.475699999999999932e+02 2.900000000000000000e+01
6.816499999999999773e+02 8.409500000000000455e+02 2.900000000000000000e+01
7.165099999999999909e+02 7.601399999999999864e+02 2.900000000000000000e+01
1.146400000000000091e+03 1.402099999999999909e+03 2.900000000000000000e+01
8.421200000000000045e+02 4.634599999999999795e+02 2.900000000000000000e+01
8.849800000000000182e+02 1.079200000000000045e+03 2.900000000000000000e+01
3.040199999999999818e+02 1.329099999999999909e+03 3.000000000000000000e+01
1.157000000000000000e+03 1.300500000000000000e+03 2.900000000000000000e+01
3.289700000000000273e+02 1.157000000000000000e+03 3.000000000000000000e+01
9.232699999999999818e+02 6.815900000000000318e+02 2.900000000000000000e+01
1.104900000000000091e+03 7.182000000000000455e+02 2.900000000000000000e+01
1.118099999999999909e+03 1.101000000000000000e+03 2.900000000000000000e+01
6.711100000000000136e+02 9.588300000000000409e+02 2.900000000000000000e+01
1.500200000000000045e+03 1.259000000000000000e+03 2.900000000000000000e+01
1.855600000000000023e+02 8.380800000000000409e+02 2.900000000000000000e+01
9.005299999999999727e+02 1.466200000000000045e+03 2.900000000000000000e+01
3.980000000000000000e+02 2.300699999999999932e+02 2.900000000000000000e+01
1.018399999999999977e+03 4.165099999999999909e+02 2.900000000000000000e+01
6.723099999999999454e+02 1.017899999999999977e+03 2.900000000000000000e+01
5.305299999999999727e+02 3.455099999999999909e+02 2.900000000000000000e+01
1.011899999999999977e+03 5.533700000000000045e+02 2.900000000000000000e+01
1.133099999999999909e+03 2.978899999999999864e+02 2.900000000000000000e+01
1.319599999999999909e+03 1.024799999999999955e+03 2.900000000000000000e+01
9.863099999999999454e+02 9.235499999999999545e+02 2.900000000000000000e+01
1.196899999999999977e+02 9.599700000000000273e+02 2.900000000000000000e+01
9.757599999999999909e+02 7.091499999999999773e+02 2.900000000000000000e+01
2.453499999999999943e+02 8.287699999999999818e+02 2.900000000000000000e+01
4.863600000000000136e+02 2.804300000000000068e+02 2.900000000000000000e+01
3.636399999999999864e+02 1.348000000000000000e+03 2.900000000000000000e+01
5.702300000000000182e+02 2.232199999999999989e+02 2.900000000000000000e+01
7.739400000000000546e+02 1.171400000000000091e+03 2.900000000000000000e+01
7.329700000000000273e+02 1.348500000000000000e+03 2.900000000000000000e+01
1.490900000000000091e+03 3.421100000000000136e+02 2.900000000000000000e+01
1.218500000000000000e+03 6.733700000000000045e+02 2.900000000000000000e+01
1.417500000000000000e+03 1.310500000000000000e+03 2.900000000000000000e+01
1.497500000000000000e+03 9.575099999999999909e+02 2.900000000000000000e+01
2.366999999999999886e+02 1.479900000000000091e+03 3.000000000000000000e+01
1.018500000000000000e+03 6.679099999999999682e+02 2.900000000000000000e+01
4.179800000000000182e+02 1.736699999999999875e+02 2.900000000000000000e+01
7.780499999999999545e+02 1.500700000000000045e+03 3.000000000000000000e+01
1.156899999999999977e+02 1.417900000000000091e+03 2.900000000000000000e+01
1.068799999999999955e+03 1.225900000000000091e+03 2.900000000000000000e+01
1.191700000000000045e+03 4.827500000000000000e+02 2.900000000000000000e+01
1.311400000000000091e+03 1.330500000000000000e+03 2.900000000000000000e+01
8.482999999999999545e+02 1.125500000000000000e+03 2.900000000000000000e+01
1.245700000000000045e+03 7.792699999999999818e+02 2.900000000000000000e+01
1.165599999999999909e+03 9.730199999999999818e+02 2.900000000000000000e+01
2.896800000000000068e+02 1.024799999999999955e+03 2.900000000000000000e+01
1.275299999999999955e+03 1.444000000000000000e+03 2.900000000000000000e+01
8.664299999999999500e+02 1.515599999999999909e+03 3.000000000000000000e+01
1.364799999999999955e+03 1.194400000000000091e+03 2.900000000000000000e+01
6.733999999999999773e+02 1.137500000000000000e+03 2.900000000000000000e+01
4.404599999999999795e+02 1.079700000000000045e+03 2.900000000000000000e+01
9.252999999999999545e+02 1.520900000000000091e+03 3.000000000000000000e+01
2.342899999999999920e+02 1.003000000000000000e+03 2.900000000000000000e+01
5.880900000000000318e+02 1.534200000000000045e+03 2.900000000000000000e+01
3.080699999999999932e+02 6.789299999999999500e+02 2.900000000000000000e+01
1.022299999999999955e+03 1.514400000000000091e+03 3.000000000000000000e+01
1.326799999999999955e+03 7.202699999999999818e+02 2.900000000000000000e+01
6.605099999999999909e+02 9.010900000000000318e+02 2.900000000000000000e+01
2.060099999999999909e+02 3.382400000000000091e+02 2.900000000000000000e+01
5.107599999999999909e+02 6.533999999999999773e+02 2.900000000000000000e+01
8.085899999999999466e+01 1.781699999999999875e+02 2.900000000000000000e+01
3.294900000000000091e+02 9.075399999999999636e+02 2.900000000000000000e+01
9.363400000000000318e+02 8.896499999999999773e+02 2.900000000000000000e+01
1.865600000000000023e+02 5.768500000000000227e+02 2.900000000000000000e+01
1.298500000000000000e+03 1.388200000000000045e+03 2.900000000000000000e+01
6.799099999999999682e+02 1.077700000000000045e+03 2.900000000000000000e+01
6.760099999999999909e+02 1.296299999999999955e+03 2.900000000000000000e+01
2.358100000000000023e+02 2.867099999999999795e+02 2.900000000000000000e+01
5.534500000000000455e+02 9.509700000000000273e+02 2.900000000000000000e+01
4.120199999999999818e+02 1.026299999999999955e+03 2.900000000000000000e+01
1.293099999999999909e+03 1.121200000000000045e+03 2.900000000000000000e+01
6.142500000000000000e+02 1.293099999999999909e+03 2.900000000000000000e+01
1.960000000000000000e+02 1.049500000000000000e+03 2.900000000000000000e+01
1.452000000000000000e+03 6.980000000000000000e+02 3.000000000000000000e+01
3.146700000000000159e+02 3.498299999999999841e+02 2.900000000000000000e+01
1.125200000000000045e+03 8.805700000000000500e+02 2.900000000000000000e+01
2.161500000000000057e+02 4.118999999999999773e+02 2.900000000000000000e+01
5.155099999999999909e+02 1.212000000000000000e+03 2.900000000000000000e+01
7.673300000000000409e+02 3.665699999999999932e+02 2.900000000000000000e+01
1.292900000000000091e+03 5.863600000000000136e+02 2.900000000000000000e+01
4.964700000000000273e+02 1.363000000000000000e+03 2.900000000000000000e+01
1.298000000000000000e+03 4.232099999999999795e+02 2.900000000000000000e+01
8.140499999999999545e+02 5.159199999999999591e+02 2.900000000000000000e+01
7.201699999999999591e+02 6.291200000000000045e+02 2.900000000000000000e+01
3.734800000000000182e+02 1.287900000000000091e+03 2.900000000000000000e+01
7.110000000000000000e+02 1.249500000000000000e+03 2.900000000000000000e+01
3.091100000000000136e+02 7.391499999999999773e+02 2.900000000000000000e+01
1.275099999999999909e+03 1.065099999999999909e+03 2.900000000000000000e+01
2.074499999999999886e+02 1.769300000000000068e+02 2.900000000000000000e+01
1.192400000000000091e+03 3.706899999999999977e+02 2.900000000000000000e+01
1.001500000000000000e+03 1.092900000000000091e+03 2.900000000000000000e+01
9.019700000000000273e+02 3.609599999999999795e+02 2.900000000000000000e+01
7.371000000000000227e+02 1.698199999999999932e+02 2.900000000000000000e+01
1.071500000000000000e+03 9.960299999999999727e+02 2.900000000000000000e+01
2.288799999999999955e+02 8.856100000000000136e+02 2.900000000000000000e+01
2.564100000000000250e+02 6.499199999999999591e+02 2.900000000000000000e+01
8.370499999999999545e+02 1.694699999999999989e+02 2.900000000000000000e+01
3.624900000000000091e+02 3.855000000000000000e+02 2.900000000000000000e+01
1.458299999999999955e+03 1.421700000000000045e+03 2.900000000000000000e+01
1.012000000000000000e+03 1.455400000000000091e+03 2.900000000000000000e+01
1.211700000000000045e+03 8.287000000000000455e+02 2.900000000000000000e+01
3.509300000000000068e+02 1.434099999999999909e+03 2.900000000000000000e+01
1.341700000000000045e+03 3.822200000000000273e+02 2.900000000000000000e+01
8.027000000000000455e+02 8.260099999999999909e+02 2.900000000000000000e+01
5.627899999999999636e+02 7.477899999999999636e+02 2.900000000000000000e+01
2.466200000000000045e+02 1.132400000000000091e+03 2.900000000000000000e+01
4.069700000000000273e+02 4.565000000000000000e+02 2.900000000000000000e+01
8.629400000000000546e+02 8.381000000000000227e+02 2.900000000000000000e+01
4.782300000000000182e+02 1.033400000000000091e+03 2.900000000000000000e+01
1.160200000000000045e+03 5.696900000000000546e+02 2.900000000000000000e+01
8.963500000000000227e+02 1.672899999999999920e+02 2.900000000000000000e+01
8.691100000000000136e+02 4.099100000000000250e+02 2.900000000000000000e+01
8.166499999999999773e+02 9.840199999999999818e+02 2.900000000000000000e+01
1.210500000000000000e+03 1.143400000000000091e+03 2.900000000000000000e+01
8.246000000000000227e+02 9.244600000000000364e+02 2.900000000000000000e+01
1.059000000000000000e+03 7.567300000000000182e+02 2.900000000000000000e+01
8.925000000000000000e+02 1.390000000000000000e+03 2.900000000000000000e+01
5.622300000000000182e+02 6.250099999999999909e+02 2.900000000000000000e+01
6.766200000000000045e+02 4.051299999999999955e+02 2.900000000000000000e+01
1.431799999999999955e+03 7.539199999999999591e+02 2.900000000000000000e+01
4.176000000000000227e+02 7.523999999999999773e+02 2.900000000000000000e+01
1.387000000000000000e+03 4.924900000000000091e+02 2.900000000000000000e+01
9.020900000000000318e+02 7.370399999999999636e+02 2.900000000000000000e+01
5.939700000000000273e+02 1.475400000000000091e+03 2.900000000000000000e+01
6.390099999999999909e+02 2.145000000000000000e+02 2.900000000000000000e+01
1.500400000000000091e+03 1.367200000000000045e+03 2.900000000000000000e+01
1.061900000000000091e+03 1.085700000000000045e+03 2.900000000000000000e+01
2.597200000000000273e+02 5.902699999999999818e+02 2.900000000000000000e+01
9.596599999999999682e+02 8.230599999999999454e+02 2.900000000000000000e+01
1.142000000000000000e+03 1.046299999999999955e+03 2.900000000000000000e+01
1.145599999999999909e+03 1.715300000000000011e+02 2.900000000000000000e+01
1.404500000000000000e+03 3.945799999999999841e+02 2.900000000000000000e+01
6.234199999999999591e+02 8.545800000000000409e+02 2.900000000000000000e+01
6.129900000000000091e+02 9.650000000000000000e+02 2.900000000000000000e+01
8.150499999999999545e+02 1.410700000000000045e+03 2.900000000000000000e+01
1.224099999999999909e+03 2.566899999999999977e+02 2.900000000000000000e+01
5.137999999999999545e+02 7.143300000000000409e+02 2.900000000000000000e+01
9.580000000000000000e+02 3.429200000000000159e+02 2.900000000000000000e+01
8.570900000000000318e+02 3.180000000000000000e+02 2.900000000000000000e+01
7.619800000000000182e+02 6.702000000000000455e+02 2.900000000000000000e+01
5.370599999999999454e+02 1.565200000000000045e+03 3.000000000000000000e+01
1.119000000000000000e+03 1.552599999999999909e+03 3.000000000000000000e+01
1.134400000000000091e+03 6.226599999999999682e+02 2.900000000000000000e+01
5.840000000000000000e+02 1.059500000000000000e+03 2.900000000000000000e+01
6.374700000000000273e+02 1.565000000000000000e+03 2.900000000000000000e+01
9.005099999999999909e+02 1.275500000000000000e+03 2.900000000000000000e+01
1.072099999999999909e+03 4.507400000000000091e+02 2.900000000000000000e+01
9.428899999999999864e+02 5.039800000000000182e+02 2.900000000000000000e+01
1.210900000000000034e+02 5.804600000000000364e+02 2.900000000000000000e+01
1.304900000000000091e+03 7.763400000000000318e+02 2.900000000000000000e+01
1.107099999999999909e+03 9.455299999999999727e+02 2.900000000000000000e+01
4.467699999999999818e+02 5.684199999999999591e+02 2.900000000000000000e+01
3.973899999999999864e+02 1.397200000000000045e+03 2.900000000000000000e+01
3.079499999999999886e+02 7.982899999999999636e+02 2.900000000000000000e+01
1.193000000000000000e+03 6.195099999999999909e+02 2.900000000000000000e+01
3.270600000000000023e+02 1.757400000000000091e+02 2.900000000000000000e+01
4.300199999999999818e+02 5.119800000000000182e+02 2.900000000000000000e+01
3.204800000000000182e+02 6.215000000000000000e+02 2.900000000000000000e+01
3.665199999999999818e+02 4.994100000000000250e+02 2.900000000000000000e+01
1.375900000000000034e+02 1.051000000000000000e+03 2.900000000000000000e+01
1.350799999999999955e+03 3.229100000000000250e+02 2.900000000000000000e+01
1.155099999999999909e+03 1.460599999999999909e+03 2.900000000000000000e+01
4.044399999999999977e+02 9.678600000000000136e+02 2.900000000000000000e+01
3.119700000000000273e+02 1.387500000000000000e+03 3.000000000000000000e+01
6.986299999999999955e+02 2.131800000000000068e+02 2.900000000000000000e+01
7.275499999999999545e+02 5.715900000000000318e+02 2.900000000000000000e+01
3.645899999999999750e+02 7.802799999999999727e+02 2.900000000000000000e+01
1.184699999999999989e+02 4.622799999999999727e+02 2.900000000000000000e+01
7.382699999999999818e+02 4.193399999999999750e+02 2.900000000000000000e+01
9.072799999999999727e+02 4.566800000000000068e+02 2.900000000000000000e+01
1.046299999999999955e+03 5.049599999999999795e+02 2.900000000000000000e+01
1.163299999999999955e+03 7.950700000000000500e+02 2.900000000000000000e+01
8.205199999999999818e+02 6.824700000000000273e+02 2.900000000000000000e+01
3.071200000000000045e+02 9.674099999999999682e+02 2.900000000000000000e+01
3.984399999999999977e+02 6.120700000000000500e+02 2.900000000000000000e+01
9.562999999999999545e+02 1.254000000000000000e+03 2.900000000000000000e+01
1.411000000000000000e+03 6.085199999999999818e+02 2.900000000000000000e+01
1.245099999999999909e+03 3.973199999999999932e+02 2.900000000000000000e+01
4.573600000000000136e+02 2.290300000000000011e+02 2.900000000000000000e+01
4.706899999999999977e+02 3.365099999999999909e+02 2.900000000000000000e+01
6.184400000000000546e+02 6.587599999999999909e+02 2.900000000000000000e+01
6.249900000000000091e+02 7.575800000000000409e+02 2.900000000000000000e+01
1.026599999999999909e+03 1.184900000000000091e+03 2.900000000000000000e+01
3.716000000000000227e+02 1.506200000000000045e+03 3.000000000000000000e+01
1.044099999999999909e+03 3.398199999999999932e+02 2.900000000000000000e+01
7.804299999999999500e+02 2.117400000000000091e+02 2.900000000000000000e+01
9.035000000000000000e+02 7.953400000000000318e+02 2.900000000000000000e+01
6.812799999999999727e+02 1.524099999999999909e+03 2.900000000000000000e+01
2.376599999999999966e+02 2.277100000000000080e+02 2.900000000000000000e+01
9.552799999999999727e+02 7.642400000000000091e+02 2.900000000000000000e+01
1.350000000000000000e+03 8.147699999999999818e+02 2.900000000000000000e+01
3.650299999999999727e+02 6.609800000000000182e+02 2.900000000000000000e+01
5.215099999999999909e+02 8.153400000000000318e+02 2.900000000000000000e+01
4.054100000000000250e+02 1.456599999999999909e+03 2.900000000000000000e+01
1.095400000000000063e+02 4.034900000000000091e+02 2.900000000000000000e+01
9.422899999999999636e+02 1.096799999999999955e+03 2.900000000000000000e+01
1.247200000000000045e+03 1.290200000000000045e+03 2.900000000000000000e+01
6.697500000000000000e+02 2.656399999999999864e+02 2.900000000000000000e+01
4.632699999999999818e+02 8.460900000000000318e+02 2.900000000000000000e+01
1.769399999999999977e+02 2.278899999999999864e+02 2.900000000000000000e+01
9.073799999999999955e+02 5.519099999999999682e+02 2.900000000000000000e+01
1.200500000000000000e+03 1.376500000000000000e+03 2.900000000000000000e+01
1.077599999999999909e+03 8.472799999999999727e+02 2.900000000000000000e+01
5.069599999999999795e+02 5.965700000000000500e+02 2.900000000000000000e+01
1.072400000000000091e+03 3.925000000000000000e+02 2.900000000000000000e+01
1.451900000000000091e+03 4.783799999999999955e+02 2.900000000000000000e+01
1.307700000000000045e+03 8.547799999999999727e+02 2.900000000000000000e+01
3.288500000000000227e+02 5.613799999999999955e+02 2.900000000000000000e+01
6.415900000000000318e+02 3.190500000000000114e+02 2.900000000000000000e+01
1.338900000000000091e+03 5.340700000000000500e+02 2.900000000000000000e+01
2.559499999999999886e+02 7.689400000000000546e+02 2.900000000000000000e+01
1.252099999999999909e+03 9.337999999999999545e+02 2.900000000000000000e+01
1.393099999999999909e+03 7.030599999999999454e+02 2.900000000000000000e+01
1.300099999999999909e+03 9.687200000000000273e+02 2.900000000000000000e+01
1.397299999999999955e+03 5.508500000000000227e+02 2.900000000000000000e+01
1.089500000000000000e+03 2.544900000000000091e+02 2.900000000000000000e+01
1.403299999999999955e+03 2.950000000000000000e+02 2.900000000000000000e+01
6.257699999999999818e+02 3.740899999999999750e+02 2.900000000000000000e+01
2.176200000000000045e+02 1.248200000000000045e+03 2.900000000000000000e+01
1.177000000000000000e+03 1.564900000000000091e+03 3.000000000000000000e+01
1.158599999999999994e+02 1.255799999999999955e+03 2.900000000000000000e+01
1.367000000000000000e+03 6.509299999999999500e+02 2.900000000000000000e+01
6.190800000000000409e+02 5.586799999999999500e+02 2.900000000000000000e+01
1.308000000000000000e+03 1.211500000000000000e+03 2.900000000000000000e+01
1.372599999999999909e+03 7.593099999999999454e+02 2.900000000000000000e+01
4.778500000000000227e+02 1.727899999999999920e+02 2.900000000000000000e+01
1.056500000000000000e+03 5.919500000000000455e+02 2.900000000000000000e+01
3.161100000000000136e+02 1.483799999999999955e+03 2.900000000000000000e+01
1.197500000000000000e+03 1.257599999999999909e+03 2.900000000000000000e+01
1.319400000000000091e+03 4.786800000000000068e+02 2.900000000000000000e+01
3.241800000000000068e+02 2.926299999999999955e+02 2.900000000000000000e+01
1.048400000000000091e+03 9.419900000000000091e+02 2.900000000000000000e+01
1.250700000000000045e+03 1.619699999999999989e+02 2.900000000000000000e+01
1.449399999999999977e+02 1.776299999999999955e+02 2.900000000000000000e+01
5.312899999999999636e+02 5.131799999999999500e+02 2.900000000000000000e+01
2.187800000000000011e+02 5.030400000000000205e+02 2.900000000000000000e+01
5.384600000000000364e+02 1.734799999999999898e+02 2.900000000000000000e+01
5.654800000000000182e+02 6.840000000000000000e+02 2.900000000000000000e+01
3.650299999999999727e+02 7.210599999999999454e+02 2.900000000000000000e+01
3.891999999999999886e+02 9.095700000000000500e+02 2.900000000000000000e+01
6.250900000000000318e+02 1.102599999999999909e+03 2.900000000000000000e+01
5.077599999999999909e+02 4.006299999999999955e+02 2.900000000000000000e+01
7.747300000000000182e+02 6.067300000000000182e+02 2.900000000000000000e+01
6.634299999999999500e+02 1.468500000000000000e+03 2.900000000000000000e+01
5.069100000000000250e+02 4.598500000000000227e+02 2.900000000000000000e+01
1.198200000000000045e+03 2.041399999999999864e+02 2.900000000000000000e+01
4.151100000000000136e+02 8.117300000000000182e+02 2.900000000000000000e+01
1.256200000000000045e+03 1.010000000000000000e+03 2.900000000000000000e+01
1.079799999999999955e+03 6.467000000000000455e+02 2.900000000000000000e+01
1.439400000000000091e+03 1.254900000000000091e+03 2.900000000000000000e+01
2.043300000000000125e+02 7.373700000000000045e+02 2.900000000000000000e+01
2.494300000000000068e+02 9.469099999999999682e+02 2.900000000000000000e+01
8.683400000000000318e+02 2.193899999999999864e+02 2.900000000000000000e+01
2.571800000000000068e+02 3.683799999999999955e+02 2.900000000000000000e+01
1.353700000000000045e+03 5.930000000000000000e+02 2.900000000000000000e+01
4.700199999999999818e+02 7.861100000000000136e+02 2.900000000000000000e+01
2.679499999999999886e+02 1.767299999999999898e+02 2.900000000000000000e+01
1.199500000000000000e+03 3.106100000000000136e+02 2.900000000000000000e+01
1.246500000000000000e+03 4.563600000000000136e+02 2.900000000000000000e+01
9.122500000000000000e+02 2.613600000000000136e+02 2.900000000000000000e+01
3.491999999999999886e+02 4.420400000000000205e+02 2.900000000000000000e+01
1.377000000000000000e+03 1.442500000000000000e+03 2.900000000000000000e+01
9.651000000000000227e+02 4.438799999999999955e+02 2.900000000000000000e+01
1.133799999999999955e+03 4.714499999999999886e+02 2.900000000000000000e+01
1.271200000000000045e+03 7.020199999999999818e+02 2.900000000000000000e+01
1.662199999999999989e+02 3.828199999999999932e+02 2.900000000000000000e+01
1.029400000000000091e+03 2.394799999999999898e+02 2.900000000000000000e+01
1.144000000000000057e+02 3.002900000000000205e+02 2.900000000000000000e+01
1.413799999999999955e+03 1.600099999999999909e+02 3.000000000000000000e+01
2.706000000000000227e+02 5.322500000000000000e+02 2.900000000000000000e+01
3.384300000000000068e+02 2.349799999999999898e+02 2.900000000000000000e+01
1.362099999999999909e+03 1.290900000000000091e+03 2.900000000000000000e+01
6.833099999999999454e+02 1.194900000000000091e+03 2.900000000000000000e+01
1.270700000000000045e+03 6.416000000000000227e+02 2.900000000000000000e+01
1.152299999999999955e+03 1.150599999999999909e+03 2.900000000000000000e+01
1.191400000000000091e+03 8.866900000000000546e+02 2.900000000000000000e+01
3.879499999999999886e+02 5.549700000000000273e+02 2.900000000000000000e+01
5.017799999999999727e+02 9.780599999999999454e+02 2.900000000000000000e+01
1.234800000000000040e+02 5.218999999999999773e+02 2.900000000000000000e+01
1.656100000000000136e+02 9.995199999999999818e+02 2.900000000000000000e+01
6.762000000000000455e+02 5.405499999999999545e+02 2.900000000000000000e+01
1.263599999999999909e+03 3.025899999999999750e+02 2.900000000000000000e+01
2.575699999999999932e+02 4.586299999999999955e+02 2.900000000000000000e+01
1.337400000000000091e+03 1.080799999999999955e+03 2.900000000000000000e+01
7.610299999999999727e+02 1.007399999999999977e+03 2.900000000000000000e+01
4.614900000000000091e+02 6.855199999999999818e+02 2.900000000000000000e+01
2.570699999999999932e+02 7.084600000000000364e+02 2.900000000000000000e+01
1.253200000000000045e+03 1.353099999999999909e+03 2.900000000000000000e+01
2.090099999999999909e+02 1.306599999999999909e+03 2.900000000000000000e+01
4.565799999999999841e+02 6.270499999999999545e+02 2.900000000000000000e+01
5.664400000000000546e+02 4.204300000000000068e+02 2.900000000000000000e+01
4.556399999999999864e+02 9.386200000000000045e+02 2.900000000000000000e+01
1.249200000000000045e+03 8.745199999999999818e+02 2.900000000000000000e+01
1.043200000000000045e+03 1.642199999999999989e+02 2.900000000000000000e+01
1.210600000000000023e+02 6.779199999999999591e+02 2.900000000000000000e+01
1.368099999999999909e+03 1.980200000000000102e+02 3.000000000000000000e+01
6.120099999999999909e+02 2.648199999999999932e+02 2.900000000000000000e+01
5.772599999999999909e+02 1.418299999999999955e+03 2.900000000000000000e+01
6.309800000000000182e+02 4.982500000000000000e+02 2.900000000000000000e+01
1.174500000000000000e+03 4.242900000000000205e+02 2.900000000000000000e+01
1.105299999999999955e+03 1.494799999999999955e+03 2.900000000000000000e+01
5.629400000000000546e+02 8.571399999999999864e+02 2.900000000000000000e+01
1.394799999999999955e+03 1.097400000000000091e+03 2.900000000000000000e+01
9.648899999999999864e+02 6.409199999999999591e+02 2.900000000000000000e+01
1.577599999999999909e+02 6.296100000000000136e+02 2.900000000000000000e+01
8.660599999999999454e+02 6.438099999999999454e+02 2.900000000000000000e+01
7.357299999999999329e+01 1.173599999999999909e+03 2.100000000000000000e+01
1.355000000000000000e+03 1.397299999999999955e+03 2.000000000000000000e+01
3.518199999999999932e+02 1.110000000000000000e+03 2.000000000000000000e+01
6.100199999999999818e+02 1.016100000000000023e+03 2.100000000000000000e+01
9.937300000000000182e+02 5.064100000000000250e+02 2.000000000000000000e+01
1.503000000000000000e+03 6.601200000000000045e+02 2.100000000000000000e+01
1.416700000000000045e+03 1.194799999999999955e+03 2.000000000000000000e+01
6.970199999999999818e+01 1.104299999999999955e+03 2.000000000000000000e+01
1.091000000000000000e+03 1.042700000000000045e+03 2.000000000000000000e+01
1.506799999999999955e+03 1.048900000000000091e+03 2.000000000000000000e+01
8.304600000000000364e+02 1.325900000000000091e+03 2.000000000000000000e+01
7.268899999999999864e+02 1.297700000000000045e+03 2.000000000000000000e+01
5.577000000000000455e+02 1.109500000000000000e+03 2.000000000000000000e+01
1.243000000000000000e+03 1.103500000000000000e+03 2.000000000000000000e+01
2.521800000000000068e+02 1.372000000000000000e+03 2.100000000000000000e+01
2.804499999999999886e+02 2.644700000000000273e+02 2.000000000000000000e+01
7.505199999999999818e+02 7.203999999999999773e+02 2.000000000000000000e+01
1.205299999999999955e+03 1.318900000000000091e+03 2.000000000000000000e+01
1.313200000000000045e+03 6.717000000000000455e+02 2.000000000000000000e+01
1.162599999999999909e+03 8.456499999999999773e+02 2.000000000000000000e+01
1.199000000000000000e+03 7.594600000000000364e+02 2.000000000000000000e+01
7.049200000000000443e+01 9.425800000000000409e+02 2.100000000000000000e+01
8.862899999999999636e+02 1.572799999999999955e+03 2.100000000000000000e+01
6.827899999999999636e+02 4.899700000000000273e+02 2.000000000000000000e+01
4.358700000000000045e+02 8.892100000000000364e+02 2.000000000000000000e+01
9.278999999999999773e+02 4.068700000000000045e+02 2.000000000000000000e+01
9.155000000000000000e+02 3.124399999999999977e+02 2.000000000000000000e+01
9.012100000000000364e+02 1.127599999999999909e+03 2.000000000000000000e+01
7.800599999999999454e+02 1.120599999999999909e+03 2.000000000000000000e+01
1.249599999999999937e+02 1.305799999999999955e+03 2.000000000000000000e+01
4.491999999999999886e+02 4.278999999999999773e+02 2.000000000000000000e+01
6.771900000000000546e+02 3.532699999999999818e+02 2.100000000000000000e+01
7.044100000000000250e+01 8.375800000000000409e+02 2.000000000000000000e+01
2.705199999999999818e+02 1.177500000000000000e+03 2.000000000000000000e+01
1.079799999999999955e+03 1.175200000000000045e+03 2.000000000000000000e+01
5.282300000000000182e+02 2.517599999999999909e+02 2.000000000000000000e+01
7.523999999999999773e+02 7.989299999999999500e+02 2.000000000000000000e+01
8.110499999999999545e+02 1.091099999999999909e+03 2.100000000000000000e+01
7.265800000000000125e+01 1.575099999999999909e+03 2.000000000000000000e+01
1.099300000000000068e+02 3.524100000000000250e+02 2.100000000000000000e+01
9.541699999999999591e+02 9.956900000000000546e+02 2.000000000000000000e+01
1.444000000000000000e+03 5.681200000000000045e+02 2.000000000000000000e+01
7.166299999999999670e+01 3.281100000000000136e+02 2.000000000000000000e+01
1.156500000000000000e+03 7.440599999999999454e+02 2.000000000000000000e+01
1.507099999999999909e+03 1.123000000000000000e+03 2.000000000000000000e+01
1.073199999999999932e+02 1.513400000000000091e+03 2.100000000000000000e+01
3.612900000000000205e+02 3.289900000000000091e+02 2.000000000000000000e+01
7.931699999999999591e+02 7.251100000000000136e+02 2.000000000000000000e+01
1.509099999999999909e+03 1.464799999999999955e+03 2.100000000000000000e+01
1.666399999999999864e+02 1.407200000000000045e+03 2.000000000000000000e+01
2.889300000000000068e+02 2.233600000000000136e+02 2.000000000000000000e+01
6.897599999999999909e+01 1.277000000000000000e+03 2.100000000000000000e+01
9.787899999999999636e+02 5.906100000000000136e+02 2.000000000000000000e+01
1.010100000000000023e+03 4.669100000000000250e+02 2.000000000000000000e+01
1.012200000000000045e+03 8.377200000000000273e+02 2.000000000000000000e+01
5.924199999999999591e+02 3.305099999999999909e+02 2.000000000000000000e+01
8.856900000000000261e+01 1.066599999999999909e+03 2.000000000000000000e+01
8.720099999999999909e+02 6.954299999999999500e+02 2.000000000000000000e+01
8.451499999999999773e+02 1.369500000000000000e+03 2.000000000000000000e+01
1.372799999999999955e+03 1.045200000000000045e+03 2.000000000000000000e+01
7.226500000000000057e+01 6.543099999999999454e+02 2.000000000000000000e+01
2.085800000000000125e+02 1.098400000000000091e+03 2.000000000000000000e+01
8.585399999999999636e+02 1.246500000000000000e+03 2.000000000000000000e+01
1.165300000000000011e+02 1.098500000000000000e+03 2.000000000000000000e+01
7.104900000000000659e+01 7.485099999999999909e+02 2.000000000000000000e+01
7.162100000000000364e+02 3.731600000000000250e+02 2.000000000000000000e+01
6.127000000000000455e+02 6.085099999999999909e+02 2.000000000000000000e+01
8.885099999999999909e+02 5.986900000000000546e+02 1.900000000000000000e+01
1.250400000000000091e+03 5.565800000000000409e+02 2.000000000000000000e+01
6.847499999999999432e+01 1.441400000000000091e+03 2.000000000000000000e+01
1.097200000000000045e+03 1.384000000000000000e+03 2.000000000000000000e+01
1.487200000000000045e+03 5.701000000000000227e+02 2.100000000000000000e+01
7.691900000000000546e+02 1.384400000000000091e+03 2.100000000000000000e+01
1.146799999999999955e+03 3.462300000000000182e+02 2.000000000000000000e+01
8.040000000000000000e+02 1.359599999999999909e+03 2.000000000000000000e+01
9.610299999999999727e+02 2.395399999999999920e+02 2.000000000000000000e+01
7.365000000000000568e+01 6.977899999999999636e+02 2.100000000000000000e+01
7.698200000000000500e+02 7.604299999999999500e+02 2.000000000000000000e+01
1.009300000000000068e+02 1.206900000000000091e+03 2.100000000000000000e+01
2.656000000000000227e+02 1.228599999999999909e+03 2.100000000000000000e+01
9.165299999999999727e+02 1.167099999999999909e+03 2.000000000000000000e+01
1.212700000000000045e+03 1.425000000000000000e+03 2.000000000000000000e+01
6.717400000000000091e+02 7.799900000000000091e+02 2.000000000000000000e+01
7.294800000000000182e+02 3.326700000000000159e+02 2.000000000000000000e+01
7.112199999999999989e+01 4.790000000000000000e+02 2.000000000000000000e+01
6.920900000000000318e+02 3.118100000000000023e+02 2.000000000000000000e+01
1.079700000000000045e+03 9.015000000000000000e+02 2.000000000000000000e+01
1.503400000000000091e+03 6.169700000000000273e+02 2.000000000000000000e+01
1.611299999999999955e+02 1.327299999999999955e+03 2.000000000000000000e+01
3.053999999999999773e+02 1.201700000000000045e+03 2.100000000000000000e+01
1.561500000000000057e+02 7.192400000000000091e+02 2.100000000000000000e+01
7.313799999999999955e+02 4.783100000000000023e+02 2.100000000000000000e+01
7.155700000000000216e+01 4.367500000000000000e+02 2.100000000000000000e+01
7.019799999999999329e+01 1.028000000000000000e+03 2.000000000000000000e+01
3.055099999999999909e+02 1.243099999999999909e+03 2.000000000000000000e+01
9.430199999999999818e+02 1.305000000000000000e+03 2.100000000000000000e+01
1.063000000000000000e+03 1.358900000000000091e+03 2.100000000000000000e+01
6.756600000000000250e+01 1.490500000000000000e+03 2.100000000000000000e+01
1.012899999999999977e+03 6.168600000000000136e+02 2.000000000000000000e+01
1.507900000000000091e+03 1.419000000000000000e+03 2.100000000000000000e+01
3.980400000000000205e+02 3.071200000000000045e+02 2.000000000000000000e+01
9.137899999999999636e+02 8.444600000000000364e+02 2.000000000000000000e+01
1.422400000000000091e+03 1.057299999999999955e+03 2.000000000000000000e+01
2.104699999999999989e+02 7.924500000000000455e+02 2.000000000000000000e+01
9.292799999999999727e+02 1.423900000000000091e+03 2.000000000000000000e+01
9.890900000000000318e+02 1.574400000000000091e+03 2.100000000000000000e+01
1.002100000000000023e+03 3.686100000000000136e+02 2.000000000000000000e+01
5.085699999999999932e+02 2.139600000000000080e+02 2.000000000000000000e+01
5.570499999999999545e+02 4.695000000000000000e+02 2.000000000000000000e+01
1.371200000000000045e+03 9.220900000000000318e+02 2.000000000000000000e+01
1.026599999999999909e+03 7.183099999999999454e+02 2.000000000000000000e+01
7.112000000000000455e+01 9.851599999999999682e+02 2.100000000000000000e+01
4.798399999999999750e+02 8.941499999999999773e+02 2.000000000000000000e+01
2.076500000000000057e+02 1.167299999999999955e+03 2.000000000000000000e+01
1.445700000000000045e+03 8.026100000000000136e+02 2.100000000000000000e+01
1.840800000000000125e+02 1.132500000000000000e+03 2.000000000000000000e+01
8.110000000000000000e+02 5.665499999999999545e+02 2.000000000000000000e+01
4.213100000000000023e+02 1.307400000000000091e+03 2.000000000000000000e+01
8.275199999999999818e+02 8.735599999999999454e+02 2.000000000000000000e+01
4.590400000000000205e+02 3.869499999999999886e+02 2.000000000000000000e+01
7.839700000000000273e+02 8.741699999999999591e+02 2.000000000000000000e+01
1.283799999999999955e+03 1.572200000000000045e+03 2.100000000000000000e+01
1.154599999999999909e+03 5.179199999999999591e+02 2.000000000000000000e+01
6.394199999999999591e+02 8.066499999999999773e+02 2.000000000000000000e+01
7.731399999999999864e+02 5.480299999999999727e+02 2.000000000000000000e+01
1.042599999999999909e+03 2.885000000000000000e+02 2.000000000000000000e+01
7.589099999999999682e+02 1.267500000000000000e+03 2.000000000000000000e+01
1.502099999999999909e+03 2.923199999999999932e+02 2.000000000000000000e+01
4.210099999999999909e+02 1.265500000000000000e+03 2.000000000000000000e+01
8.257300000000000182e+02 6.129199999999999591e+02 2.100000000000000000e+01
1.076200000000000045e+03 5.449900000000000091e+02 2.000000000000000000e+01
9.599700000000000273e+02 1.453099999999999909e+03 2.100000000000000000e+01
3.237200000000000273e+02 1.281500000000000000e+03 2.000000000000000000e+01
6.299199999999999591e+02 1.191799999999999955e+03 2.100000000000000000e+01
4.569200000000000159e+02 1.331000000000000000e+03 2.100000000000000000e+01
1.111599999999999909e+03 2.097599999999999909e+02 2.000000000000000000e+01
2.585400000000000205e+02 1.574000000000000000e+03 2.100000000000000000e+01
4.867300000000000182e+02 1.574299999999999955e+03 2.100000000000000000e+01
1.453299999999999955e+03 1.571500000000000000e+03 2.100000000000000000e+01
1.002500000000000000e+03 7.959900000000000091e+02 2.000000000000000000e+01
3.717099999999999795e+02 2.738100000000000023e+02 2.000000000000000000e+01
6.808799999999999386e+01 1.234200000000000045e+03 2.000000000000000000e+01
8.098700000000000045e+02 3.402300000000000182e+02 2.000000000000000000e+01
1.462500000000000000e+03 6.484600000000000364e+02 2.000000000000000000e+01
8.894700000000000273e+02 5.049300000000000068e+02 2.000000000000000000e+01
1.506400000000000091e+03 1.007299999999999955e+03 2.000000000000000000e+01
1.328799999999999955e+03 9.261599999999999682e+02 2.000000000000000000e+01
1.615900000000000034e+02 1.285099999999999909e+03 2.000000000000000000e+01
9.669799999999999329e+01 1.137000000000000000e+03 2.000000000000000000e+01
7.566500000000000625e+01 8.793500000000000227e+02 2.100000000000000000e+01
1.465299999999999955e+03 1.209700000000000045e+03 2.000000000000000000e+01
9.834500000000000455e+02 8.692699999999999818e+02 1.900000000000000000e+01
4.064399999999999977e+02 1.225299999999999955e+03 2.100000000000000000e+01
7.229800000000000182e+02 1.162500000000000000e+03 2.000000000000000000e+01
1.092200000000000045e+03 7.980099999999999909e+02 2.000000000000000000e+01
4.224700000000000273e+02 1.515500000000000000e+03 2.100000000000000000e+01
5.111399999999999864e+02 8.657699999999999818e+02 2.000000000000000000e+01
1.501500000000000000e+03 3.924200000000000159e+02 2.100000000000000000e+01
1.631899999999999977e+02 1.095700000000000045e+03 2.000000000000000000e+01
9.601699999999999591e+02 5.524400000000000546e+02 2.000000000000000000e+01
1.123700000000000045e+03 6.722699999999999818e+02 1.900000000000000000e+01
1.343199999999999932e+02 2.549000000000000057e+02 2.000000000000000000e+01
9.891100000000000136e+02 1.571299999999999955e+02 2.100000000000000000e+01
1.502500000000000000e+03 7.017100000000000364e+02 2.100000000000000000e+01
4.045500000000000114e+02 8.608899999999999864e+02 2.000000000000000000e+01
9.364500000000000455e+02 5.945499999999999545e+02 2.000000000000000000e+01
1.123500000000000000e+03 8.264900000000000091e+02 1.900000000000000000e+01
8.079299999999999500e+02 1.209500000000000000e+03 2.000000000000000000e+01
6.562300000000000182e+02 7.169900000000000091e+02 2.000000000000000000e+01
5.750199999999999818e+02 3.697300000000000182e+02 2.000000000000000000e+01
4.434700000000000273e+02 1.422500000000000000e+03 2.100000000000000000e+01
1.162600000000000051e+02 8.396799999999999500e+02 2.000000000000000000e+01
1.362700000000000045e+03 1.491500000000000000e+03 2.000000000000000000e+01
2.156100000000000136e+02 6.197000000000000455e+02 2.100000000000000000e+01
1.385900000000000091e+03 2.464900000000000091e+02 2.000000000000000000e+01
1.550800000000000125e+02 3.334300000000000068e+02 2.000000000000000000e+01
1.093900000000000091e+03 1.579600000000000080e+02 2.100000000000000000e+01
8.424400000000000546e+02 3.681200000000000045e+02 2.000000000000000000e+01
1.612400000000000091e+02 4.330199999999999818e+02 2.000000000000000000e+01
1.121900000000000091e+03 3.808299999999999841e+02 2.000000000000000000e+01
7.224199999999999591e+02 5.195399999999999636e+02 2.000000000000000000e+01
1.234799999999999955e+03 5.161499999999999773e+02 2.000000000000000000e+01
1.439399999999999977e+02 1.207700000000000045e+03 2.000000000000000000e+01
1.427500000000000000e+03 1.137000000000000000e+03 2.000000000000000000e+01
1.004399999999999977e+03 1.231000000000000000e+03 2.000000000000000000e+01
1.405099999999999909e+03 1.399599999999999909e+03 2.000000000000000000e+01
7.694299999999999500e+02 1.226900000000000091e+03 2.000000000000000000e+01
7.240999999999999659e+01 5.636499999999999773e+02 2.100000000000000000e+01
1.350200000000000045e+03 9.626900000000000546e+02 2.000000000000000000e+01
8.632500000000000000e+02 1.430000000000000000e+03 2.000000000000000000e+01
1.005299999999999955e+03 7.539500000000000455e+02 2.000000000000000000e+01
1.100799999999999955e+03 3.435699999999999932e+02 2.000000000000000000e+01
1.419299999999999955e+03 6.588600000000000136e+02 2.000000000000000000e+01
5.986699999999999591e+02 4.632599999999999909e+02 2.000000000000000000e+01
1.044099999999999909e+03 8.064199999999999591e+02 2.000000000000000000e+01
1.122500000000000000e+03 9.994800000000000182e+02 1.900000000000000000e+01
1.320599999999999909e+03 6.299600000000000364e+02 2.000000000000000000e+01
1.365799999999999955e+03 1.003899999999999977e+03 2.000000000000000000e+01
5.150099999999999909e+02 7.644400000000000546e+02 2.000000000000000000e+01
1.495299999999999955e+03 4.360699999999999932e+02 2.100000000000000000e+01
1.349299999999999955e+03 1.130099999999999909e+03 2.000000000000000000e+01
8.254600000000000364e+02 1.170799999999999955e+03 2.000000000000000000e+01
9.530800000000000409e+02 2.911800000000000068e+02 2.000000000000000000e+01
1.279800000000000040e+02 8.803899999999999864e+02 2.000000000000000000e+01
1.393599999999999909e+03 1.236500000000000000e+03 2.000000000000000000e+01
7.195700000000000500e+02 1.037799999999999955e+03 2.100000000000000000e+01
4.805299999999999727e+02 5.049100000000000250e+02 2.000000000000000000e+01
1.502500000000000000e+03 4.840099999999999909e+02 2.100000000000000000e+01
1.510500000000000000e+03 1.570500000000000000e+03 2.100000000000000000e+01
8.273199999999999932e+01 1.316900000000000091e+03 2.100000000000000000e+01
4.482799999999999727e+02 1.482900000000000091e+03 2.100000000000000000e+01
7.161599999999999682e+02 9.849099999999999682e+02 2.000000000000000000e+01
1.474600000000000080e+02 9.171299999999999955e+02 2.000000000000000000e+01
1.341899999999999977e+02 7.589900000000000091e+02 2.000000000000000000e+01
6.885899999999999466e+01 1.356299999999999955e+03 2.000000000000000000e+01
1.313700000000000045e+03 2.895500000000000114e+02 2.000000000000000000e+01
1.224099999999999909e+03 1.066000000000000000e+03 2.000000000000000000e+01
1.147099999999999909e+03 1.248500000000000000e+03 2.000000000000000000e+01
8.593799999999999955e+02 5.370900000000000318e+02 2.000000000000000000e+01
1.116799999999999955e+03 4.231999999999999886e+02 2.000000000000000000e+01
5.467799999999999727e+02 1.455599999999999909e+03 1.900000000000000000e+01
4.128700000000000045e+02 7.018899999999999864e+02 2.000000000000000000e+01
1.211000000000000000e+03 5.717300000000000182e+02 2.000000000000000000e+01
2.153000000000000114e+02 1.574299999999999955e+03 2.100000000000000000e+01
1.750099999999999909e+02 5.281699999999999591e+02 2.000000000000000000e+01
1.231000000000000000e+03 7.320099999999999909e+02 1.900000000000000000e+01
5.831000000000000227e+02 5.129099999999999682e+02 2.100000000000000000e+01
2.734599999999999795e+02 3.214900000000000091e+02 2.000000000000000000e+01
1.192400000000000091e+03 7.159700000000000273e+02 2.000000000000000000e+01
1.673700000000000045e+02 1.243000000000000000e+03 2.000000000000000000e+01
4.483899999999999864e+02 1.379400000000000091e+03 2.100000000000000000e+01
6.798499999999999943e+01 1.399099999999999909e+03 2.100000000000000000e+01
1.000399999999999977e+03 3.125299999999999727e+02 2.000000000000000000e+01
7.339299999999999500e+02 1.204000000000000000e+03 2.100000000000000000e+01
2.535099999999999909e+02 1.328500000000000000e+03 2.100000000000000000e+01
6.339299999999999500e+02 1.051700000000000045e+03 2.000000000000000000e+01
1.893100000000000023e+02 1.206099999999999909e+03 2.000000000000000000e+01
1.333700000000000045e+03 2.363799999999999955e+02 2.100000000000000000e+01
1.090499999999999972e+02 1.009700000000000045e+03 2.000000000000000000e+01
1.509799999999999955e+03 1.506799999999999955e+03 2.100000000000000000e+01
9.117500000000000000e+02 9.948600000000000136e+02 2.000000000000000000e+01
1.248000000000000000e+03 1.400400000000000091e+03 2.000000000000000000e+01
6.091200000000000045e+02 7.090900000000000318e+02 2.000000000000000000e+01
2.345300000000000011e+02 1.199599999999999909e+03 2.000000000000000000e+01
1.501700000000000045e+03 2.457100000000000080e+02 2.100000000000000000e+01
1.508500000000000000e+03 1.208500000000000000e+03 2.000000000000000000e+01
1.464099999999999909e+03 1.050700000000000045e+03 2.000000000000000000e+01
7.740000000000000000e+02 9.148200000000000500e+02 2.000000000000000000e+01
1.227099999999999909e+03 1.572200000000000045e+03 2.100000000000000000e+01
1.396700000000000045e+03 3.453799999999999955e+02 2.100000000000000000e+01
1.235500000000000000e+03 1.531500000000000000e+03 2.100000000000000000e+01
1.444600000000000080e+02 8.076200000000000045e+02 2.000000000000000000e+01
1.384599999999999909e+03 8.693600000000000136e+02 2.100000000000000000e+01
1.120599999999999909e+03 7.678300000000000409e+02 2.000000000000000000e+01
1.200299999999999955e+03 9.355700000000000500e+02 2.000000000000000000e+01
4.100799999999999841e+02 4.062699999999999818e+02 2.000000000000000000e+01
1.505099999999999909e+03 8.618999999999999773e+02 2.000000000000000000e+01
4.246399999999999864e+02 2.733999999999999773e+02 2.100000000000000000e+01
7.217900000000000205e+01 2.291699999999999875e+02 2.100000000000000000e+01
1.509099999999999909e+03 1.309099999999999909e+03 2.000000000000000000e+01
8.516499999999999773e+02 5.786399999999999864e+02 2.000000000000000000e+01
1.505799999999999955e+03 1.166500000000000000e+03 2.000000000000000000e+01
1.061400000000000091e+03 6.942599999999999909e+02 2.000000000000000000e+01
1.462099999999999909e+03 8.557899999999999636e+02 2.000000000000000000e+01
9.136900000000000546e+02 1.037200000000000045e+03 2.000000000000000000e+01
1.153000000000000000e+03 9.230599999999999454e+02 2.000000000000000000e+01
2.241599999999999966e+02 1.531799999999999955e+03 2.100000000000000000e+01
1.328099999999999909e+03 1.430099999999999909e+03 2.000000000000000000e+01
1.132000000000000028e+02 2.177400000000000091e+02 2.000000000000000000e+01
3.085899999999999750e+02 1.573599999999999909e+03 2.100000000000000000e+01
6.886599999999999682e+02 1.574799999999999955e+03 2.000000000000000000e+01
1.234099999999999966e+02 1.170900000000000091e+03 2.000000000000000000e+01
9.206299999999999955e+02 2.109699999999999989e+02 2.000000000000000000e+01
1.653400000000000034e+02 1.171000000000000000e+03 2.000000000000000000e+01
6.234400000000000546e+02 1.392400000000000091e+03 2.000000000000000000e+01
1.067199999999999989e+02 6.292200000000000273e+02 2.000000000000000000e+01
1.265500000000000000e+03 8.262799999999999727e+02 1.900000000000000000e+01
1.376900000000000091e+03 1.531500000000000000e+03 2.100000000000000000e+01
1.404900000000000091e+03 1.018000000000000000e+03 2.000000000000000000e+01
9.954800000000000182e+02 1.144000000000000000e+03 2.000000000000000000e+01
8.390299999999999727e+02 1.059200000000000045e+03 2.000000000000000000e+01
4.170000000000000000e+02 1.350200000000000045e+03 2.100000000000000000e+01
7.203300000000000409e+02 1.397000000000000000e+03 2.000000000000000000e+01
1.729900000000000091e+02 1.574500000000000000e+03 2.000000000000000000e+01
9.413600000000000136e+02 1.569900000000000091e+03 2.100000000000000000e+01
1.079599999999999909e+03 1.132700000000000045e+03 1.900000000000000000e+01
1.469799999999999955e+03 1.143000000000000000e+03 2.000000000000000000e+01
6.491599999999999682e+02 1.626399999999999864e+02 2.000000000000000000e+01
1.414099999999999909e+03 9.190499999999999545e+02 2.000000000000000000e+01
7.866100000000000136e+02 1.550000000000000000e+03 2.000000000000000000e+01
1.327000000000000000e+03 1.513700000000000045e+03 2.000000000000000000e+01
1.346000000000000000e+03 1.529000000000000057e+02 2.100000000000000000e+01
8.501699999999999591e+02 1.205700000000000045e+03 2.100000000000000000e+01
2.780099999999999909e+02 9.029600000000000364e+02 2.000000000000000000e+01
1.069900000000000091e+03 2.077800000000000011e+02 2.000000000000000000e+01
1.426900000000000091e+03 1.462500000000000000e+03 2.000000000000000000e+01
1.219500000000000000e+03 9.740000000000000000e+02 2.000000000000000000e+01
9.761499999999999773e+02 1.491900000000000091e+03 2.100000000000000000e+01
7.874900000000000091e+02 1.596599999999999966e+02 2.000000000000000000e+01
1.324000000000000000e+03 1.471700000000000045e+03 2.000000000000000000e+01
1.060000000000000000e+03 1.471099999999999909e+03 2.100000000000000000e+01
1.018100000000000023e+02 9.132999999999999545e+02 2.000000000000000000e+01
1.404700000000000045e+03 1.498700000000000045e+03 2.100000000000000000e+01
1.462099999999999909e+03 6.067300000000000182e+02 2.000000000000000000e+01
1.272900000000000091e+03 4.995099999999999909e+02 2.000000000000000000e+01
1.288200000000000045e+03 5.375000000000000000e+02 2.000000000000000000e+01
1.037400000000000091e+03 1.134500000000000000e+03 2.000000000000000000e+01
1.002899999999999977e+03 1.969499999999999886e+02 2.000000000000000000e+01
1.106500000000000000e+03 5.802799999999999727e+02 1.900000000000000000e+01
1.292900000000000091e+03 9.044800000000000182e+02 2.000000000000000000e+01
8.514099999999999682e+02 7.874800000000000182e+02 2.000000000000000000e+01
4.925799999999999841e+02 5.462899999999999636e+02 2.000000000000000000e+01
4.573399999999999750e+02 4.690699999999999932e+02 2.000000000000000000e+01
5.389400000000000546e+02 9.016299999999999955e+02 2.000000000000000000e+01
1.081900000000000091e+03 3.055199999999999818e+02 2.000000000000000000e+01
1.412799999999999955e+03 4.459499999999999886e+02 2.000000000000000000e+01
7.210299999999999443e+01 3.697200000000000273e+02 2.000000000000000000e+01
1.462599999999999909e+03 9.040399999999999636e+02 2.100000000000000000e+01
7.080200000000000671e+01 5.215399999999999636e+02 2.000000000000000000e+01
1.447500000000000000e+03 9.434900000000000091e+02 2.100000000000000000e+01
1.322700000000000045e+03 1.163000000000000000e+03 2.000000000000000000e+01
1.388700000000000045e+03 1.571900000000000091e+03 2.100000000000000000e+01
3.309300000000000068e+02 1.537799999999999955e+03 2.100000000000000000e+01
8.059600000000000364e+02 1.033299999999999955e+03 2.000000000000000000e+01
1.346099999999999909e+03 8.876100000000000136e+02 2.000000000000000000e+01
1.156200000000000045e+03 1.351000000000000000e+03 2.000000000000000000e+01
9.605499999999999545e+02 1.969499999999999886e+02 2.000000000000000000e+01
6.324199999999999591e+02 1.508900000000000091e+03 2.000000000000000000e+01
7.012999999999999545e+02 1.433799999999999955e+03 2.000000000000000000e+01
7.626000000000000227e+02 5.060400000000000205e+02 2.000000000000000000e+01
1.348200000000000045e+03 1.242799999999999955e+03 1.900000000000000000e+01
6.261599999999999682e+02 1.434900000000000091e+03 2.000000000000000000e+01
1.502599999999999909e+03 5.299800000000000182e+02 2.000000000000000000e+01
1.451799999999999955e+03 3.085899999999999750e+02 2.100000000000000000e+01
3.553600000000000136e+02 9.509800000000000182e+02 2.000000000000000000e+01
5.899500000000000455e+02 1.366700000000000045e+03 2.000000000000000000e+01
1.070000000000000000e+03 1.531099999999999909e+03 2.100000000000000000e+01
8.090399999999999636e+02 7.762000000000000455e+02 2.000000000000000000e+01
5.443899999999999864e+02 1.378700000000000045e+03 2.000000000000000000e+01
6.524700000000000273e+02 4.514900000000000091e+02 2.100000000000000000e+01
1.166000000000000000e+03 6.626200000000000045e+02 2.000000000000000000e+01
1.487400000000000091e+03 1.086900000000000091e+03 2.000000000000000000e+01
1.242200000000000045e+03 6.004400000000000546e+02 2.000000000000000000e+01
9.155099999999999909e+02 6.305499999999999545e+02 2.000000000000000000e+01
4.844499999999999886e+02 1.411599999999999909e+03 2.000000000000000000e+01
1.119299999999999955e+03 5.399600000000000364e+02 2.000000000000000000e+01
1.413700000000000045e+02 1.132900000000000091e+03 2.000000000000000000e+01
9.738899999999999864e+02 1.533900000000000091e+03 2.100000000000000000e+01
1.072299999999999955e+03 1.574000000000000000e+03 2.100000000000000000e+01
1.032900000000000091e+03 1.262000000000000000e+03 2.000000000000000000e+01
1.195500000000000000e+03 1.516700000000000045e+03 2.100000000000000000e+01
8.519400000000000546e+02 1.289299999999999955e+03 2.000000000000000000e+01
6.624600000000000364e+02 1.414500000000000000e+03 2.100000000000000000e+01
1.095700000000000045e+03 5.049599999999999795e+02 2.000000000000000000e+01
1.195900000000000091e+03 5.327300000000000182e+02 2.000000000000000000e+01
9.459199999999999591e+02 1.575699999999999932e+02 2.000000000000000000e+01
1.467900000000000091e+03 1.321400000000000091e+03 2.000000000000000000e+01
5.265399999999999636e+02 1.418099999999999909e+03 2.000000000000000000e+01
6.820399999999999636e+02 1.376500000000000000e+03 2.000000000000000000e+01
5.061700000000000159e+02 9.277300000000000182e+02 2.000000000000000000e+01
1.387599999999999909e+03 1.149000000000000000e+03 2.000000000000000000e+01
6.809999999999999432e+01 1.533799999999999955e+03 2.100000000000000000e+01
5.644900000000000091e+02 1.194299999999999955e+03 2.000000000000000000e+01
1.353200000000000045e+03 2.730500000000000114e+02 2.000000000000000000e+01
1.638000000000000114e+02 4.869399999999999977e+02 2.000000000000000000e+01
1.712899999999999920e+02 7.764099999999999682e+02 2.100000000000000000e+01
1.030500000000000000e+03 1.565700000000000045e+03 2.100000000000000000e+01
7.733600000000000136e+02 9.575800000000000409e+02 2.000000000000000000e+01
1.402799999999999955e+03 7.996200000000000045e+02 2.000000000000000000e+01
1.439099999999999909e+03 3.497200000000000273e+02 2.000000000000000000e+01
7.264499999999999602e+01 2.723600000000000136e+02 2.100000000000000000e+01
1.445400000000000091e+03 1.093400000000000091e+03 2.100000000000000000e+01
1.152799999999999955e+03 1.511900000000000091e+03 2.100000000000000000e+01
4.177400000000000091e+02 6.600900000000000318e+02 2.000000000000000000e+01
1.028499999999999943e+02 1.466700000000000045e+03 2.000000000000000000e+01
8.625499999999999545e+02 2.700299999999999727e+02 2.000000000000000000e+01
1.248799999999999955e+03 2.123199999999999932e+02 2.000000000000000000e+01
1.420400000000000091e+03 1.544200000000000045e+03 2.100000000000000000e+01
9.673099999999999454e+02 3.928999999999999773e+02 1.900000000000000000e+01
5.087900000000000205e+02 1.313200000000000045e+03 1.900000000000000000e+01
4.660099999999999909e+02 7.369299999999999500e+02 2.100000000000000000e+01
1.500799999999999955e+03 1.920399999999999920e+02 2.100000000000000000e+01
1.962400000000000091e+02 4.586100000000000136e+02 1.900000000000000000e+01
6.977200000000000273e+02 4.510899999999999750e+02 2.000000000000000000e+01
1.152000000000000000e+03 7.030399999999999636e+02 1.900000000000000000e+01
4.494800000000000182e+02 9.900099999999999909e+02 2.000000000000000000e+01
1.453200000000000045e+03 4.281899999999999977e+02 2.100000000000000000e+01
1.467299999999999955e+03 1.472799999999999955e+03 2.000000000000000000e+01
1.463200000000000045e+03 2.270300000000000011e+02 2.000000000000000000e+01
6.195700000000000500e+02 4.250299999999999727e+02 2.000000000000000000e+01
1.459000000000000000e+03 3.864900000000000091e+02 2.100000000000000000e+01
1.427200000000000045e+03 8.796100000000000136e+02 2.000000000000000000e+01
9.900000000000000000e+02 2.714700000000000273e+02 2.000000000000000000e+01
1.459099999999999909e+03 1.847599999999999909e+02 2.100000000000000000e+01
1.421799999999999955e+03 8.371200000000000045e+02 2.000000000000000000e+01
1.775300000000000011e+02 8.875099999999999909e+02 2.000000000000000000e+01
1.194099999999999909e+03 1.545200000000000102e+02 2.000000000000000000e+01
1.409300000000000068e+02 1.485000000000000000e+03 2.000000000000000000e+01
1.316200000000000045e+03 1.942100000000000080e+02 2.100000000000000000e+01
1.481700000000000045e+03 1.539500000000000000e+03 2.100000000000000000e+01
7.149599999999999511e+01 6.056900000000000546e+02 1.900000000000000000e+01
8.732599999999999909e+02 1.169599999999999909e+03 2.000000000000000000e+01
1.448099999999999909e+03 1.510599999999999909e+03 2.100000000000000000e+01
1.236700000000000045e+03 3.468000000000000114e+02 1.900000000000000000e+01
9.539199999999999591e+02 1.146099999999999909e+03 2.000000000000000000e+01
1.504799999999999955e+03 9.057000000000000455e+02 2.000000000000000000e+01
1.466400000000000091e+03 2.690500000000000114e+02 2.000000000000000000e+01
1.074500000000000028e+02 7.265599999999999454e+02 2.000000000000000000e+01
1.424099999999999909e+03 2.093700000000000045e+02 2.000000000000000000e+01
1.428099999999999909e+03 2.512199999999999989e+02 2.000000000000000000e+01
1.459500000000000000e+03 5.285199999999999818e+02 1.900000000000000000e+01
1.481599999999999909e+03 1.494300000000000068e+02 2.100000000000000000e+01
1.303099999999999909e+03 1.540500000000000114e+02 2.100000000000000000e+01
