1.212800000000000011e+02 1.563000000000000000e+03 3.000000000000000000e+01
1.151500000000000000e+03 1.187099999999999909e+03 2.900000000000000000e+01
4.776800000000000068e+02 1.107500000000000000e+03 2.900000000000000000e+01
1.960300000000000011e+02 1.361299999999999955e+03 3.000000000000000000e+01
7.299500000000000455e+02 1.550299999999999955e+03 3.000000000000000000e+01
2.792799999999999727e+02 1.430900000000000091e+03 3.000000000000000000e+01
7.560599999999999454e+02 1.305700000000000045e+03 2.900000000000000000e+01
5.640299999999999727e+02 7.754900000000000091e+02 2.900000000000000000e+01
7.848700000000000045e+02 1.251900000000000091e+03 2.900000000000000000e+01
1.837100000000000080e+02 6.560000000000000000e+02 2.900000000000000000e+01
1.082299999999999955e+03 1.327400000000000091e+03 2.900000000000000000e+01
8.576200000000000045e+02 1.322200000000000045e+03 2.900000000000000000e+01
4.040000000000000000e+02 1.113599999999999909e+03 2.900000000000000000e+01
3.535500000000000114e+02 1.222500000000000000e+03 2.900000000000000000e+01
9.860399999999999636e+02 1.345500000000000000e+03 2.900000000000000000e+01
7.508099999999999454e+02 1.430400000000000091e+03 3.000000000000000000e+01
8.269500000000000455e+02 1.466799999999999955e+03 3.000000000000000000e+01
2.664700000000000273e+02 1.275500000000000000e+03 2.900000000000000000e+01
1.076599999999999909e+03 1.262200000000000045e+03 2.900000000000000000e+01
4.565000000000000000e+02 1.222500000000000000e+03 2.900000000000000000e+01
3.400000000000000000e+02 8.145299999999999727e+02 2.900000000000000000e+01
1.458900000000000091e+03 8.021499999999999773e+02 2.900000000000000000e+01
9.256599999999999682e+02 1.344099999999999909e+03 2.900000000000000000e+01
7.965099999999999909e+02 3.794300000000000068e+02 2.900000000000000000e+01
1.149000000000000000e+03 1.081400000000000091e+03 2.900000000000000000e+01
5.930299999999999727e+02 1.353499999999999943e+02 2.900000000000000000e+01
6.279900000000000091e+02 1.340000000000000000e+03 3.000000000000000000e+01
8.759600000000000364e+02 1.206000000000000000e+03 2.900000000000000000e+01
3.722799999999999727e+02 1.566000000000000000e+03 3.000000000000000000e+01
4.572300000000000182e+02 1.162099999999999909e+03 2.900000000000000000e+01
1.774900000000000091e+02 9.330499999999999545e+02 2.900000000000000000e+01
6.448600000000000136e+02 5.749199999999999591e+02 3.000000000000000000e+01
1.220799999999999955e+03 1.218099999999999909e+03 2.900000000000000000e+01
1.091400000000000091e+03 1.190200000000000045e+03 2.900000000000000000e+01
6.281100000000000136e+02 1.233900000000000091e+03 3.000000000000000000e+01
8.250000000000000000e+02 7.247200000000000273e+02 2.900000000000000000e+01
1.822500000000000000e+02 1.456099999999999909e+03 3.000000000000000000e+01
1.403299999999999955e+03 1.360400000000000091e+03 3.000000000000000000e+01
4.916100000000000136e+02 1.461000000000000000e+03 2.900000000000000000e+01
2.945899999999999750e+02 3.810699999999999932e+02 2.900000000000000000e+01
1.196500000000000057e+02 1.356200000000000045e+03 2.900000000000000000e+01
3.028199999999999932e+02 1.096900000000000091e+03 2.900000000000000000e+01
3.868000000000000114e+02 1.170599999999999909e+03 2.900000000000000000e+01
1.369299999999999955e+03 9.499199999999999591e+02 2.900000000000000000e+01
4.116299999999999955e+02 3.235299999999999727e+02 2.900000000000000000e+01
5.489199999999999591e+02 1.327900000000000091e+03 2.900000000000000000e+01
1.231900000000000091e+03 1.159599999999999909e+03 2.900000000000000000e+01
4.748700000000000045e+02 1.523900000000000091e+03 3.000000000000000000e+01
1.337700000000000045e+03 1.341900000000000091e+03 2.900000000000000000e+01
9.397100000000000364e+02 1.028799999999999955e+03 2.900000000000000000e+01
8.421399999999999864e+02 1.004100000000000023e+03 2.900000000000000000e+01
2.735000000000000000e+02 1.526000000000000000e+03 3.000000000000000000e+01
7.943200000000000500e+02 2.330300000000000011e+02 2.900000000000000000e+01
3.410500000000000114e+02 9.873099999999999454e+02 2.900000000000000000e+01
9.590399999999999636e+02 1.398799999999999955e+03 2.900000000000000000e+01
5.744700000000000273e+02 8.831000000000000227e+02 2.900000000000000000e+01
6.991699999999999591e+02 1.098400000000000091e+03 2.900000000000000000e+01
5.500399999999999636e+02 2.577900000000000205e+02 2.900000000000000000e+01
8.559700000000000273e+02 8.832400000000000091e+02 2.900000000000000000e+01
8.496800000000000352e+01 7.743200000000000500e+02 2.900000000000000000e+01
1.274099999999999909e+03 1.257500000000000000e+03 2.900000000000000000e+01
5.025000000000000000e+02 1.053099999999999909e+03 2.900000000000000000e+01
1.251000000000000000e+03 1.493299999999999955e+03 3.000000000000000000e+01
2.520500000000000114e+02 1.067000000000000000e+03 2.900000000000000000e+01
2.785699999999999932e+02 8.376000000000000227e+02 2.900000000000000000e+01
9.319500000000000455e+02 1.183500000000000000e+03 2.900000000000000000e+01
7.370599999999999454e+02 1.053500000000000000e+03 2.900000000000000000e+01
5.318200000000000500e+02 1.505599999999999909e+03 3.000000000000000000e+01
1.075099999999999909e+03 1.428500000000000000e+03 2.900000000000000000e+01
5.687999999999999545e+02 1.234000000000000000e+03 2.900000000000000000e+01
4.313100000000000023e+02 1.566000000000000000e+03 3.000000000000000000e+01
7.640800000000000409e+02 4.312400000000000091e+02 2.900000000000000000e+01
1.029200000000000045e+03 1.297900000000000091e+03 2.900000000000000000e+01
1.192299999999999955e+03 1.467000000000000000e+03 3.000000000000000000e+01
1.009200000000000045e+03 8.655000000000000000e+02 2.900000000000000000e+01
5.272100000000000364e+02 9.894099999999999682e+02 2.900000000000000000e+01
8.294500000000000455e+02 1.565599999999999909e+03 3.000000000000000000e+01
7.189299999999999500e+02 1.481099999999999909e+03 3.000000000000000000e+01
1.128599999999999909e+03 2.060500000000000114e+02 2.900000000000000000e+01
5.231000000000000227e+02 1.145299999999999955e+03 2.900000000000000000e+01
1.023200000000000045e+03 1.397799999999999955e+03 2.900000000000000000e+01
1.418900000000000091e+03 9.912699999999999818e+02 2.900000000000000000e+01
5.167200000000000273e+02 1.264000000000000000e+03 2.900000000000000000e+01
1.165200000000000045e+03 1.004899999999999977e+03 2.900000000000000000e+01
9.800099999999999909e+02 9.631399999999999864e+02 2.900000000000000000e+01
1.262000000000000000e+03 3.225500000000000114e+02 2.900000000000000000e+01
1.457400000000000091e+03 7.435199999999999818e+02 3.000000000000000000e+01
5.831299999999999955e+02 1.137700000000000045e+03 2.900000000000000000e+01
8.537799999999999727e+02 9.445900000000000318e+02 2.900000000000000000e+01
7.215499999999999545e+02 8.362899999999999636e+02 2.900000000000000000e+01
1.759799999999999898e+02 2.506899999999999977e+02 2.900000000000000000e+01
3.338700000000000045e+02 1.046700000000000045e+03 2.900000000000000000e+01
1.336000000000000000e+03 4.133700000000000045e+02 2.900000000000000000e+01
9.110499999999999545e+02 9.320000000000000000e+02 2.900000000000000000e+01
5.431399999999999864e+02 5.393400000000000318e+02 2.900000000000000000e+01
4.598299999999999841e+02 1.281900000000000091e+03 2.900000000000000000e+01
3.045899999999999750e+02 4.533999999999999773e+02 2.900000000000000000e+01
7.236900000000000546e+02 2.286800000000000068e+02 3.000000000000000000e+01
6.565199999999999818e+02 6.440000000000000000e+02 2.900000000000000000e+01
7.548600000000000136e+02 2.791499999999999773e+02 2.900000000000000000e+01
9.693700000000000045e+02 1.287500000000000000e+03 2.900000000000000000e+01
9.989700000000000273e+02 1.020299999999999955e+03 2.900000000000000000e+01
7.048899999999999864e+02 9.166799999999999500e+02 2.900000000000000000e+01
1.719900000000000091e+02 1.523500000000000000e+03 3.000000000000000000e+01
1.309500000000000000e+03 1.563500000000000000e+03 3.000000000000000000e+01
1.256900000000000091e+03 2.169499999999999886e+02 2.900000000000000000e+01
6.633999999999999773e+02 8.228999999999999773e+02 2.900000000000000000e+01
7.002400000000000091e+02 7.456399999999999864e+02 2.900000000000000000e+01
1.121700000000000045e+03 1.390900000000000091e+03 2.900000000000000000e+01
8.258200000000000500e+02 4.322099999999999795e+02 2.900000000000000000e+01
8.574199999999999591e+02 1.067500000000000000e+03 2.900000000000000000e+01
3.020000000000000000e+02 1.324500000000000000e+03 2.900000000000000000e+01
1.129099999999999909e+03 1.290000000000000000e+03 2.900000000000000000e+01
3.303899999999999864e+02 1.150099999999999909e+03 2.900000000000000000e+01
9.035199999999999818e+02 6.610000000000000000e+02 2.900000000000000000e+01
1.080700000000000045e+03 6.960299999999999727e+02 2.900000000000000000e+01
1.089900000000000091e+03 1.085200000000000045e+03 2.900000000000000000e+01
6.479199999999999591e+02 9.376399999999999864e+02 2.900000000000000000e+01
1.463500000000000000e+03 1.250200000000000045e+03 2.900000000000000000e+01
1.699000000000000057e+02 8.235499999999999545e+02 2.900000000000000000e+01
8.903200000000000500e+02 1.463000000000000000e+03 2.900000000000000000e+01
3.910000000000000000e+02 1.921200000000000045e+02 2.900000000000000000e+01
9.972599999999999909e+02 3.903799999999999955e+02 2.900000000000000000e+01
6.502400000000000091e+02 9.986200000000000045e+02 2.900000000000000000e+01
5.250199999999999818e+02 3.124499999999999886e+02 2.900000000000000000e+01
9.873099999999999454e+02 5.275299999999999727e+02 2.900000000000000000e+01
1.115200000000000045e+03 2.629300000000000068e+02 2.900000000000000000e+01
1.281700000000000045e+03 1.006100000000000023e+03 2.900000000000000000e+01
9.647599999999999909e+02 9.052000000000000455e+02 2.900000000000000000e+01
1.191899999999999977e+02 9.540299999999999727e+02 2.900000000000000000e+01
9.552699999999999818e+02 6.890199999999999818e+02 2.900000000000000000e+01
2.278799999999999955e+02 8.069400000000000546e+02 2.900000000000000000e+01
4.796999999999999886e+02 2.429600000000000080e+02 2.900000000000000000e+01
3.600899999999999750e+02 1.342700000000000045e+03 2.900000000000000000e+01
5.644900000000000091e+02 1.859900000000000091e+02 2.900000000000000000e+01
7.475099999999999909e+02 1.159400000000000091e+03 2.900000000000000000e+01
7.074299999999999500e+02 1.340799999999999955e+03 3.000000000000000000e+01
1.456500000000000000e+03 3.150299999999999727e+02 2.900000000000000000e+01
1.189200000000000045e+03 6.464800000000000182e+02 2.900000000000000000e+01
1.385299999999999955e+03 1.303000000000000000e+03 2.900000000000000000e+01
1.460200000000000045e+03 9.489900000000000091e+02 2.900000000000000000e+01
2.375800000000000125e+02 1.476799999999999955e+03 3.000000000000000000e+01
9.954900000000000091e+02 6.449099999999999682e+02 2.900000000000000000e+01
4.140000000000000000e+02 1.364499999999999886e+02 2.900000000000000000e+01
7.760599999999999454e+02 1.498299999999999955e+03 3.000000000000000000e+01
1.155400000000000063e+02 1.416400000000000091e+03 3.000000000000000000e+01
1.035900000000000091e+03 1.210700000000000045e+03 2.900000000000000000e+01
1.162900000000000091e+03 4.518500000000000227e+02 2.900000000000000000e+01
1.283299999999999955e+03 1.316500000000000000e+03 2.900000000000000000e+01
8.200000000000000000e+02 1.113500000000000000e+03 2.900000000000000000e+01
1.222099999999999909e+03 7.557100000000000364e+02 2.900000000000000000e+01
1.135099999999999909e+03 9.543200000000000500e+02 2.900000000000000000e+01
2.799399999999999977e+02 1.014600000000000023e+03 3.000000000000000000e+01
1.243400000000000091e+03 1.434200000000000045e+03 2.900000000000000000e+01
8.610499999999999545e+02 1.515200000000000045e+03 3.000000000000000000e+01
1.333900000000000091e+03 1.179000000000000000e+03 2.900000000000000000e+01
6.447999999999999545e+02 1.122599999999999909e+03 2.900000000000000000e+01
4.363899999999999864e+02 1.064200000000000045e+03 2.900000000000000000e+01
9.199800000000000182e+02 1.517500000000000000e+03 3.000000000000000000e+01
2.259600000000000080e+02 9.890000000000000000e+02 2.900000000000000000e+01
5.845700000000000500e+02 1.532799999999999955e+03 3.000000000000000000e+01
2.953600000000000136e+02 6.594600000000000364e+02 2.900000000000000000e+01
1.014000000000000000e+03 1.510500000000000000e+03 3.000000000000000000e+01
1.297500000000000000e+03 6.924400000000000546e+02 2.900000000000000000e+01
6.388700000000000045e+02 8.791599999999999682e+02 2.900000000000000000e+01
2.070200000000000102e+02 3.022599999999999909e+02 2.900000000000000000e+01
4.943399999999999750e+02 6.296399999999999864e+02 2.900000000000000000e+01
8.121899999999999409e+01 1.409900000000000091e+02 2.900000000000000000e+01
3.129599999999999795e+02 8.862699999999999818e+02 2.900000000000000000e+01
9.146399999999999864e+02 8.726299999999999955e+02 2.900000000000000000e+01
1.826699999999999875e+02 5.480199999999999818e+02 2.900000000000000000e+01
1.273599999999999909e+03 1.376200000000000045e+03 2.900000000000000000e+01
6.559199999999999591e+02 1.058700000000000045e+03 2.900000000000000000e+01
6.538600000000000136e+02 1.287599999999999909e+03 2.900000000000000000e+01
2.360399999999999920e+02 2.499000000000000057e+02 2.900000000000000000e+01
5.331000000000000227e+02 9.246399999999999864e+02 2.900000000000000000e+01
3.990400000000000205e+02 1.008500000000000000e+03 2.900000000000000000e+01
1.257000000000000000e+03 1.106099999999999909e+03 2.900000000000000000e+01
5.940499999999999545e+02 1.289000000000000000e+03 2.900000000000000000e+01
1.976100000000000136e+02 1.041000000000000000e+03 2.900000000000000000e+01
1.417200000000000045e+03 6.789400000000000546e+02 2.900000000000000000e+01
3.119499999999999886e+02 3.174800000000000182e+02 2.900000000000000000e+01
1.105099999999999909e+03 8.587699999999999818e+02 2.900000000000000000e+01
2.134900000000000091e+02 3.772300000000000182e+02 2.900000000000000000e+01
5.131100000000000136e+02 1.204000000000000000e+03 2.900000000000000000e+01
7.527400000000000091e+02 3.394800000000000182e+02 2.900000000000000000e+01
1.265000000000000000e+03 5.565299999999999727e+02 2.900000000000000000e+01
4.912500000000000000e+02 1.362000000000000000e+03 2.900000000000000000e+01
1.269599999999999909e+03 3.964100000000000250e+02 2.900000000000000000e+01
7.963400000000000318e+02 4.827799999999999727e+02 2.900000000000000000e+01
7.050499999999999545e+02 6.104099999999999682e+02 2.900000000000000000e+01
3.687500000000000000e+02 1.283000000000000000e+03 2.900000000000000000e+01
6.870000000000000000e+02 1.237599999999999909e+03 2.900000000000000000e+01
2.940600000000000023e+02 7.202999999999999545e+02 2.900000000000000000e+01
1.240599999999999909e+03 1.049500000000000000e+03 2.900000000000000000e+01
2.018799999999999955e+02 1.390600000000000023e+02 3.000000000000000000e+01
1.165500000000000000e+03 3.404700000000000273e+02 2.900000000000000000e+01
9.740499999999999545e+02 1.077799999999999955e+03 2.900000000000000000e+01
8.872799999999999727e+02 3.273600000000000136e+02 2.900000000000000000e+01
7.285700000000000500e+02 1.339399999999999977e+02 2.900000000000000000e+01
1.042500000000000000e+03 9.800099999999999909e+02 2.900000000000000000e+01
2.155099999999999909e+02 8.655099999999999909e+02 2.900000000000000000e+01
2.431500000000000057e+02 6.290800000000000409e+02 2.900000000000000000e+01
8.276499999999999773e+02 1.333199999999999932e+02 3.000000000000000000e+01
3.603000000000000114e+02 3.526999999999999886e+02 2.900000000000000000e+01
1.422000000000000000e+03 1.416500000000000000e+03 2.900000000000000000e+01
9.918099999999999454e+02 1.448799999999999955e+03 2.900000000000000000e+01
1.187799999999999955e+03 8.036399999999999864e+02 2.900000000000000000e+01
3.476899999999999977e+02 1.432500000000000000e+03 2.900000000000000000e+01
1.312500000000000000e+03 3.559100000000000250e+02 2.900000000000000000e+01
7.822799999999999727e+02 8.131699999999999591e+02 2.900000000000000000e+01
5.464400000000000546e+02 7.186100000000000136e+02 2.900000000000000000e+01
2.437500000000000000e+02 1.126000000000000000e+03 2.900000000000000000e+01
4.048100000000000023e+02 4.269499999999999886e+02 2.900000000000000000e+01
8.426200000000000045e+02 8.242200000000000273e+02 2.900000000000000000e+01
4.615400000000000205e+02 1.009899999999999977e+03 2.900000000000000000e+01
1.131900000000000091e+03 5.435199999999999818e+02 2.900000000000000000e+01
8.874199999999999591e+02 1.310000000000000000e+02 2.900000000000000000e+01
8.565299999999999727e+02 3.779900000000000091e+02 2.900000000000000000e+01
7.921000000000000227e+02 9.721699999999999591e+02 2.900000000000000000e+01
1.178700000000000045e+03 1.133000000000000000e+03 2.900000000000000000e+01
8.027899999999999636e+02 9.136299999999999955e+02 2.900000000000000000e+01
1.036900000000000091e+03 7.377799999999999727e+02 2.900000000000000000e+01
8.770700000000000500e+02 1.378500000000000000e+03 2.900000000000000000e+01
5.451699999999999591e+02 5.992500000000000000e+02 2.900000000000000000e+01
6.584900000000000091e+02 3.800199999999999818e+02 2.900000000000000000e+01
1.397599999999999909e+03 7.352500000000000000e+02 2.900000000000000000e+01
3.991999999999999886e+02 7.250399999999999636e+02 2.900000000000000000e+01
1.359200000000000045e+03 4.677400000000000091e+02 2.900000000000000000e+01
8.841799999999999500e+02 7.179299999999999500e+02 2.900000000000000000e+01
5.907200000000000273e+02 1.474299999999999955e+03 2.900000000000000000e+01
6.318400000000000318e+02 1.791800000000000068e+02 2.900000000000000000e+01
1.462799999999999955e+03 1.366099999999999909e+03 2.900000000000000000e+01
1.032099999999999909e+03 1.068400000000000091e+03 2.900000000000000000e+01
2.576200000000000045e+02 5.706399999999999864e+02 2.900000000000000000e+01
9.395000000000000000e+02 8.045299999999999727e+02 2.900000000000000000e+01
1.113500000000000000e+03 1.030099999999999909e+03 2.900000000000000000e+01
1.130799999999999955e+03 1.273700000000000045e+02 3.000000000000000000e+01
1.370400000000000091e+03 3.645299999999999727e+02 2.900000000000000000e+01
6.027100000000000364e+02 8.305099999999999909e+02 2.900000000000000000e+01
5.898200000000000500e+02 9.410399999999999636e+02 2.900000000000000000e+01
8.069800000000000182e+02 1.410400000000000091e+03 2.900000000000000000e+01
1.192500000000000000e+03 2.245500000000000114e+02 2.900000000000000000e+01
4.943799999999999955e+02 6.895399999999999636e+02 2.900000000000000000e+01
9.449199999999999591e+02 3.123899999999999864e+02 2.900000000000000000e+01
8.450099999999999909e+02 2.845400000000000205e+02 2.900000000000000000e+01
7.440399999999999636e+02 6.559800000000000182e+02 2.900000000000000000e+01
5.349299999999999500e+02 1.565400000000000091e+03 3.000000000000000000e+01
1.110599999999999909e+03 1.545099999999999909e+03 3.000000000000000000e+01
1.108000000000000000e+03 5.993999999999999773e+02 2.900000000000000000e+01
5.612000000000000455e+02 1.037900000000000091e+03 2.900000000000000000e+01
6.344299999999999500e+02 1.565000000000000000e+03 2.900000000000000000e+01
8.754900000000000091e+02 1.266400000000000091e+03 3.000000000000000000e+01
1.047799999999999955e+03 4.235199999999999818e+02 2.900000000000000000e+01
9.164800000000000182e+02 4.799800000000000182e+02 2.900000000000000000e+01
1.196800000000000068e+02 5.505599999999999454e+02 2.900000000000000000e+01
1.280500000000000000e+03 7.507400000000000091e+02 2.900000000000000000e+01
1.083099999999999909e+03 9.249400000000000546e+02 2.900000000000000000e+01
4.357400000000000091e+02 5.413099999999999454e+02 2.900000000000000000e+01
3.947599999999999909e+02 1.396000000000000000e+03 2.900000000000000000e+01
2.906600000000000250e+02 7.787500000000000000e+02 2.900000000000000000e+01
1.168799999999999955e+03 5.904500000000000455e+02 2.900000000000000000e+01
3.214900000000000091e+02 1.385000000000000000e+02 3.000000000000000000e+01
4.217699999999999818e+02 4.839599999999999795e+02 2.900000000000000000e+01
3.221899999999999977e+02 5.827000000000000455e+02 2.900000000000000000e+01
3.628199999999999932e+02 4.681600000000000250e+02 2.900000000000000000e+01
1.375200000000000102e+02 1.044500000000000000e+03 2.900000000000000000e+01
1.318500000000000000e+03 2.965000000000000000e+02 2.900000000000000000e+01
1.134200000000000045e+03 1.450200000000000045e+03 2.900000000000000000e+01
3.850099999999999909e+02 9.467300000000000182e+02 2.900000000000000000e+01
3.144900000000000091e+02 1.382000000000000000e+03 3.000000000000000000e+01
6.910000000000000000e+02 1.790000000000000000e+02 2.900000000000000000e+01
7.100499999999999545e+02 5.504600000000000364e+02 2.900000000000000000e+01
3.446700000000000159e+02 7.538400000000000318e+02 2.900000000000000000e+01
1.182800000000000011e+02 4.314499999999999886e+02 2.900000000000000000e+01
7.179900000000000091e+02 3.945099999999999909e+02 2.900000000000000000e+01
8.853200000000000500e+02 4.307699999999999818e+02 2.900000000000000000e+01
1.019399999999999977e+03 4.776000000000000227e+02 2.900000000000000000e+01
1.137599999999999909e+03 7.693500000000000227e+02 2.900000000000000000e+01
8.011399999999999864e+02 6.695299999999999727e+02 2.900000000000000000e+01
2.904800000000000182e+02 9.544400000000000546e+02 2.900000000000000000e+01
3.835699999999999932e+02 5.846900000000000546e+02 2.900000000000000000e+01
9.302999999999999545e+02 1.242700000000000045e+03 2.900000000000000000e+01
1.379500000000000000e+03 5.853600000000000136e+02 2.900000000000000000e+01
1.219500000000000000e+03 3.665099999999999909e+02 2.900000000000000000e+01
4.507200000000000273e+02 1.910800000000000125e+02 2.900000000000000000e+01
4.673600000000000136e+02 3.002400000000000091e+02 2.900000000000000000e+01
5.982200000000000273e+02 6.306499999999999773e+02 2.900000000000000000e+01
6.054099999999999682e+02 7.304500000000000455e+02 2.900000000000000000e+01
9.914600000000000364e+02 1.171500000000000000e+03 2.900000000000000000e+01
3.699900000000000091e+02 1.506000000000000000e+03 3.000000000000000000e+01
1.027299999999999955e+03 3.087500000000000000e+02 2.900000000000000000e+01
7.619900000000000091e+02 1.827899999999999920e+02 3.000000000000000000e+01
8.849600000000000364e+02 7.765299999999999727e+02 2.900000000000000000e+01
6.771699999999999591e+02 1.523099999999999909e+03 2.900000000000000000e+01
2.314499999999999886e+02 1.900600000000000023e+02 2.900000000000000000e+01
9.356200000000000045e+02 7.457000000000000455e+02 2.900000000000000000e+01
1.321500000000000000e+03 7.942799999999999727e+02 2.900000000000000000e+01
3.491999999999999886e+02 6.353300000000000409e+02 2.900000000000000000e+01
5.020899999999999750e+02 7.897999999999999545e+02 2.900000000000000000e+01
4.022599999999999909e+02 1.455900000000000091e+03 2.900000000000000000e+01
1.082099999999999937e+02 3.736000000000000227e+02 2.900000000000000000e+01
9.148999999999999773e+02 1.083200000000000045e+03 2.900000000000000000e+01
1.217500000000000000e+03 1.277000000000000000e+03 2.900000000000000000e+01
6.625199999999999818e+02 2.313499999999999943e+02 2.900000000000000000e+01
4.426700000000000159e+02 8.205000000000000000e+02 2.900000000000000000e+01
1.725600000000000023e+02 1.909699999999999989e+02 2.900000000000000000e+01
8.834700000000000273e+02 5.315199999999999818e+02 2.900000000000000000e+01
1.175599999999999909e+03 1.366599999999999909e+03 2.900000000000000000e+01
1.054799999999999955e+03 8.270900000000000318e+02 2.900000000000000000e+01
4.894200000000000159e+02 5.685900000000000318e+02 2.900000000000000000e+01
1.049900000000000091e+03 3.637200000000000273e+02 2.900000000000000000e+01
1.420000000000000000e+03 4.546200000000000045e+02 2.900000000000000000e+01
1.280200000000000045e+03 8.353700000000000045e+02 2.900000000000000000e+01
3.192699999999999818e+02 5.228700000000000045e+02 2.900000000000000000e+01
6.309500000000000455e+02 2.834499999999999886e+02 2.900000000000000000e+01
1.312299999999999955e+03 5.069700000000000273e+02 2.900000000000000000e+01
2.391999999999999886e+02 7.487599999999999909e+02 2.900000000000000000e+01
1.219900000000000091e+03 9.108300000000000409e+02 2.900000000000000000e+01
1.357400000000000091e+03 6.789400000000000546e+02 2.900000000000000000e+01
1.265400000000000091e+03 9.491399999999999864e+02 2.900000000000000000e+01
1.368599999999999909e+03 5.265199999999999818e+02 2.900000000000000000e+01
1.072000000000000000e+03 2.206200000000000045e+02 2.900000000000000000e+01
1.370500000000000000e+03 2.639300000000000068e+02 2.900000000000000000e+01
6.148999999999999773e+02 3.408199999999999932e+02 2.900000000000000000e+01
2.159099999999999966e+02 1.243700000000000045e+03 2.900000000000000000e+01
1.166400000000000091e+03 1.564000000000000000e+03 2.900000000000000000e+01
1.161700000000000017e+02 1.252200000000000045e+03 2.900000000000000000e+01
1.334599999999999909e+03 6.232799999999999727e+02 2.900000000000000000e+01
6.010099999999999909e+02 5.304800000000000182e+02 2.900000000000000000e+01
1.278200000000000045e+03 1.198000000000000000e+03 2.900000000000000000e+01
1.339000000000000000e+03 7.365900000000000318e+02 2.900000000000000000e+01
4.748999999999999773e+02 1.359900000000000091e+02 2.900000000000000000e+01
1.032000000000000000e+03 5.660199999999999818e+02 2.900000000000000000e+01
3.145299999999999727e+02 1.482000000000000000e+03 2.900000000000000000e+01
1.168200000000000045e+03 1.244099999999999909e+03 2.900000000000000000e+01
1.290200000000000045e+03 4.525299999999999727e+02 2.900000000000000000e+01
3.208500000000000227e+02 2.583999999999999773e+02 2.900000000000000000e+01
1.023299999999999955e+03 9.229099999999999682e+02 2.900000000000000000e+01
1.237000000000000000e+03 1.267099999999999937e+02 2.900000000000000000e+01
1.408799999999999955e+02 1.406800000000000068e+02 2.900000000000000000e+01
5.203300000000000409e+02 4.846000000000000227e+02 2.900000000000000000e+01
2.133499999999999943e+02 4.684200000000000159e+02 2.900000000000000000e+01
5.329800000000000182e+02 1.354499999999999886e+02 2.900000000000000000e+01
5.461699999999999591e+02 6.594199999999999591e+02 2.900000000000000000e+01
3.471499999999999773e+02 6.953899999999999864e+02 2.900000000000000000e+01
3.723799999999999955e+02 8.866799999999999500e+02 2.900000000000000000e+01
6.015499999999999545e+02 1.081099999999999909e+03 2.900000000000000000e+01
5.035299999999999727e+02 3.676899999999999977e+02 2.900000000000000000e+01
7.596200000000000045e+02 5.839400000000000546e+02 2.900000000000000000e+01
6.611499999999999773e+02 1.466200000000000045e+03 2.900000000000000000e+01
5.057099999999999795e+02 4.274599999999999795e+02 2.900000000000000000e+01
1.175500000000000000e+03 1.671999999999999886e+02 3.000000000000000000e+01
3.952099999999999795e+02 7.856100000000000136e+02 2.900000000000000000e+01
1.224200000000000045e+03 9.911100000000000136e+02 2.900000000000000000e+01
1.053299999999999955e+03 6.207500000000000000e+02 2.900000000000000000e+01
1.404900000000000091e+03 1.247500000000000000e+03 2.900000000000000000e+01
1.897800000000000011e+02 7.154600000000000364e+02 2.900000000000000000e+01
2.366100000000000136e+02 9.304500000000000455e+02 2.900000000000000000e+01
8.572300000000000182e+02 1.847100000000000080e+02 2.900000000000000000e+01
2.550300000000000011e+02 3.365000000000000000e+02 2.900000000000000000e+01
1.323400000000000091e+03 5.649700000000000273e+02 2.900000000000000000e+01
4.495699999999999932e+02 7.619800000000000182e+02 2.900000000000000000e+01
2.619599999999999795e+02 1.401800000000000068e+02 2.900000000000000000e+01
1.173000000000000000e+03 2.807599999999999909e+02 2.900000000000000000e+01
1.216700000000000045e+03 4.261800000000000068e+02 2.900000000000000000e+01
9.005800000000000409e+02 2.264900000000000091e+02 2.900000000000000000e+01
3.474399999999999977e+02 4.098100000000000023e+02 2.900000000000000000e+01
1.340900000000000091e+03 1.440299999999999955e+03 2.900000000000000000e+01
9.418200000000000500e+02 4.134599999999999795e+02 2.900000000000000000e+01
1.104200000000000045e+03 4.412699999999999818e+02 2.900000000000000000e+01
1.241700000000000045e+03 6.723099999999999454e+02 2.900000000000000000e+01
1.625600000000000023e+02 3.484800000000000182e+02 2.900000000000000000e+01
1.013399999999999977e+03 2.081699999999999875e+02 2.900000000000000000e+01
1.134899999999999949e+02 2.683500000000000227e+02 2.900000000000000000e+01
1.381500000000000000e+03 1.255400000000000063e+02 3.000000000000000000e+01
2.652200000000000273e+02 4.988299999999999841e+02 2.900000000000000000e+01
3.320299999999999727e+02 1.998400000000000034e+02 2.900000000000000000e+01
1.331799999999999955e+03 1.280000000000000000e+03 2.900000000000000000e+01
6.566799999999999500e+02 1.181200000000000045e+03 2.900000000000000000e+01
1.236900000000000091e+03 6.123200000000000500e+02 2.900000000000000000e+01
1.118599999999999909e+03 1.137599999999999909e+03 2.900000000000000000e+01
1.162900000000000091e+03 8.665499999999999545e+02 2.900000000000000000e+01
3.791999999999999886e+02 5.248200000000000500e+02 2.900000000000000000e+01
4.795699999999999932e+02 9.526000000000000227e+02 2.900000000000000000e+01
1.220600000000000023e+02 4.918999999999999773e+02 2.900000000000000000e+01
1.652599999999999909e+02 9.914500000000000455e+02 2.900000000000000000e+01
6.596900000000000546e+02 5.179700000000000273e+02 2.900000000000000000e+01
1.232200000000000045e+03 2.694100000000000250e+02 2.900000000000000000e+01
2.533000000000000114e+02 4.230799999999999841e+02 2.900000000000000000e+01
1.298599999999999909e+03 1.061599999999999909e+03 2.900000000000000000e+01
7.351900000000000546e+02 9.927899999999999636e+02 2.900000000000000000e+01
4.434399999999999977e+02 6.602899999999999636e+02 2.900000000000000000e+01
2.438700000000000045e+02 6.873300000000000409e+02 2.900000000000000000e+01
1.229099999999999909e+03 1.335400000000000091e+03 2.900000000000000000e+01
2.067599999999999909e+02 1.302500000000000000e+03 2.900000000000000000e+01
4.412699999999999818e+02 6.005000000000000000e+02 2.900000000000000000e+01
5.573500000000000227e+02 3.955600000000000023e+02 2.900000000000000000e+01
4.343100000000000023e+02 9.157699999999999818e+02 3.000000000000000000e+01
1.220700000000000045e+03 8.525199999999999818e+02 2.900000000000000000e+01
1.031000000000000000e+03 1.286200000000000045e+02 2.900000000000000000e+01
1.216299999999999955e+02 6.489900000000000091e+02 2.900000000000000000e+01
1.339299999999999955e+03 1.670200000000000102e+02 2.900000000000000000e+01
6.024500000000000455e+02 2.310099999999999909e+02 2.900000000000000000e+01
5.747100000000000364e+02 1.416799999999999955e+03 2.900000000000000000e+01
6.195499999999999545e+02 4.742099999999999795e+02 2.900000000000000000e+01
1.144200000000000045e+03 3.956499999999999773e+02 2.900000000000000000e+01
1.086000000000000000e+03 1.485000000000000000e+03 3.000000000000000000e+01
5.449700000000000273e+02 8.317200000000000273e+02 2.900000000000000000e+01
1.357400000000000091e+03 1.079799999999999955e+03 2.900000000000000000e+01
9.434700000000000273e+02 6.166799999999999500e+02 2.900000000000000000e+01
1.597599999999999909e+02 6.016200000000000045e+02 2.900000000000000000e+01
8.430599999999999454e+02 6.270599999999999454e+02 2.900000000000000000e+01
7.524399999999999977e+01 1.169599999999999909e+03 2.100000000000000000e+01
1.325099999999999909e+03 1.391700000000000045e+03 2.100000000000000000e+01
3.546800000000000068e+02 1.104000000000000000e+03 2.000000000000000000e+01
5.825399999999999636e+02 9.920900000000000318e+02 2.000000000000000000e+01
9.680099999999999909e+02 4.796100000000000136e+02 2.000000000000000000e+01
1.466099999999999909e+03 6.506799999999999500e+02 2.100000000000000000e+01
1.384000000000000000e+03 1.165500000000000000e+03 2.100000000000000000e+01
6.980299999999999727e+01 1.098900000000000091e+03 2.000000000000000000e+01
1.062000000000000000e+03 1.026700000000000045e+03 2.000000000000000000e+01
1.470099999999999909e+03 1.040799999999999955e+03 2.000000000000000000e+01
8.054600000000000364e+02 1.319500000000000000e+03 2.100000000000000000e+01
7.048899999999999864e+02 1.288900000000000091e+03 2.000000000000000000e+01
5.417300000000000182e+02 1.087500000000000000e+03 2.100000000000000000e+01
1.208099999999999909e+03 1.091900000000000091e+03 2.000000000000000000e+01
2.520000000000000000e+02 1.370000000000000000e+03 2.100000000000000000e+01
2.809100000000000250e+02 2.272800000000000011e+02 2.000000000000000000e+01
7.323200000000000500e+02 7.060800000000000409e+02 2.000000000000000000e+01
1.175700000000000045e+03 1.312900000000000091e+03 2.100000000000000000e+01
1.285799999999999955e+03 6.442599999999999909e+02 2.000000000000000000e+01
1.140000000000000000e+03 8.217200000000000273e+02 2.000000000000000000e+01
1.174299999999999955e+03 7.350599999999999454e+02 2.000000000000000000e+01
7.043999999999999773e+01 9.381200000000000045e+02 2.000000000000000000e+01
8.804099999999999682e+02 1.572799999999999955e+03 2.100000000000000000e+01
6.712899999999999636e+02 4.684100000000000250e+02 2.000000000000000000e+01
4.181000000000000227e+02 8.657300000000000182e+02 2.000000000000000000e+01
9.110000000000000000e+02 3.731200000000000045e+02 2.100000000000000000e+01
8.981100000000000136e+02 2.780000000000000000e+02 1.900000000000000000e+01
8.749700000000000273e+02 1.115299999999999955e+03 2.000000000000000000e+01
7.500599999999999454e+02 1.108200000000000045e+03 2.100000000000000000e+01
1.243599999999999994e+02 1.303000000000000000e+03 2.000000000000000000e+01
4.456100000000000136e+02 3.922500000000000000e+02 2.000000000000000000e+01
6.648799999999999955e+02 3.224800000000000182e+02 2.000000000000000000e+01
7.035399999999999920e+01 8.230099999999999909e+02 2.000000000000000000e+01
2.675699999999999932e+02 1.171299999999999955e+03 2.000000000000000000e+01
1.040900000000000091e+03 1.159200000000000045e+03 2.000000000000000000e+01
5.225599999999999454e+02 2.163799999999999955e+02 2.000000000000000000e+01
7.375000000000000000e+02 7.875099999999999909e+02 2.100000000000000000e+01
7.830199999999999818e+02 1.076400000000000091e+03 2.000000000000000000e+01
7.158799999999999386e+01 1.574900000000000091e+03 2.000000000000000000e+01
1.104399999999999977e+02 3.207400000000000091e+02 2.100000000000000000e+01
9.308700000000000045e+02 9.794400000000000546e+02 2.000000000000000000e+01
1.415900000000000091e+03 5.462899999999999636e+02 2.000000000000000000e+01
7.151300000000000523e+01 2.970000000000000000e+02 2.000000000000000000e+01
1.129299999999999955e+03 7.211900000000000546e+02 2.000000000000000000e+01
1.470799999999999955e+03 1.115799999999999955e+03 2.000000000000000000e+01
1.074399999999999977e+02 1.512500000000000000e+03 2.100000000000000000e+01
3.620500000000000114e+02 3.023399999999999750e+02 2.000000000000000000e+01
7.749500000000000455e+02 7.125099999999999909e+02 2.000000000000000000e+01
1.473000000000000000e+03 1.462599999999999909e+03 2.100000000000000000e+01
1.659699999999999989e+02 1.403299999999999955e+03 2.100000000000000000e+01
2.828100000000000023e+02 1.852800000000000011e+02 2.000000000000000000e+01
6.880800000000000693e+01 1.273799999999999955e+03 2.000000000000000000e+01
9.541200000000000045e+02 5.666499999999999773e+02 2.000000000000000000e+01
9.846699999999999591e+02 4.401100000000000136e+02 2.000000000000000000e+01
9.925700000000000500e+02 8.174500000000000455e+02 2.000000000000000000e+01
5.806599999999999682e+02 2.998999999999999773e+02 2.000000000000000000e+01
8.876600000000000534e+01 1.061500000000000000e+03 2.100000000000000000e+01
8.534299999999999500e+02 6.770399999999999636e+02 2.000000000000000000e+01
8.278700000000000045e+02 1.363900000000000091e+03 2.000000000000000000e+01
1.335799999999999955e+03 1.028299999999999955e+03 2.000000000000000000e+01
7.068300000000000693e+01 6.219700000000000273e+02 2.100000000000000000e+01
2.060999999999999943e+02 1.091299999999999955e+03 2.000000000000000000e+01
8.335399999999999636e+02 1.236200000000000045e+03 2.000000000000000000e+01
1.158199999999999932e+02 1.093299999999999955e+03 2.000000000000000000e+01
7.120799999999999841e+01 7.253400000000000318e+02 2.100000000000000000e+01
6.990700000000000500e+02 3.475699999999999932e+02 2.000000000000000000e+01
5.938300000000000409e+02 5.804099999999999682e+02 2.000000000000000000e+01
8.640000000000000000e+02 5.785900000000000318e+02 2.000000000000000000e+01
1.222700000000000045e+03 5.246799999999999500e+02 2.000000000000000000e+01
6.828000000000000114e+01 1.439500000000000000e+03 2.000000000000000000e+01
1.072099999999999909e+03 1.377000000000000000e+03 2.000000000000000000e+01
1.464099999999999909e+03 5.611699999999999591e+02 2.100000000000000000e+01
7.452000000000000455e+02 1.375799999999999955e+03 2.000000000000000000e+01
1.122200000000000045e+03 3.129200000000000159e+02 2.000000000000000000e+01
7.858200000000000500e+02 1.363599999999999909e+03 2.100000000000000000e+01
9.462000000000000455e+02 2.051999999999999886e+02 2.100000000000000000e+01
7.024599999999999511e+01 6.629800000000000182e+02 2.000000000000000000e+01
7.520700000000000500e+02 7.474600000000000364e+02 2.000000000000000000e+01
1.010100000000000051e+02 1.203599999999999909e+03 2.000000000000000000e+01
2.645600000000000023e+02 1.222500000000000000e+03 2.100000000000000000e+01
8.864299999999999500e+02 1.155799999999999955e+03 2.000000000000000000e+01
1.177799999999999955e+03 1.416900000000000091e+03 2.100000000000000000e+01
6.501000000000000227e+02 7.551900000000000546e+02 2.000000000000000000e+01
7.121100000000000136e+02 3.079100000000000250e+02 2.000000000000000000e+01
7.140399999999999636e+01 4.514599999999999795e+02 2.000000000000000000e+01
6.820800000000000409e+02 2.778100000000000023e+02 2.100000000000000000e+01
1.058400000000000091e+03 8.801100000000000136e+02 2.000000000000000000e+01
1.466000000000000000e+03 6.076200000000000045e+02 2.000000000000000000e+01
1.605699999999999932e+02 1.324400000000000091e+03 2.000000000000000000e+01
3.030799999999999841e+02 1.193299999999999955e+03 2.000000000000000000e+01
1.435500000000000114e+02 6.955299999999999727e+02 2.100000000000000000e+01
7.115700000000000500e+02 4.529599999999999795e+02 2.000000000000000000e+01
7.102599999999999625e+01 4.085199999999999818e+02 2.100000000000000000e+01
7.019799999999999329e+01 1.023000000000000000e+03 2.000000000000000000e+01
3.052699999999999818e+02 1.235099999999999909e+03 2.000000000000000000e+01
9.186100000000000136e+02 1.293500000000000000e+03 2.100000000000000000e+01
1.037000000000000000e+03 1.349099999999999909e+03 2.100000000000000000e+01
6.744299999999999784e+01 1.490099999999999909e+03 2.000000000000000000e+01
9.886799999999999500e+02 5.935199999999999818e+02 2.000000000000000000e+01
1.472099999999999909e+03 1.415099999999999909e+03 2.100000000000000000e+01
3.914300000000000068e+02 2.719900000000000091e+02 2.000000000000000000e+01
8.938300000000000409e+02 8.266699999999999591e+02 2.000000000000000000e+01
1.385599999999999909e+03 1.039799999999999955e+03 2.000000000000000000e+01
1.936200000000000045e+02 7.698300000000000409e+02 2.100000000000000000e+01
9.118099999999999454e+02 1.416900000000000091e+03 2.100000000000000000e+01
9.837400000000000091e+02 1.573900000000000091e+03 2.100000000000000000e+01
9.885000000000000000e+02 3.400299999999999727e+02 2.000000000000000000e+01
5.038799999999999955e+02 1.782199999999999989e+02 2.000000000000000000e+01
5.540299999999999727e+02 4.461999999999999886e+02 2.000000000000000000e+01
1.338799999999999955e+03 9.079900000000000091e+02 2.000000000000000000e+01
1.006000000000000000e+03 6.970800000000000409e+02 2.000000000000000000e+01
7.086100000000000421e+01 9.804400000000000546e+02 2.000000000000000000e+01
4.608500000000000227e+02 8.681699999999999591e+02 2.000000000000000000e+01
2.071500000000000057e+02 1.161599999999999909e+03 2.000000000000000000e+01
1.409799999999999955e+03 7.882999999999999545e+02 2.000000000000000000e+01
1.828000000000000114e+02 1.126900000000000091e+03 2.000000000000000000e+01
7.919099999999999682e+02 5.341299999999999955e+02 2.000000000000000000e+01
4.144300000000000068e+02 1.305000000000000000e+03 2.000000000000000000e+01
8.091299999999999955e+02 8.620700000000000500e+02 2.000000000000000000e+01
4.551399999999999864e+02 3.512300000000000182e+02 2.000000000000000000e+01
7.660099999999999909e+02 8.615299999999999727e+02 2.000000000000000000e+01
1.259500000000000000e+03 1.569900000000000091e+03 2.000000000000000000e+01
1.125099999999999909e+03 4.881299999999999955e+02 2.000000000000000000e+01
6.176599999999999682e+02 7.810099999999999909e+02 2.000000000000000000e+01
7.518799999999999955e+02 5.212100000000000364e+02 2.000000000000000000e+01
1.020600000000000023e+03 2.577099999999999795e+02 2.000000000000000000e+01
7.345399999999999636e+02 1.258500000000000000e+03 2.000000000000000000e+01
1.464900000000000091e+03 2.634300000000000068e+02 2.100000000000000000e+01
4.144300000000000068e+02 1.259400000000000091e+03 2.100000000000000000e+01
8.105000000000000000e+02 5.884500000000000455e+02 2.100000000000000000e+01
1.049099999999999909e+03 5.187000000000000455e+02 2.000000000000000000e+01
9.401599999999999682e+02 1.451799999999999955e+03 2.100000000000000000e+01
3.186100000000000136e+02 1.275700000000000045e+03 2.000000000000000000e+01
6.043899999999999864e+02 1.186000000000000000e+03 2.000000000000000000e+01
4.500699999999999932e+02 1.331400000000000091e+03 2.100000000000000000e+01
1.094000000000000000e+03 1.649499999999999886e+02 2.100000000000000000e+01
2.574399999999999977e+02 1.574000000000000000e+03 2.100000000000000000e+01
4.845099999999999909e+02 1.573900000000000091e+03 2.100000000000000000e+01
1.418500000000000000e+03 1.571099999999999909e+03 2.100000000000000000e+01
9.825499999999999545e+02 7.754700000000000273e+02 2.000000000000000000e+01
3.679700000000000273e+02 2.376800000000000068e+02 2.000000000000000000e+01
6.901399999999999579e+01 1.231599999999999909e+03 2.000000000000000000e+01
7.981599999999999682e+02 3.066600000000000250e+02 2.000000000000000000e+01
1.426700000000000045e+03 6.283200000000000500e+02 2.000000000000000000e+01
8.658600000000000136e+02 4.772500000000000000e+02 2.000000000000000000e+01
1.470000000000000000e+03 9.984900000000000091e+02 2.000000000000000000e+01
1.295799999999999955e+03 9.081399999999999864e+02 2.000000000000000000e+01
1.604900000000000091e+02 1.280700000000000045e+03 2.000000000000000000e+01
9.666700000000000159e+01 1.132000000000000000e+03 2.000000000000000000e+01
7.109300000000000352e+01 8.652000000000000455e+02 2.100000000000000000e+01
1.416000000000000000e+03 1.195500000000000000e+03 2.100000000000000000e+01
9.609900000000000091e+02 8.511599999999999682e+02 2.000000000000000000e+01
4.051499999999999773e+02 1.218000000000000000e+03 2.000000000000000000e+01
6.973899999999999864e+02 1.150099999999999909e+03 2.000000000000000000e+01
1.067900000000000091e+03 7.783200000000000500e+02 2.000000000000000000e+01
4.190799999999999841e+02 1.515599999999999909e+03 2.100000000000000000e+01
4.933299999999999841e+02 8.400199999999999818e+02 2.000000000000000000e+01
1.465500000000000000e+03 3.648199999999999932e+02 2.100000000000000000e+01
1.608300000000000125e+02 1.090200000000000045e+03 2.100000000000000000e+01
9.355900000000000318e+02 5.283899999999999864e+02 2.000000000000000000e+01
1.097299999999999955e+03 6.482100000000000364e+02 2.000000000000000000e+01
1.310999999999999943e+02 2.218499999999999943e+02 2.000000000000000000e+01
9.799199999999999591e+02 1.218900000000000006e+02 2.100000000000000000e+01
1.465700000000000045e+03 6.927400000000000091e+02 2.100000000000000000e+01
3.847799999999999727e+02 8.380099999999999909e+02 2.000000000000000000e+01
9.129600000000000364e+02 5.738600000000000136e+02 2.000000000000000000e+01
1.100599999999999909e+03 8.039500000000000455e+02 2.000000000000000000e+01
7.795700000000000500e+02 1.200299999999999955e+03 2.100000000000000000e+01
6.346100000000000136e+02 6.903600000000000136e+02 2.100000000000000000e+01
5.642100000000000364e+02 3.452200000000000273e+02 2.100000000000000000e+01
4.398600000000000136e+02 1.421400000000000091e+03 2.100000000000000000e+01
1.127699999999999960e+02 8.256100000000000136e+02 2.000000000000000000e+01
1.334900000000000091e+03 1.490400000000000091e+03 2.000000000000000000e+01
2.105500000000000114e+02 5.911100000000000136e+02 2.000000000000000000e+01
1.351400000000000091e+03 2.165399999999999920e+02 2.000000000000000000e+01
1.571399999999999864e+02 2.977900000000000205e+02 2.000000000000000000e+01
1.081000000000000000e+03 1.202000000000000028e+02 2.000000000000000000e+01
8.292899999999999636e+02 3.353199999999999932e+02 2.000000000000000000e+01
1.564600000000000080e+02 3.980400000000000205e+02 2.000000000000000000e+01
1.099099999999999909e+03 3.488000000000000114e+02 2.000000000000000000e+01
7.058099999999999454e+02 4.950799999999999841e+02 2.000000000000000000e+01
1.204400000000000091e+03 4.876399999999999864e+02 2.000000000000000000e+01
1.444799999999999898e+02 1.202599999999999909e+03 2.000000000000000000e+01
1.389500000000000000e+03 1.119500000000000000e+03 2.100000000000000000e+01
9.771399999999999864e+02 1.221400000000000091e+03 2.100000000000000000e+01
1.372500000000000000e+03 1.400700000000000045e+03 2.100000000000000000e+01
7.409700000000000273e+02 1.216700000000000045e+03 2.000000000000000000e+01
7.089700000000000557e+01 5.354600000000000364e+02 2.000000000000000000e+01
1.316700000000000045e+03 9.454900000000000091e+02 2.000000000000000000e+01
8.564900000000000091e+02 1.424700000000000045e+03 2.100000000000000000e+01
9.859600000000000364e+02 7.335399999999999636e+02 2.000000000000000000e+01
1.078500000000000000e+03 3.115000000000000000e+02 2.000000000000000000e+01
1.384200000000000045e+03 6.363400000000000318e+02 2.000000000000000000e+01
5.934299999999999500e+02 4.315299999999999727e+02 2.000000000000000000e+01
1.023200000000000045e+03 7.868500000000000227e+02 2.000000000000000000e+01
1.092599999999999909e+03 9.829900000000000091e+02 2.000000000000000000e+01
1.287799999999999955e+03 6.018500000000000227e+02 2.000000000000000000e+01
1.328900000000000091e+03 9.860000000000000000e+02 2.000000000000000000e+01
4.960500000000000114e+02 7.399500000000000455e+02 2.100000000000000000e+01
1.464900000000000091e+03 4.310199999999999818e+02 2.100000000000000000e+01
1.310000000000000000e+03 1.112299999999999955e+03 2.000000000000000000e+01
7.989099999999999682e+02 1.160299999999999955e+03 2.000000000000000000e+01
9.380599999999999454e+02 2.615299999999999727e+02 2.000000000000000000e+01
1.166200000000000045e+02 8.671900000000000546e+02 2.000000000000000000e+01
1.359799999999999955e+03 1.223900000000000091e+03 2.000000000000000000e+01
6.952400000000000091e+02 1.024400000000000091e+03 2.000000000000000000e+01
4.711499999999999773e+02 4.728399999999999750e+02 2.000000000000000000e+01
1.464900000000000091e+03 4.776999999999999886e+02 2.100000000000000000e+01
1.474500000000000000e+03 1.570299999999999955e+03 2.100000000000000000e+01
8.294599999999999795e+01 1.313500000000000000e+03 2.000000000000000000e+01
4.451600000000000250e+02 1.482000000000000000e+03 2.100000000000000000e+01
6.906499999999999773e+02 9.669900000000000091e+02 2.000000000000000000e+01
1.354600000000000080e+02 9.049500000000000455e+02 2.000000000000000000e+01
1.167600000000000051e+02 7.335599999999999454e+02 2.000000000000000000e+01
6.885399999999999920e+01 1.353799999999999955e+03 2.000000000000000000e+01
1.281900000000000091e+03 2.618199999999999932e+02 2.000000000000000000e+01
1.189000000000000000e+03 1.049500000000000000e+03 2.000000000000000000e+01
1.118000000000000000e+03 1.232799999999999955e+03 2.000000000000000000e+01
8.388500000000000227e+02 5.099800000000000182e+02 2.000000000000000000e+01
1.093599999999999909e+03 3.909900000000000091e+02 2.000000000000000000e+01
5.434900000000000091e+02 1.455400000000000091e+03 2.000000000000000000e+01
3.948999999999999773e+02 6.750700000000000500e+02 2.000000000000000000e+01
1.182799999999999955e+03 5.412500000000000000e+02 2.000000000000000000e+01
2.145000000000000000e+02 1.573900000000000091e+03 2.100000000000000000e+01
1.728300000000000125e+02 4.990099999999999909e+02 2.000000000000000000e+01
1.206299999999999955e+03 7.071599999999999682e+02 2.000000000000000000e+01
5.713200000000000500e+02 4.891000000000000227e+02 2.000000000000000000e+01
2.718899999999999864e+02 2.870099999999999909e+02 2.100000000000000000e+01
1.166900000000000091e+03 6.926699999999999591e+02 2.000000000000000000e+01
1.655099999999999909e+02 1.238599999999999909e+03 2.100000000000000000e+01
4.431700000000000159e+02 1.378000000000000000e+03 2.100000000000000000e+01
6.843200000000000216e+01 1.396200000000000045e+03 2.100000000000000000e+01
9.841000000000000227e+02 2.803600000000000136e+02 2.000000000000000000e+01
7.071200000000000045e+02 1.191500000000000000e+03 2.100000000000000000e+01
2.510300000000000011e+02 1.326599999999999909e+03 2.100000000000000000e+01
6.116799999999999500e+02 1.031000000000000000e+03 2.000000000000000000e+01
1.875200000000000102e+02 1.201500000000000000e+03 2.100000000000000000e+01
1.307099999999999909e+03 2.062100000000000080e+02 2.000000000000000000e+01
1.081299999999999955e+02 1.003500000000000000e+03 2.000000000000000000e+01
1.472799999999999955e+03 1.506599999999999909e+03 2.100000000000000000e+01
8.890399999999999636e+02 9.834400000000000546e+02 2.000000000000000000e+01
1.223500000000000000e+03 1.387500000000000000e+03 2.000000000000000000e+01
5.921200000000000045e+02 6.817799999999999727e+02 2.000000000000000000e+01
2.320300000000000011e+02 1.195099999999999909e+03 2.000000000000000000e+01
1.464599999999999909e+03 2.199799999999999898e+02 2.100000000000000000e+01
1.470700000000000045e+03 1.198900000000000091e+03 2.100000000000000000e+01
1.427599999999999909e+03 1.043200000000000045e+03 2.000000000000000000e+01
7.542500000000000000e+02 9.012300000000000182e+02 2.000000000000000000e+01
1.216700000000000045e+03 1.571900000000000091e+03 2.000000000000000000e+01
1.365299999999999955e+03 3.144599999999999795e+02 2.100000000000000000e+01
1.216299999999999955e+03 1.529299999999999955e+03 2.100000000000000000e+01
1.345699999999999932e+02 7.888099999999999454e+02 2.000000000000000000e+01
1.343799999999999955e+03 8.401200000000000045e+02 2.000000000000000000e+01
1.094799999999999955e+03 7.455199999999999818e+02 2.000000000000000000e+01
1.168700000000000045e+03 9.171900000000000546e+02 2.000000000000000000e+01
4.071600000000000250e+02 3.753399999999999750e+02 2.000000000000000000e+01
1.466200000000000045e+03 8.529900000000000091e+02 2.000000000000000000e+01
4.290500000000000114e+02 2.524000000000000057e+02 2.100000000000000000e+01
7.154300000000000637e+01 1.914699999999999989e+02 2.100000000000000000e+01
1.472099999999999909e+03 1.300799999999999955e+03 2.100000000000000000e+01
8.308600000000000136e+02 5.515099999999999909e+02 2.000000000000000000e+01
1.462700000000000045e+03 1.158000000000000000e+03 2.100000000000000000e+01
1.038200000000000045e+03 6.701799999999999500e+02 2.000000000000000000e+01
1.419400000000000091e+03 8.364299999999999500e+02 2.100000000000000000e+01
8.884900000000000091e+02 1.026500000000000000e+03 2.000000000000000000e+01
1.129099999999999909e+03 9.035199999999999818e+02 2.000000000000000000e+01
2.231599999999999966e+02 1.531900000000000091e+03 2.100000000000000000e+01
1.293299999999999955e+03 1.422900000000000091e+03 2.000000000000000000e+01
1.132300000000000040e+02 1.820000000000000000e+02 2.000000000000000000e+01
3.070600000000000023e+02 1.573500000000000000e+03 2.000000000000000000e+01
6.855700000000000500e+02 1.574000000000000000e+03 2.000000000000000000e+01
1.219599999999999937e+02 1.166400000000000091e+03 2.000000000000000000e+01
9.093400000000000318e+02 1.773199999999999932e+02 2.000000000000000000e+01
1.648400000000000034e+02 1.165799999999999955e+03 2.000000000000000000e+01
6.191000000000000227e+02 1.390900000000000091e+03 2.000000000000000000e+01
1.080000000000000000e+02 6.004099999999999682e+02 2.000000000000000000e+01
1.241700000000000045e+03 8.024199999999999591e+02 2.000000000000000000e+01
1.348599999999999909e+03 1.530599999999999909e+03 2.100000000000000000e+01
1.367000000000000000e+03 1.000799999999999955e+03 2.000000000000000000e+01
9.645700000000000500e+02 1.128000000000000000e+03 2.000000000000000000e+01
8.113300000000000409e+02 1.045200000000000045e+03 2.000000000000000000e+01
4.107200000000000273e+02 1.347099999999999909e+03 2.100000000000000000e+01
7.050199999999999818e+02 1.391299999999999955e+03 2.100000000000000000e+01
1.720500000000000114e+02 1.574400000000000091e+03 2.100000000000000000e+01
9.388700000000000045e+02 1.567099999999999909e+03 2.100000000000000000e+01
1.050099999999999909e+03 1.116799999999999955e+03 2.000000000000000000e+01
1.430500000000000000e+03 1.129599999999999909e+03 2.100000000000000000e+01
6.474500000000000455e+02 1.303499999999999943e+02 2.100000000000000000e+01
1.380099999999999909e+03 9.011900000000000546e+02 2.000000000000000000e+01
7.812599999999999909e+02 1.548299999999999955e+03 2.100000000000000000e+01
1.299099999999999909e+03 1.513200000000000045e+03 2.100000000000000000e+01
1.329900000000000091e+03 1.174899999999999949e+02 2.000000000000000000e+01
8.221900000000000546e+02 1.195900000000000091e+03 2.100000000000000000e+01
2.619700000000000273e+02 8.854400000000000546e+02 2.000000000000000000e+01
1.053000000000000000e+03 1.750300000000000011e+02 2.100000000000000000e+01
1.389599999999999909e+03 1.455500000000000000e+03 2.100000000000000000e+01
1.190799999999999955e+03 9.530199999999999818e+02 2.000000000000000000e+01
9.642599999999999909e+02 1.491200000000000045e+03 2.100000000000000000e+01
7.782300000000000182e+02 1.234500000000000028e+02 2.100000000000000000e+01
1.295900000000000091e+03 1.465400000000000091e+03 2.100000000000000000e+01
1.040099999999999909e+03 1.465700000000000045e+03 2.100000000000000000e+01
9.328199999999999648e+01 9.027400000000000091e+02 2.000000000000000000e+01
1.377000000000000000e+03 1.496599999999999909e+03 2.000000000000000000e+01
1.429599999999999909e+03 5.870299999999999727e+02 2.000000000000000000e+01
1.242700000000000045e+03 4.699900000000000091e+02 2.000000000000000000e+01
1.261799999999999955e+03 5.064300000000000068e+02 2.000000000000000000e+01
1.007899999999999977e+03 1.123000000000000000e+03 2.000000000000000000e+01
9.911399999999999864e+02 1.626699999999999875e+02 2.100000000000000000e+01
1.081000000000000000e+03 5.545399999999999636e+02 1.900000000000000000e+01
1.261900000000000091e+03 8.835599999999999454e+02 2.000000000000000000e+01
8.345000000000000000e+02 7.740099999999999909e+02 2.000000000000000000e+01
4.792099999999999795e+02 5.140199999999999818e+02 2.000000000000000000e+01
4.551399999999999864e+02 4.332799999999999727e+02 2.000000000000000000e+01
5.185199999999999818e+02 8.755199999999999818e+02 2.000000000000000000e+01
1.063400000000000091e+03 2.721299999999999955e+02 2.000000000000000000e+01
1.389900000000000091e+03 4.125899999999999750e+02 2.000000000000000000e+01
7.057599999999999341e+01 3.395199999999999818e+02 2.100000000000000000e+01
1.420099999999999909e+03 8.803500000000000227e+02 2.000000000000000000e+01
7.142600000000000193e+01 4.935299999999999727e+02 2.000000000000000000e+01
1.416400000000000091e+03 9.237200000000000273e+02 2.100000000000000000e+01
1.286000000000000000e+03 1.148000000000000000e+03 2.100000000000000000e+01
1.362900000000000091e+03 1.571299999999999955e+03 2.100000000000000000e+01
3.277699999999999818e+02 1.536799999999999955e+03 2.100000000000000000e+01
7.779900000000000091e+02 1.020399999999999977e+03 2.000000000000000000e+01
1.315799999999999955e+03 8.708300000000000409e+02 2.000000000000000000e+01
1.131200000000000045e+03 1.341000000000000000e+03 2.000000000000000000e+01
9.496000000000000227e+02 1.633199999999999932e+02 2.100000000000000000e+01
6.293400000000000318e+02 1.507000000000000000e+03 2.000000000000000000e+01
6.997599999999999909e+02 1.433299999999999955e+03 2.000000000000000000e+01
7.454400000000000546e+02 4.796499999999999773e+02 2.000000000000000000e+01
1.317400000000000091e+03 1.229799999999999955e+03 2.000000000000000000e+01
6.230499999999999545e+02 1.433000000000000000e+03 2.100000000000000000e+01
1.458000000000000000e+03 5.192400000000000091e+02 2.100000000000000000e+01
1.415900000000000091e+03 2.829499999999999886e+02 2.100000000000000000e+01
3.367699999999999818e+02 9.313400000000000318e+02 2.000000000000000000e+01
5.830599999999999454e+02 1.365799999999999955e+03 2.000000000000000000e+01
1.061099999999999909e+03 1.530799999999999955e+03 2.100000000000000000e+01
7.916299999999999955e+02 7.628999999999999773e+02 2.000000000000000000e+01
5.399199999999999591e+02 1.379099999999999909e+03 2.100000000000000000e+01
6.362799999999999727e+02 4.255000000000000000e+02 2.100000000000000000e+01
1.139000000000000000e+03 6.378500000000000227e+02 2.000000000000000000e+01
1.448900000000000091e+03 1.079900000000000091e+03 2.100000000000000000e+01
1.214900000000000091e+03 5.678999999999999773e+02 2.000000000000000000e+01
8.916499999999999773e+02 6.108500000000000227e+02 2.000000000000000000e+01
4.807500000000000000e+02 1.411900000000000091e+03 2.000000000000000000e+01
1.091200000000000045e+03 5.131599999999999682e+02 2.000000000000000000e+01
1.403600000000000136e+02 1.127900000000000091e+03 2.000000000000000000e+01
9.688500000000000227e+02 1.533900000000000091e+03 2.100000000000000000e+01
1.066299999999999955e+03 1.573099999999999909e+03 2.100000000000000000e+01
1.006799999999999955e+03 1.252299999999999955e+03 2.000000000000000000e+01
1.176599999999999909e+03 1.513799999999999955e+03 2.100000000000000000e+01
8.269400000000000546e+02 1.281000000000000000e+03 2.100000000000000000e+01
6.606000000000000227e+02 1.414799999999999955e+03 2.100000000000000000e+01
1.069799999999999955e+03 4.769100000000000250e+02 2.000000000000000000e+01
1.164900000000000091e+03 5.028500000000000227e+02 2.000000000000000000e+01
9.375000000000000000e+02 1.219399999999999977e+02 2.000000000000000000e+01
1.433700000000000045e+03 1.318900000000000091e+03 2.000000000000000000e+01
5.226200000000000045e+02 1.418099999999999909e+03 2.100000000000000000e+01
6.669099999999999682e+02 1.372099999999999909e+03 2.100000000000000000e+01
4.857799999999999727e+02 9.026299999999999955e+02 2.000000000000000000e+01
1.348500000000000000e+03 1.130400000000000091e+03 2.000000000000000000e+01
6.850199999999999534e+01 1.533200000000000045e+03 2.100000000000000000e+01
5.600399999999999636e+02 1.183400000000000091e+03 2.000000000000000000e+01
1.322000000000000000e+03 2.451500000000000057e+02 2.000000000000000000e+01
1.639399999999999977e+02 4.560699999999999932e+02 2.100000000000000000e+01
1.536599999999999966e+02 7.516799999999999500e+02 2.000000000000000000e+01
1.025000000000000000e+03 1.562700000000000045e+03 2.100000000000000000e+01
7.490800000000000409e+02 9.435299999999999727e+02 2.000000000000000000e+01
1.369200000000000045e+03 7.768200000000000500e+02 2.000000000000000000e+01
1.406500000000000000e+03 3.244900000000000091e+02 2.100000000000000000e+01
7.551200000000000045e+01 2.338700000000000045e+02 2.100000000000000000e+01
1.406500000000000000e+03 1.080599999999999909e+03 2.100000000000000000e+01
1.135599999999999909e+03 1.500700000000000045e+03 2.100000000000000000e+01
4.007699999999999818e+02 6.328500000000000227e+02 2.000000000000000000e+01
1.022999999999999972e+02 1.464700000000000045e+03 2.000000000000000000e+01
8.503999999999999773e+02 2.350099999999999909e+02 2.000000000000000000e+01
1.225500000000000000e+03 1.761200000000000045e+02 2.000000000000000000e+01
1.391099999999999909e+03 1.539599999999999909e+03 2.000000000000000000e+01
9.519500000000000455e+02 3.628700000000000045e+02 1.900000000000000000e+01
5.006600000000000250e+02 1.312099999999999909e+03 1.900000000000000000e+01
4.485000000000000000e+02 7.104900000000000091e+02 2.000000000000000000e+01
1.464000000000000000e+03 1.684600000000000080e+02 2.100000000000000000e+01
1.914099999999999966e+02 4.238899999999999864e+02 1.900000000000000000e+01
6.779700000000000273e+02 4.268500000000000227e+02 2.000000000000000000e+01
1.128000000000000000e+03 6.772899999999999636e+02 2.000000000000000000e+01
4.314100000000000250e+02 9.684800000000000182e+02 2.000000000000000000e+01
1.431799999999999955e+03 4.039200000000000159e+02 2.000000000000000000e+01
1.431000000000000000e+03 1.466500000000000000e+03 2.000000000000000000e+01
1.429400000000000091e+03 1.962199999999999989e+02 2.100000000000000000e+01
6.080000000000000000e+02 3.910799999999999841e+02 2.000000000000000000e+01
1.423400000000000091e+03 3.629100000000000250e+02 2.000000000000000000e+01
1.382500000000000000e+03 8.589199999999999591e+02 2.000000000000000000e+01
9.735099999999999909e+02 2.389199999999999875e+02 2.000000000000000000e+01
1.425200000000000045e+03 1.529499999999999886e+02 2.000000000000000000e+01
1.379500000000000000e+03 8.174400000000000546e+02 2.000000000000000000e+01
1.659499999999999886e+02 8.744299999999999500e+02 2.000000000000000000e+01
1.186599999999999909e+03 1.189800000000000040e+02 2.000000000000000000e+01
1.398100000000000023e+02 1.484500000000000000e+03 2.100000000000000000e+01
1.272500000000000000e+03 1.683700000000000045e+02 2.100000000000000000e+01
1.445900000000000091e+03 1.539099999999999909e+03 2.100000000000000000e+01
7.146599999999999397e+01 5.773500000000000227e+02 2.000000000000000000e+01
8.439800000000000182e+02 1.158500000000000000e+03 2.000000000000000000e+01
1.418400000000000091e+03 1.506500000000000000e+03 2.100000000000000000e+01
1.210200000000000045e+03 3.163799999999999955e+02 1.900000000000000000e+01
9.217100000000000364e+02 1.133700000000000045e+03 2.000000000000000000e+01
1.460099999999999909e+03 8.948700000000000045e+02 2.100000000000000000e+01
1.428700000000000045e+03 2.420399999999999920e+02 2.000000000000000000e+01
1.002500000000000000e+02 6.946200000000000045e+02 2.000000000000000000e+01
1.388900000000000091e+03 1.763700000000000045e+02 2.100000000000000000e+01
1.393200000000000045e+03 2.184099999999999966e+02 2.100000000000000000e+01
1.417900000000000091e+03 5.054399999999999977e+02 2.000000000000000000e+01
1.450200000000000045e+03 1.164200000000000017e+02 2.100000000000000000e+01
1.288000000000000000e+03 1.294900000000000091e+02 2.100000000000000000e+01
