602,604,0.0,-1.0,1
568,611,0.8660254037844384,0.5000000000000006,1
861,864,0.8660254037844393,0.499999999999999,0
300,302,0.0,-1.0,0
547,588,0.8660254037844384,-0.5000000000000006,1
75,76,-0.8660254037844387,0.5000000000000001,1
624,663,0.8660254037844393,-0.499999999999999,0
85,126,0.8660254037844386,-0.5000000000000001,1
703,705,0.0,1.0,1
174,175,-0.8660254037844386,0.5000000000000001,1
167,172,0.8660254037844386,0.5000000000000001,0
801,803,0.0,1.0,0
800,843,0.8660254037844393,0.499999999999999,1
114,115,-0.8660254037844386,0.5000000000000001,1
599,601,0.0,1.0,1
697,700,0.8660254037844384,0.5000000000000006,1
730,769,0.8660254037844393,-0.499999999999999,1
438,481,0.8660254037844384,0.5000000000000006,0
538,540,0.0,-1.0,0
539,541,0.0,1.0,1
874,876,0.0,-1.0,0
209,211,0.0,-1.0,0
190,233,0.8660254037844386,0.5000000000000001,1
308,310,0.0,-1.0,1
566,605,0.8660254037844384,-0.5000000000000006,1
274,317,0.8660254037844389,0.4999999999999998,1
253,294,0.8660254037844389,-0.4999999999999998,1
39,42,0.0,-1.0,1
265,268,0.8660254037844389,0.4999999999999998,0
611,613,0.0,1.0,0
51,52,-0.8660254037844387,0.5000000000000001,0
601,604,0.8660254037844384,0.5000000000000006,0
105,108,0.8660254037844386,0.5000000000000001,1
84,85,0.8660254037844386,0.4999999999999999,1
678,680,0.0,-1.0,0
684,723,0.8660254037844393,-0.499999999999999,0
744,746,0.0,-1.0,1
750,789,0.8660254037844393,-0.499999999999999,0
762,763,-0.8660254037844384,0.5000000000000006,1
204,243,0.8660254037844386,-0.5000000000000001,1
205,208,0.8660254037844386,0.5000000000000001,0
507,509,0.0,1.0,1
755,760,0.8660254037844384,0.5000000000000006,1
248,291,0.8660254037844389,0.4999999999999998,0
552,553,-0.8660254037844384,0.5000000000000006,0
239,242,0.8660254037844386,0.5000000000000001,1
322,361,0.8660254037844384,-0.5000000000000006,1
296,339,0.8660254037844384,0.5000000000000006,0
403,406,0.8660254037844389,0.4999999999999998,1
178,180,0.0,-1.0,1
144,187,0.8660254037844389,0.4999999999999998,0
437,440,0.8660254037844384,0.5000000000000006,1
466,503,0.8660254037844393,-0.499999999999999,1
782,825,0.8660254037844384,0.5000000000000006,1
480,523,0.8660254037844393,0.499999999999999,1
836,837,-0.8660254037844393,0.499999999999999,0
8,11,0.0,1.0,0
278,280,0.0,-1.0,0
632,634,0.0,-1.0,1
580,623,0.8660254037844384,0.5000000000000006,0
67,74,0.8660254037844387,0.5000000000000001,1
698,700,0.0,-1.0,1
118,161,0.8660254037844386,0.5000000000000001,0
170,171,-0.8660254037844386,0.5000000000000001,1
173,176,0.8660254037844386,0.5000000000000001,1
152,153,-0.8660254037844386,0.5000000000000001,0
506,507,-0.8660254037844384,0.5000000000000006,0
488,489,-0.8660254037844384,0.5000000000000006,0
552,595,0.8660254037844384,0.5000000000000006,1
572,573,-0.8660254037844384,0.5000000000000006,1
351,353,0.0,1.0,1
652,695,0.8660254037844384,0.5000000000000006,0
435,437,0.0,1.0,0
715,756,0.8660254037844393,-0.499999999999999,1
686,729,0.8660254037844393,0.499999999999999,1
727,730,0.8660254037844384,0.5000000000000006,1
416,459,0.8660254037844384,0.5000000000000006,1
709,712,0.8660254037844384,0.5000000000000006,0
181,184,0.8660254037844386,0.5000000000000001,1
752,795,0.8660254037844393,0.499999999999999,0
264,303,0.8660254037844389,-0.4999999999999998,0
7,8,-0.8660254037844387,0.5000000000000001,1
330,369,0.8660254037844384,-0.5000000000000006,0
342,343,-0.8660254037844389,0.4999999999999998,0
335,340,0.8660254037844389,0.4999999999999998,0
678,679,-0.8660254037844384,0.5000000000000006,1
364,403,0.8660254037844384,-0.5000000000000006,0
86,129,0.8660254037844386,0.5000000000000001,0
649,651,0.0,1.0,1
152,195,0.8660254037844389,0.4999999999999998,1
733,735,0.0,1.0,0
778,779,-0.8660254037844384,0.5000000000000006,1
488,531,0.8660254037844393,0.499999999999999,0
186,229,0.8660254037844386,0.5000000000000001,0
479,482,0.8660254037844384,0.5000000000000006,1
563,566,0.8660254037844384,0.5000000000000006,0
305,307,0.0,1.0,1
596,635,0.8660254037844393,-0.499999999999999,1
80,81,-0.8660254037844387,-0.5000000000000001,0
43,50,0.8660254037844387,0.5000000000000001,1
134,173,0.8660254037844389,-0.4999999999999998,0
674,675,-0.8660254037844384,0.5000000000000006,0
740,742,0.0,-1.0,0
720,763,0.8660254037844393,0.499999999999999,0
212,213,-0.8660254037844386,0.5000000000000001,0
774,776,0.0,-1.0,0
234,273,0.8660254037844389,-0.4999999999999998,1
839,841,0.0,-1.0,1
278,279,-0.8660254037844389,0.4999999999999998,1
315,318,0.8660254037844389,0.4999999999999998,1
358,401,0.8660254037844384,0.5000000000000006,1
421,462,0.8660254037844384,-0.5000000000000006,1
432,471,0.8660254037844384,-0.5000000000000006,1
175,177,0.0,1.0,1
768,807,0.8660254037844384,-0.5000000000000006,0
241,243,0.0,1.0,0
15,16,-0.8660254037844387,0.5000000000000001,0
542,585,0.8660254037844393,0.499999999999999,1
834,873,0.8660254037844393,-0.499999999999999,0
274,276,0.0,-1.0,0
610,612,0.0,-1.0,0
1,10,0.8660254037844387,0.5000000000000001,0
373,376,0.8660254037844389,0.4999999999999998,1
128,171,0.8660254037844389,0.4999999999999998,1
710,712,0.0,-1.0,1
269,272,0.8660254037844389,0.4999999999999998,1
313,315,0.0,1.0,1
55,56,-0.8660254037844387,0.5000000000000001,1
564,607,0.8660254037844384,0.5000000000000006,0
604,643,0.8660254037844393,-0.499999999999999,1
584,585,-0.8660254037844384,0.5000000000000006,0
303,306,0.8660254037844389,0.4999999999999998,0
638,677,0.8660254037844384,-0.5000000000000006,1
639,642,0.8660254037844384,0.5000000000000006,0
122,123,-0.8660254037844386,0.5000000000000001,1
172,209,0.8660254037844386,-0.5000000000000001,1
111,113,0.0,1.0,1
722,761,0.8660254037844393,-0.499999999999999,0
446,448,0.0,-1.0,1
705,708,0.8660254037844384,0.5000000000000006,0
144,146,0.0,-1.0,1
176,215,0.8660254037844386,-0.5000000000000001,1
177,180,0.8660254037844386,0.5000000000000001,1
716,717,-0.8660254037844384,0.5000000000000006,0
749,751,0.0,1.0,1
782,784,0.0,-1.0,0
748,791,0.8660254037844393,0.499999999999999,0
545,547,0.0,-1.0,1
40,43,0.0,1.0,1
690,691,-0.8660254037844384,0.5000000000000006,0
127,168,0.8660254037844389,-0.4999999999999998,0
774,775,-0.8660254037844384,0.5000000000000006,1
777,780,0.8660254037844384,0.5000000000000006,0
745,747,0.0,1.0,1
217,219,0.0,1.0,1
552,554,0.0,-1.0,1
840,841,0.8660254037844393,0.499999999999999,1
811,814,0.8660254037844393,0.499999999999999,0
24,25,-0.8660254037844387,-0.5000000000000001,0
545,550,0.8660254037844384,0.5000000000000006,1
877,880,0.8660254037844393,0.499999999999999,1
575,578,0.8660254037844384,0.5000000000000006,1
68,73,0.0,1.0,0
90,91,-0.8660254037844386,0.5000000000000001,1
652,654,0.0,-1.0,1
112,151,0.8660254037844386,-0.5000000000000001,1
63,115,0.8660254037844386,0.4999999999999999,0
416,418,0.0,-1.0,1
156,199,0.8660254037844389,0.4999999999999998,0
196,235,0.8660254037844386,-0.5000000000000001,1
270,313,0.8660254037844389,0.4999999999999998,1
340,377,0.8660254037844384,-0.5000000000000006,1
354,397,0.8660254037844384,0.5000000000000006,1
690,733,0.8660254037844393,0.499999999999999,0
681,684,0.8660254037844384,0.5000000000000006,0
214,251,0.8660254037844389,-0.4999999999999998,0
248,249,-0.8660254037844386,0.5000000000000001,1
186,188,0.0,-1.0,1
758,759,-0.8660254037844384,0.5000000000000006,0
842,843,-0.8660254037844393,0.499999999999999,0
528,567,0.8660254037844393,-0.499999999999999,0
296,297,-0.8660254037844389,0.4999999999999998,0
480,481,-0.8660254037844384,0.5000000000000006,1
169,210,0.8660254037844386,-0.5000000000000001,1
462,463,0.8660254037844384,0.5000000000000006,0
225,227,0.0,1.0,0
502,541,0.8660254037844393,-0.499999999999999,1
805,807,0.0,1.0,1
259,261,0.0,1.0,1
258,301,0.8660254037844389,0.4999999999999998,1
290,333,0.8660254037844389,0.4999999999999998,0
871,873,0.0,1.0,1
343,345,0.0,1.0,0
358,360,0.0,-1.0,0
324,367,0.8660254037844384,0.5000000000000006,0
118,119,-0.8660254037844386,0.5000000000000001,1
89,92,0.8660254037844386,0.5000000000000001,0
661,663,0.0,1.0,1
121,124,0.8660254037844386,0.5000000000000001,1
660,703,0.8660254037844384,0.5000000000000006,0
778,780,0.0,-1.0,1
238,277,0.8660254037844389,-0.4999999999999998,1
316,317,-0.8660254037844389,0.4999999999999998,1
353,356,0.8660254037844389,0.4999999999999998,0
95,97,0.0,1.0,0
94,137,0.8660254037844386,0.5000000000000001,0
718,755,0.8660254037844393,-0.499999999999999,1
430,473,0.8660254037844384,0.5000000000000006,0
471,474,0.8660254037844384,0.5000000000000006,0
256,293,0.8660254037844389,-0.4999999999999998,1
806,845,0.8660254037844393,-0.499999999999999,0
786,787,-0.8660254037844384,0.5000000000000006,1
496,539,0.8660254037844393,0.499999999999999,0
537,540,0.8660254037844384,0.5000000000000006,0
279,281,0.0,1.0,0
570,609,0.8660254037844384,-0.5000000000000006,0
615,617,0.0,1.0,1
410,449,0.8660254037844384,-0.5000000000000006,1
108,147,0.8660254037844386,-0.5000000000000001,0
444,483,0.8660254037844384,-0.5000000000000006,1
186,187,-0.8660254037844386,0.5000000000000001,1
556,557,-0.8660254037844384,0.5000000000000006,0
295,336,0.8660254037844384,-0.5000000000000006,1
559,562,0.8660254037844384,0.5000000000000006,0
622,623,-0.8660254037844384,0.5000000000000006,0
332,375,0.8660254037844384,0.5000000000000006,0
126,127,0.8660254037844386,0.5000000000000001,1
385,387,0.0,1.0,0
668,711,0.8660254037844384,0.5000000000000006,0
720,721,-0.8660254037844384,0.5000000000000006,1
160,161,-0.8660254037844386,0.5000000000000001,0
451,453,0.0,1.0,0
149,151,0.0,1.0,0
742,781,0.8660254037844393,-0.499999999999999,1
182,184,0.0,-1.0,1
206,249,0.8660254037844386,0.5000000000000001,1
251,256,0.8660254037844389,0.4999999999999998,1
23,24,-0.8660254037844387,0.5000000000000001,1
854,855,-0.8660254037844393,0.499999999999999,0
358,359,-0.8660254037844389,0.4999999999999998,1
56,57,-0.8660254037844387,-0.5000000000000001,0
102,145,0.8660254037844386,0.5000000000000001,1
136,179,0.8660254037844389,0.4999999999999998,1
717,719,0.0,1.0,1
508,545,0.8660254037844393,-0.499999999999999,1
794,795,-0.8660254037844384,0.5000000000000006,1
254,256,0.0,-1.0,1
220,263,0.8660254037844389,0.4999999999999998,0
557,559,0.0,1.0,0
783,785,0.0,1.0,1
287,289,0.0,1.0,1
816,818,0.0,-1.0,1
556,599,0.8660254037844384,0.5000000000000006,0
578,617,0.8660254037844384,-0.5000000000000006,0
623,625,0.0,1.0,1
354,356,0.0,-1.0,0
657,659,0.0,1.0,1
690,692,0.0,-1.0,1
696,735,0.8660254037844393,-0.499999999999999,1
151,154,0.8660254037844386,0.5000000000000001,1
790,792,0.0,-1.0,0
855,857,0.0,1.0,0
630,631,0.8660254037844384,0.5000000000000006,1
682,683,-0.8660254037844384,0.5000000000000006,1
673,714,0.8660254037844393,-0.499999999999999,1
427,429,0.0,1.0,1
125,127,0.0,-1.0,1
728,771,0.8660254037844393,0.499999999999999,0
426,469,0.8660254037844384,0.5000000000000006,0
719,722,0.8660254037844384,0.5000000000000006,1
190,192,0.0,-1.0,0
202,203,-0.8660254037844386,0.5000000000000001,1
493,495,0.0,1.0,1
191,193,0.0,1.0,0
526,528,0.0,-1.0,0
492,535,0.8660254037844393,0.499999999999999,0
785,788,0.8660254037844384,0.5000000000000006,0
224,226,0.0,-1.0,1
527,529,0.0,1.0,0
9,14,-0.8660254037844387,0.5000000000000001,0
828,871,0.8660254037844393,0.499999999999999,1
560,562,0.0,-1.0,0
644,646,0.0,-1.0,0
57,62,-0.8660254037844387,0.5000000000000001,0
104,143,0.8660254037844386,-0.5000000000000001,0
98,99,-0.8660254037844386,0.5000000000000001,0
725,727,0.0,1.0,0
219,222,0.8660254037844386,0.5000000000000001,1
18,89,0.8660254037844386,-0.4999999999999999,0
263,265,0.0,1.0,0
5,6,0.8660254037844387,0.5000000000000001,1
297,299,0.0,1.0,1
621,624,0.8660254037844384,0.5000000000000006,0
664,707,0.8660254037844384,0.5000000000000006,1
362,405,0.8660254037844384,0.5000000000000006,0
202,245,0.8660254037844386,0.5000000000000001,0
580,582,0.0,-1.0,1
838,877,0.8660254037844393,-0.499999999999999,0
23,26,0.0,-1.0,0
391,394,0.8660254037844389,0.4999999999999998,1
790,791,-0.8660254037844384,0.5000000000000006,0
761,764,0.8660254037844384,0.5000000000000006,0
500,543,0.8660254037844393,0.499999999999999,0
198,241,0.8660254037844386,0.5000000000000001,1
491,494,0.8660254037844384,0.5000000000000006,0
779,781,0.0,1.0,1
534,577,0.8660254037844393,0.499999999999999,0
266,268,0.0,-1.0,0
317,319,0.0,1.0,0
350,352,0.0,-1.0,0
608,647,0.8660254037844393,-0.499999999999999,1
653,655,0.0,1.0,0
668,670,0.0,-1.0,0
448,487,0.8660254037844384,-0.5000000000000006,0
106,149,0.8660254037844386,0.5000000000000001,0
140,141,-0.8660254037844386,0.5000000000000001,1
752,754,0.0,-1.0,0
206,208,0.0,-1.0,0
786,788,0.0,-1.0,0
560,561,-0.8660254037844384,0.5000000000000006,0
290,291,-0.8660254037844389,0.4999999999999998,0
261,264,0.8660254037844389,0.4999999999999998,0
549,551,0.0,1.0,1
324,325,-0.8660254037844389,0.4999999999999998,0
660,661,-0.8660254037844384,0.5000000000000006,1
135,138,0.8660254037844386,0.5000000000000001,1
423,425,0.0,1.0,0
489,491,0.0,1.0,0
740,783,0.8660254037844393,0.499999999999999,1
523,525,0.0,1.0,1
824,867,0.8660254037844393,0.499999999999999,1
28,29,-0.8660254037844387,-0.5000000000000001,0
61,62,0.0,-1.0,0
352,391,0.8660254037844384,-0.5000000000000006,0
396,397,-0.8660254037844389,0.4999999999999998,1
82,121,0.8660254037844386,-0.4999999999999999,1
94,95,-0.8660254037844386,0.5000000000000001,1
732,733,-0.8660254037844384,0.5000000000000006,1
194,195,-0.8660254037844386,0.5000000000000001,0
832,833,-0.8660254037844393,0.499999999999999,1
530,531,-0.8660254037844384,0.5000000000000006,1
821,823,0.0,1.0,0
293,295,0.0,-1.0,1
616,655,0.8660254037844393,-0.499999999999999,0
617,620,0.8660254037844384,0.5000000000000006,0
359,361,0.0,1.0,1
650,689,0.8660254037844384,-0.5000000000000006,0
114,157,0.8660254037844386,0.5000000000000001,1
393,395,0.0,1.0,1
728,730,0.0,-1.0,1
794,796,0.0,-1.0,1
266,267,-0.8660254037844389,0.4999999999999998,1
591,593,0.0,1.0,1
11,18,0.8660254037844387,0.5000000000000001,1
636,637,-0.8660254037844384,0.5000000000000006,1
668,669,-0.8660254037844384,0.5000000000000006,1
366,367,-0.8660254037844389,0.4999999999999998,1
723,726,0.8660254037844384,0.5000000000000006,0
702,703,-0.8660254037844384,0.5000000000000006,0
465,467,0.0,1.0,1
691,693,0.0,1.0,1
228,230,0.0,-1.0,0
3,4,0.0,-1.0,0
530,573,0.8660254037844393,0.499999999999999,1
4,5,0.8660254037844387,-0.5000000000000001,0
36,37,-0.8660254037844387,-0.5000000000000001,1
37,38,0.0,-1.0,0
857,860,0.8660254037844393,0.499999999999999,1
360,399,0.8660254037844384,-0.5000000000000006,1
51,58,0.8660254037844387,0.5000000000000001,1
544,583,0.8660254037844393,-0.499999999999999,1
874,875,-0.8660254037844393,0.499999999999999,0
282,325,0.8660254037844389,0.4999999999999998,1
656,657,-0.8660254037844384,0.5000000000000006,1
110,111,-0.8660254037844386,0.5000000000000001,0
692,731,0.8660254037844393,-0.499999999999999,1
693,696,0.8660254037844384,0.5000000000000006,0
736,779,0.8660254037844393,0.499999999999999,0
198,200,0.0,-1.0,1
230,269,0.8660254037844389,-0.4999999999999998,0
231,234,0.8660254037844386,0.5000000000000001,0
19,26,0.8660254037844387,0.5000000000000001,1
618,620,0.0,-1.0,0
331,334,0.8660254037844389,0.4999999999999998,1
419,424,0.8660254037844384,0.5000000000000006,0
765,768,0.8660254037844384,0.5000000000000006,0
495,498,0.8660254037844384,0.5000000000000006,1
237,239,0.0,1.0,0
766,768,0.0,-1.0,0
506,549,0.8660254037844393,0.499999999999999,1
236,279,0.8660254037844389,0.4999999999999998,1
529,532,0.8660254037844384,0.5000000000000006,1
817,819,0.0,1.0,1
12,13,-0.8660254037844387,-0.5000000000000001,1
850,852,0.0,-1.0,0
865,868,0.8660254037844393,0.499999999999999,0
370,372,0.0,-1.0,0
724,726,0.0,-1.0,0
166,205,0.8660254037844389,-0.4999999999999998,0
746,785,0.8660254037844393,-0.499999999999999,1
514,515,-0.8660254037844384,0.5000000000000006,1
824,826,0.0,-1.0,1
598,599,-0.8660254037844384,0.5000000000000006,1
284,323,0.8660254037844389,-0.4999999999999998,1
587,589,0.0,-1.0,1
342,385,0.8660254037844384,0.5000000000000006,0
362,363,-0.8660254037844389,0.4999999999999998,1
365,368,0.8660254037844389,0.4999999999999998,1
377,379,0.0,-1.0,0
107,109,0.0,1.0,1
678,721,0.8660254037844393,0.499999999999999,1
461,463,0.0,-1.0,0
66,113,0.8660254037844386,-0.4999999999999999,1
399,402,0.8660254037844389,0.4999999999999998,1
58,109,0.8660254037844386,-0.4999999999999999,1
476,478,0.0,-1.0,1
482,521,0.8660254037844393,-0.499999999999999,0
735,738,0.8660254037844384,0.5000000000000006,0
778,821,0.8660254037844384,0.5000000000000006,1
561,563,0.0,1.0,1
25,30,-0.8660254037844387,0.5000000000000001,1
660,662,0.0,-1.0,1
390,429,0.8660254037844384,-0.5000000000000006,1
675,677,0.0,1.0,1
125,130,0.8660254037844386,0.5000000000000001,0
770,771,-0.8660254037844384,0.5000000000000006,1
468,469,-0.8660254037844384,0.5000000000000006,0
759,761,0.0,1.0,1
514,557,0.8660254037844393,0.499999999999999,1
232,233,-0.8660254037844386,0.5000000000000001,1
23,95,0.8660254037844386,0.4999999999999999,1
568,569,-0.8660254037844384,0.5000000000000006,0
72,73,-0.8660254037844387,-0.5000000000000001,1
571,574,0.8660254037844384,0.5000000000000006,1
106,107,-0.8660254037844386,0.5000000000000001,1
430,432,0.0,-1.0,0
688,727,0.8660254037844393,-0.499999999999999,0
143,146,0.8660254037844386,0.5000000000000001,1
464,466,0.0,-1.0,0
496,498,0.0,-1.0,1
497,499,0.0,1.0,1
530,532,0.0,-1.0,1
292,331,0.8660254037844389,-0.4999999999999998,1
628,667,0.8660254037844393,-0.499999999999999,1
640,641,-0.8660254037844384,0.5000000000000006,1
338,339,-0.8660254037844389,0.4999999999999998,0
370,371,-0.8660254037844389,0.4999999999999998,0
450,493,0.8660254037844384,0.5000000000000006,1
525,528,0.8660254037844384,0.5000000000000006,1
524,563,0.8660254037844393,-0.499999999999999,1
8,9,-0.8660254037844387,-0.5000000000000001,0
554,591,0.4999999999999995,-0.8660254037844389,0
48,54,-1.0,0.0,1
676,715,0.500000000000001,-0.866025403784438,0
506,551,0.500000000000001,0.866025403784438,0
100,137,0.4999999999999999,-0.8660254037844387,1
133,134,0.4999999999999999,-0.8660254037844387,0
838,880,1.0,0.0,1
310,352,1.0,0.0,0
480,525,0.500000000000001,0.866025403784438,0
285,286,0.5000000000000002,0.8660254037844385,0
402,444,1.0,0.0,1
377,378,-0.5000000000000002,-0.8660254037844385,1
664,709,0.4999999999999995,0.8660254037844389,1
772,809,0.4999999999999995,-0.8660254037844389,0
687,692,0.4999999999999995,0.8660254037844389,0
698,743,0.500000000000001,0.866025403784438,0
721,726,0.4999999999999995,0.8660254037844389,0
233,234,0.4999999999999999,-0.8660254037844387,0
528,569,0.500000000000001,0.866025403784438,0
561,603,1.0,0.0,1
385,386,0.5000000000000002,-0.8660254037844385,1
469,474,0.4999999999999995,0.8660254037844389,0
365,407,1.0,0.0,1
475,517,1.0,0.0,0
686,728,1.0,0.0,0
259,264,0.5000000000000002,0.8660254037844385,0
380,383,-0.5000000000000002,0.8660254037844385,0
460,501,0.4999999999999995,0.8660254037844389,1
719,761,1.0,0.0,1
838,879,0.500000000000001,0.866025403784438,0
244,247,-0.4999999999999999,0.8660254037844387,0
354,357,-0.5000000000000002,0.8660254037844385,1
693,735,1.0,0.0,0
115,120,0.4999999999999999,0.8660254037844387,1
284,325,0.5000000000000002,0.8660254037844385,0
726,768,1.0,0.0,1
690,693,-0.4999999999999995,0.8660254037844389,1
307,308,0.5000000000000002,0.8660254037844385,1
782,785,-0.4999999999999995,0.8660254037844389,1
631,634,0.4999999999999995,0.8660254037844389,0
649,691,1.0,0.0,1
258,299,0.5000000000000002,-0.8660254037844385,0
549,591,1.0,0.0,0
154,196,1.0,0.0,1
726,763,0.500000000000001,-0.866025403784438,1
324,365,0.4999999999999995,-0.8660254037844389,1
298,340,1.0,0.0,1
508,549,0.500000000000001,0.866025403784438,0
273,274,0.5000000000000002,0.8660254037844385,1
591,592,0.4999999999999995,-0.8660254037844389,0
11,17,-0.5,0.8660254037844387,1
164,205,0.5000000000000002,-0.8660254037844385,0
212,254,1.0,0.0,1
534,579,0.500000000000001,0.866025403784438,1
826,863,0.500000000000001,-0.866025403784438,1
489,531,1.0,0.0,1
127,169,1.0,0.0,1
8,87,1.0,0.0,1
608,649,0.500000000000001,0.866025403784438,0
120,157,0.4999999999999999,-0.8660254037844387,1
83,126,0.4999999999999999,-0.8660254037844387,1
775,780,0.4999999999999995,0.8660254037844389,0
364,401,0.4999999999999995,-0.8660254037844389,0
106,151,0.4999999999999999,0.8660254037844387,0
540,581,0.500000000000001,0.866025403784438,0
826,867,0.500000000000001,0.866025403784438,0
209,252,0.4999999999999999,-0.8660254037844387,0
530,572,1.0,0.0,1
405,410,0.5000000000000002,0.8660254037844385,0
582,619,0.4999999999999995,-0.8660254037844389,1
833,838,0.500000000000001,0.866025403784438,0
25,27,0.5,0.8660254037844387,0
557,562,0.4999999999999995,0.8660254037844389,0
678,681,-0.4999999999999995,0.8660254037844389,0
287,292,0.5000000000000002,0.8660254037844385,1
479,480,0.4999999999999995,0.8660254037844389,1
178,223,0.4999999999999999,0.8660254037844387,0
560,563,-0.4999999999999995,0.8660254037844389,0
537,579,1.0,0.0,1
269,270,0.5000000000000002,0.8660254037844385,0
370,411,0.4999999999999995,-0.8660254037844389,0
689,731,1.0,0.0,0
534,537,-0.4999999999999995,0.8660254037844389,1
545,546,-0.4999999999999995,-0.8660254037844389,0
285,327,1.0,0.0,1
778,781,-0.4999999999999995,0.8660254037844389,1
648,689,0.4999999999999995,-0.8660254037844389,1
286,327,0.5000000000000002,-0.8660254037844385,1
732,777,0.500000000000001,0.866025403784438,1
832,873,0.500000000000001,-0.866025403784438,0
292,334,1.0,0.0,1
470,511,0.500000000000001,0.866025403784438,1
327,328,0.5000000000000002,0.8660254037844385,0
74,120,1.0,0.0,0
293,335,1.0,0.0,0
256,295,0.5000000000000002,-0.8660254037844385,0
117,118,0.4999999999999999,0.8660254037844387,1
737,738,0.4999999999999995,-0.8660254037844389,1
477,519,1.0,0.0,0
175,217,1.0,0.0,1
758,797,0.4999999999999995,-0.8660254037844389,0
100,141,0.4999999999999999,0.8660254037844387,0
780,821,0.4999999999999995,0.8660254037844389,0
240,282,1.0,0.0,1
451,493,1.0,0.0,0
352,389,0.4999999999999995,-0.8660254037844389,0
670,707,0.4999999999999995,-0.8660254037844389,1
182,224,1.0,0.0,0
754,795,0.500000000000001,0.866025403784438,1
234,271,0.5000000000000002,-0.8660254037844385,1
628,665,0.500000000000001,-0.866025403784438,0
226,267,0.5000000000000002,0.8660254037844385,1
274,316,1.0,0.0,0
71,73,-1.0,0.0,1
518,560,1.0,0.0,1
761,803,1.0,0.0,0
514,517,-0.4999999999999995,0.8660254037844389,1
610,652,1.0,0.0,0
400,442,1.0,0.0,0
82,123,0.5000000000000001,0.8660254037844386,0
828,870,1.0,0.0,0
533,534,0.4999999999999995,0.8660254037844389,1
499,541,1.0,0.0,1
122,164,1.0,0.0,0
300,341,0.4999999999999995,-0.8660254037844389,1
694,735,0.500000000000001,-0.866025403784438,0
75,79,0.5,0.8660254037844387,1
484,525,0.500000000000001,-0.866025403784438,1
485,490,0.4999999999999995,0.8660254037844389,0
743,785,1.0,0.0,1
496,499,-0.4999999999999995,0.8660254037844389,1
27,29,-1.0,0.0,0
677,678,0.4999999999999995,0.8660254037844389,0
266,311,0.5000000000000002,0.8660254037844385,0
716,758,1.0,0.0,0
648,651,-0.4999999999999995,0.8660254037844389,1
339,381,1.0,0.0,0
776,818,1.0,0.0,1
358,403,0.4999999999999995,0.8660254037844389,0
808,850,1.0,0.0,0
431,473,1.0,0.0,1
248,290,1.0,0.0,1
49,53,-0.5,0.8660254037844387,0
742,779,0.500000000000001,-0.866025403784438,0
206,247,0.4999999999999999,-0.8660254037844387,0
725,726,0.4999999999999995,-0.8660254037844389,0
306,343,0.4999999999999995,-0.8660254037844389,0
594,639,0.500000000000001,0.866025403784438,0
232,277,0.5000000000000002,0.8660254037844385,1
289,290,0.5000000000000002,0.8660254037844385,0
576,621,0.4999999999999995,0.8660254037844389,1
96,133,0.4999999999999999,-0.8660254037844387,1
104,146,1.0,0.0,1
776,813,0.4999999999999995,-0.8660254037844389,0
171,172,0.4999999999999999,-0.8660254037844387,0
568,613,0.4999999999999995,0.8660254037844389,1
380,422,1.0,0.0,1
413,455,1.0,0.0,0
145,146,0.4999999999999999,-0.8660254037844387,1
843,844,0.500000000000001,-0.866025403784438,0
137,138,0.4999999999999999,-0.8660254037844387,0
129,134,0.4999999999999999,0.8660254037844387,0
119,120,0.4999999999999999,-0.8660254037844387,0
690,732,1.0,0.0,1
328,370,1.0,0.0,0
782,824,1.0,0.0,1
473,474,0.4999999999999995,-0.8660254037844389,0
815,857,1.0,0.0,1
67,69,-1.0,0.0,1
605,647,1.0,0.0,0
125,168,0.5000000000000002,-0.8660254037844385,1
578,620,1.0,0.0,0
395,437,1.0,0.0,1
510,513,-0.4999999999999995,0.8660254037844389,0
59,61,-1.0,0.0,1
638,680,1.0,0.0,1
817,822,0.500000000000001,0.866025403784438,0
487,529,1.0,0.0,0
320,361,0.4999999999999995,-0.8660254037844389,0
413,418,0.5000000000000002,0.8660254037844385,0
392,395,-0.5000000000000002,0.8660254037844385,1
763,805,1.0,0.0,1
612,654,1.0,0.0,1
791,796,0.4999999999999995,0.8660254037844389,0
303,304,0.5000000000000002,0.8660254037844385,0
346,391,0.4999999999999995,0.8660254037844389,1
796,838,1.0,0.0,1
849,850,0.500000000000001,0.866025403784438,0
7,9,-1.0,0.0,1
538,579,0.500000000000001,-0.866025403784438,0
209,251,1.0,0.0,1
438,479,0.4999999999999995,-0.8660254037844389,0
183,225,1.0,0.0,1
312,357,0.4999999999999995,0.8660254037844389,0
796,833,0.4999999999999995,-0.8660254037844389,1
157,199,1.0,0.0,1
309,351,1.0,0.0,0
150,187,0.5000000000000002,-0.8660254037844385,0
730,771,0.500000000000001,0.866025403784438,0
438,483,0.4999999999999995,0.8660254037844389,0
250,292,1.0,0.0,1
493,535,1.0,0.0,1
334,371,0.4999999999999995,-0.8660254037844389,0
760,799,0.4999999999999995,-0.8660254037844389,1
224,266,1.0,0.0,1
796,837,0.4999999999999995,0.8660254037844389,1
837,838,0.500000000000001,-0.866025403784438,1
808,811,-0.500000000000001,0.866025403784438,0
199,200,0.4999999999999999,-0.8660254037844387,1
678,720,1.0,0.0,0
408,450,1.0,0.0,1
788,829,0.4999999999999995,0.8660254037844389,0
803,845,1.0,0.0,0
64,115,1.0,0.0,0
644,686,1.0,0.0,1
51,55,0.5,0.8660254037844387,1
3,5,0.5,-0.8660254037844387,1
541,583,1.0,0.0,0
725,767,1.0,0.0,0
566,603,0.4999999999999995,-0.8660254037844389,0
28,30,-0.5,-0.8660254037844387,1
510,555,0.500000000000001,0.866025403784438,0
530,533,-0.4999999999999995,0.8660254037844389,0
610,651,0.500000000000001,-0.866025403784438,1
600,637,0.500000000000001,-0.866025403784438,0
400,441,0.4999999999999995,-0.8660254037844389,0
65,69,-0.5,0.8660254037844387,0
574,611,0.4999999999999995,-0.8660254037844389,0
566,607,0.4999999999999995,0.8660254037844389,0
748,751,-0.4999999999999995,0.8660254037844389,0
139,140,0.4999999999999999,0.8660254037844387,0
820,865,0.500000000000001,0.866025403784438,0
238,280,1.0,0.0,0
558,599,0.4999999999999995,0.8660254037844389,1
415,416,0.5000000000000002,0.8660254037844385,0
710,751,0.500000000000001,-0.866025403784438,1
702,747,0.500000000000001,0.866025403784438,0
633,638,0.4999999999999995,0.8660254037844389,1
113,114,0.4999999999999999,0.8660254037844387,0
400,445,0.4999999999999995,0.8660254037844389,1
304,346,1.0,0.0,0
755,758,0.4999999999999995,0.8660254037844389,1
245,287,1.0,0.0,1
209,212,0.4999999999999999,0.8660254037844387,1
18,92,1.0,0.0,1
859,860,0.500000000000001,-0.866025403784438,1
331,332,0.5000000000000002,0.8660254037844385,1
219,261,1.0,0.0,1
515,516,0.4999999999999995,-0.8660254037844389,0
35,37,-1.0,0.0,0
403,445,1.0,0.0,1
245,246,0.4999999999999999,-0.8660254037844387,1
833,834,0.500000000000001,-0.866025403784438,1
377,420,0.4999999999999995,-0.8660254037844389,1
60,66,1.0,0.0,1
816,857,0.500000000000001,-0.866025403784438,0
178,219,0.4999999999999999,-0.8660254037844387,1
698,740,1.0,0.0,0
547,589,1.0,0.0,1
348,389,0.4999999999999995,0.8660254037844389,1
7,86,1.0,0.0,0
152,193,0.5000000000000002,-0.8660254037844385,1
647,648,0.4999999999999995,0.8660254037844389,1
67,73,-0.5,0.8660254037844387,0
613,655,1.0,0.0,1
8,14,-1.0,0.0,0
136,181,0.5000000000000002,0.8660254037844385,0
598,639,0.500000000000001,-0.866025403784438,0
49,51,0.5,0.8660254037844387,0
621,622,0.4999999999999995,0.8660254037844389,0
681,682,0.4999999999999995,0.8660254037844389,1
380,425,0.4999999999999995,0.8660254037844389,1
528,570,1.0,0.0,0
471,472,0.4999999999999995,0.8660254037844389,1
23,25,-1.0,0.0,1
592,631,0.500000000000001,-0.866025403784438,1
199,201,0.0,1.0,0
193,235,1.0,0.0,1
387,390,0.8660254037844389,0.4999999999999998,1
350,353,-0.5000000000000002,0.8660254037844385,0
588,589,0.8660254037844384,0.5000000000000006,0
484,527,0.8660254037844393,0.499999999999999,0
391,392,0.5000000000000002,0.8660254037844385,0
456,495,0.8660254037844384,-0.5000000000000006,0
148,150,0.0,-1.0,0
198,199,-0.8660254037844386,0.5000000000000001,1
423,424,0.4999999999999995,-0.8660254037844389,1
229,230,0.4999999999999999,-0.8660254037844387,1
249,250,0.4999999999999999,-0.8660254037844387,1
445,448,0.8660254037844384,0.5000000000000006,1
753,754,0.4999999999999995,-0.8660254037844389,0
314,356,1.0,0.0,1
771,773,0.0,1.0,1
87,89,0.0,1.0,1
2,3,-0.8660254037844387,-0.5000000000000001,1
407,410,0.8660254037844389,0.4999999999999998,1
304,305,-0.8660254037844389,0.4999999999999998,0
422,465,0.8660254037844384,0.5000000000000006,0
213,215,0.0,1.0,0
434,477,0.8660254037844384,0.5000000000000006,0
457,460,0.8660254037844384,0.5000000000000006,1
361,364,0.8660254037844389,0.4999999999999998,1
609,612,0.8660254037844384,0.5000000000000006,0
808,809,-0.8660254037844393,0.499999999999999,0
463,466,0.4999999999999995,0.8660254037844389,1
384,386,0.0,-1.0,1
560,603,0.8660254037844384,0.5000000000000006,1
579,582,0.8660254037844384,0.5000000000000006,0
182,227,0.4999999999999999,0.8660254037844387,0
130,171,0.5000000000000002,0.8660254037844385,1
859,861,0.0,1.0,1
786,828,1.0,0.0,0
288,325,0.5000000000000002,-0.8660254037844385,1
374,417,0.8660254037844384,0.5000000000000006,0
314,353,0.8660254037844384,-0.5000000000000006,0
685,727,1.0,0.0,1
392,393,-0.8660254037844389,0.4999999999999998,1
710,753,0.8660254037844393,0.499999999999999,1
66,111,0.5000000000000001,-0.8660254037844386,1
284,321,0.5000000000000002,-0.8660254037844385,1
597,600,0.8660254037844384,0.5000000000000006,1
548,590,1.0,0.0,0
582,621,0.8660254037844384,-0.5000000000000006,1
657,699,1.0,0.0,1
370,415,0.4999999999999995,0.8660254037844389,0
244,245,-0.8660254037844386,0.5000000000000001,0
684,721,0.500000000000001,-0.866025403784438,1
787,789,0.0,1.0,1
858,860,0.0,-1.0,0
162,199,0.5000000000000002,-0.8660254037844385,1
226,265,0.8660254037844389,-0.4999999999999998,0
282,323,0.5000000000000002,-0.8660254037844385,1
67,68,-0.8660254037844387,0.5000000000000001,0
419,421,0.0,-1.0,1
766,767,-0.8660254037844384,0.5000000000000006,1
274,277,-0.5000000000000002,0.8660254037844385,1
69,70,0.0,-1.0,1
15,18,0.0,-1.0,0
206,248,1.0,0.0,0
673,715,1.0,0.0,0
823,826,0.8660254037844393,0.499999999999999,0
343,344,0.5000000000000002,-0.8660254037844385,0
542,543,-0.8660254037844384,0.5000000000000006,1
741,743,0.0,1.0,0
754,796,1.0,0.0,1
242,279,0.5000000000000002,-0.8660254037844385,1
187,192,0.4999999999999999,0.8660254037844387,0
804,847,0.8660254037844393,0.499999999999999,0
755,798,0.4999999999999995,-0.8660254037844389,1
597,639,1.0,0.0,1
708,747,0.8660254037844393,-0.499999999999999,1
833,835,0.0,1.0,1
603,605,0.0,1.0,1
389,431,1.0,0.0,0
729,771,1.0,0.0,1
343,348,0.5000000000000002,0.8660254037844385,0
526,529,-0.4999999999999995,0.8660254037844389,1
311,314,0.8660254037844389,0.4999999999999998,0
136,137,-0.8660254037844386,0.5000000000000001,1
416,458,1.0,0.0,0
218,259,0.5000000000000002,0.8660254037844385,1
802,841,0.500000000000001,-0.866025403784438,0
467,470,0.8660254037844384,0.5000000000000006,1
715,757,1.0,0.0,1
492,494,0.0,-1.0,0
536,573,0.500000000000001,-0.866025403784438,1
762,764,0.0,-1.0,1
747,750,0.8660254037844384,0.5000000000000006,0
540,579,0.8660254037844393,-0.499999999999999,1
354,355,-0.8660254037844389,0.4999999999999998,0
764,806,1.0,0.0,0
63,66,0.0,-1.0,0
370,412,1.0,0.0,1
866,868,0.0,-1.0,0
230,267,0.5000000000000002,-0.8660254037844385,0
652,653,-0.8660254037844384,0.5000000000000006,0
487,490,0.8660254037844384,0.5000000000000006,1
140,143,-0.4999999999999999,0.8660254037844387,1
421,463,1.0,0.0,0
98,141,0.8660254037844386,0.5000000000000001,0
569,574,0.4999999999999995,0.8660254037844389,1
154,193,0.8660254037844389,-0.4999999999999998,0
546,547,0.8660254037844384,0.5000000000000006,0
763,768,0.4999999999999995,0.8660254037844389,0
128,129,-0.8660254037844386,0.5000000000000001,0
563,564,0.4999999999999995,0.8660254037844389,0
174,177,-0.4999999999999999,0.8660254037844387,0
75,82,0.8660254037844387,0.5000000000000001,1
724,769,0.500000000000001,0.866025403784438,0
713,716,0.4999999999999995,0.8660254037844389,0
52,53,-0.8660254037844387,-0.5000000000000001,1
435,477,1.0,0.0,0
628,670,1.0,0.0,1
414,455,0.4999999999999995,0.8660254037844389,1
539,581,1.0,0.0,1
478,517,0.8660254037844393,-0.499999999999999,1
398,437,0.8660254037844384,-0.5000000000000006,1
34,97,0.8660254037844386,-0.4999999999999999,1
213,214,0.4999999999999999,-0.8660254037844387,1
524,561,0.500000000000001,-0.866025403784438,1
91,93,0.0,1.0,0
51,57,-0.5,0.8660254037844387,1
258,259,-0.8660254037844389,0.4999999999999998,1
584,625,0.4999999999999995,-0.8660254037844389,0
803,806,0.8660254037844393,0.499999999999999,1
680,719,0.8660254037844393,-0.499999999999999,0
338,340,0.0,-1.0,1
312,313,-0.8660254037844389,0.4999999999999998,0
208,247,0.8660254037844386,-0.5000000000000001,1
447,489,1.0,0.0,0
478,520,1.0,0.0,1
747,789,1.0,0.0,1
418,455,0.4999999999999995,-0.8660254037844389,0
36,40,0.5,0.8660254037844387,1
358,361,-0.5000000000000002,0.8660254037844385,0
752,753,-0.8660254037844384,0.5000000000000006,0
652,693,0.4999999999999995,-0.8660254037844389,1
49,54,-0.8660254037844387,0.5000000000000001,1
666,708,1.0,0.0,1
51,109,1.0,0.0,1
137,139,0.0,1.0,0
784,821,0.4999999999999995,-0.8660254037844389,1
220,222,0.0,-1.0,1
758,760,0.0,-1.0,1
276,313,0.5000000000000002,-0.8660254037844385,1
65,70,-0.8660254037844387,0.5000000000000001,1
497,539,1.0,0.0,0
214,253,0.5000000000000002,-0.8660254037844385,1
686,688,0.0,-1.0,0
739,742,0.8660254037844384,0.5000000000000006,0
738,780,1.0,0.0,0
771,813,1.0,0.0,1
845,848,0.8660254037844393,0.499999999999999,1
59,66,0.8660254037844387,0.5000000000000001,1
231,232,0.4999999999999999,0.8660254037844387,1
516,555,0.8660254037844393,-0.499999999999999,0
141,183,1.0,0.0,1
273,276,0.8660254037844389,0.4999999999999998,0
370,413,0.8660254037844384,0.5000000000000006,0
763,765,0.0,1.0,1
799,802,0.500000000000001,0.866025403784438,0
783,784,0.4999999999999995,-0.8660254037844389,1
315,357,1.0,0.0,0
325,327,0.0,1.0,0
187,189,0.0,1.0,1
634,671,0.8660254037844384,-0.5000000000000006,1
611,616,0.4999999999999995,0.8660254037844389,1
332,334,0.0,-1.0,1
132,173,0.5000000000000002,-0.8660254037844385,1
527,528,0.4999999999999995,-0.8660254037844389,1
576,577,-0.8660254037844384,0.5000000000000006,1
446,447,-0.8660254037844384,0.5000000000000006,1
45,46,0.0,-1.0,0
115,117,0.0,1.0,0
767,772,0.4999999999999995,0.8660254037844389,0
40,44,-0.5,0.8660254037844387,0
262,307,0.5000000000000002,0.8660254037844385,1
706,749,0.8660254037844393,0.499999999999999,1
171,173,0.0,1.0,1
66,116,1.0,0.0,1
271,313,1.0,0.0,0
622,665,0.8660254037844393,0.499999999999999,1
818,859,0.500000000000001,0.866025403784438,1
694,737,0.8660254037844393,0.499999999999999,0
822,861,0.8660254037844393,-0.499999999999999,1
258,260,0.0,-1.0,0
607,612,0.4999999999999995,0.8660254037844389,0
468,513,0.500000000000001,0.866025403784438,1
152,154,0.0,-1.0,1
286,328,1.0,0.0,1
435,440,0.4999999999999995,0.8660254037844389,1
493,494,0.4999999999999995,-0.8660254037844389,1
350,351,-0.8660254037844389,0.4999999999999998,0
153,155,0.0,1.0,1
376,417,0.4999999999999995,0.8660254037844389,0
26,93,0.8660254037844386,-0.4999999999999999,1
108,150,1.0,0.0,0
64,66,0.5,-0.8660254037844387,0
349,352,0.8660254037844389,0.4999999999999998,1
181,182,0.4999999999999999,0.8660254037844387,1
455,457,0.0,1.0,0
48,58,0.5,0.8660254037844387,1
538,581,0.8660254037844393,0.499999999999999,1
606,607,-0.8660254037844384,0.5000000000000006,0
813,818,0.500000000000001,0.866025403784438,1
815,818,0.8660254037844393,0.499999999999999,0
397,439,1.0,0.0,0
706,751,0.500000000000001,0.866025403784438,1
757,798,0.8660254037844384,-0.5000000000000006,0
776,815,0.8660254037844384,-0.5000000000000006,0
338,380,1.0,0.0,0
715,718,0.4999999999999995,0.8660254037844389,0
224,267,0.8660254037844389,0.4999999999999998,0
324,369,0.4999999999999995,0.8660254037844389,0
143,144,0.4999999999999999,0.8660254037844387,0
816,859,0.8660254037844393,0.499999999999999,0
55,111,0.8660254037844386,0.4999999999999999,0
195,196,0.4999999999999999,-0.8660254037844387,0
236,237,-0.8660254037844386,0.5000000000000001,1
60,64,0.5,0.8660254037844387,0
878,880,0.0,-1.0,0
792,833,0.4999999999999995,0.8660254037844389,1
111,153,1.0,0.0,1
88,129,0.4999999999999999,0.8660254037844387,1
266,309,0.8660254037844389,0.4999999999999998,0
351,352,0.5000000000000002,-0.8660254037844385,0
202,204,0.0,-1.0,1
372,411,0.8660254037844384,-0.5000000000000006,0
642,681,0.8660254037844384,-0.5000000000000006,0
64,74,0.5,0.8660254037844387,1
296,338,1.0,0.0,1
243,246,0.8660254037844386,0.5000000000000001,1
626,627,-0.8660254037844384,0.5000000000000006,1
52,57,0.0,1.0,1
321,323,0.0,1.0,0
535,537,0.0,1.0,0
526,569,0.8660254037844393,0.499999999999999,1
632,633,-0.8660254037844384,0.5000000000000006,0
799,841,1.0,0.0,0
659,662,0.8660254037844384,0.5000000000000006,0
44,45,-0.8660254037844387,-0.5000000000000001,1
434,435,-0.8660254037844384,0.5000000000000006,0
751,793,1.0,0.0,1
102,144,1.0,0.0,1
392,394,0.0,-1.0,1
366,409,0.8660254037844384,0.5000000000000006,0
83,125,1.0,0.0,1
356,397,0.4999999999999995,0.8660254037844389,0
664,665,-0.8660254037844384,0.5000000000000006,0
422,424,0.0,-1.0,0
132,174,1.0,0.0,0
371,373,0.0,1.0,1
144,189,0.5000000000000002,0.8660254037844385,0
281,282,0.5000000000000002,0.8660254037844385,1
433,434,0.4999999999999995,0.8660254037844389,0
468,511,0.8660254037844393,0.499999999999999,0
274,275,-0.8660254037844389,0.4999999999999998,0
158,197,0.8660254037844389,-0.4999999999999998,0
316,319,-0.5000000000000002,0.8660254037844385,1
300,301,-0.8660254037844389,0.4999999999999998,1
302,341,0.8660254037844384,-0.5000000000000006,0
157,162,0.4999999999999999,0.8660254037844387,0
605,606,0.4999999999999995,0.8660254037844389,1
586,627,0.4999999999999995,0.8660254037844389,1
615,620,0.4999999999999995,0.8660254037844389,0
875,877,0.0,1.0,0
470,512,1.0,0.0,1
431,433,0.0,1.0,0
536,575,0.8660254037844393,-0.499999999999999,0
450,452,0.0,-1.0,1
697,739,1.0,0.0,1
590,635,0.500000000000001,0.866025403784438,1
572,574,0.0,-1.0,1
448,485,0.4999999999999995,-0.8660254037844389,1
167,169,0.0,-1.0,0
86,89,-0.4999999999999999,0.8660254037844387,0
824,865,0.500000000000001,-0.866025403784438,0
142,181,0.8660254037844389,-0.4999999999999998,0
34,99,0.5000000000000001,0.8660254037844386,0
352,394,1.0,0.0,0
632,671,0.4999999999999995,-0.8660254037844389,0
361,403,1.0,0.0,0
554,593,0.8660254037844384,-0.5000000000000006,0
368,409,0.4999999999999995,0.8660254037844389,0
400,443,0.8660254037844384,0.5000000000000006,0
250,291,0.5000000000000002,0.8660254037844385,1
579,621,1.0,0.0,1
90,92,0.0,-1.0,1
590,593,-0.4999999999999995,0.8660254037844389,0
637,642,0.4999999999999995,0.8660254037844389,1
595,597,0.0,1.0,1
194,237,0.8660254037844386,0.5000000000000001,1
623,665,1.0,0.0,0
285,288,0.8660254037844389,0.4999999999999998,1
581,586,0.4999999999999995,0.8660254037844389,0
312,355,0.8660254037844384,0.5000000000000006,0
242,284,1.0,0.0,1
442,483,0.4999999999999995,-0.8660254037844389,1
474,515,0.500000000000001,0.866025403784438,1
344,385,0.4999999999999995,0.8660254037844389,1
254,296,1.0,0.0,0
239,281,1.0,0.0,0
470,509,0.8660254037844393,-0.499999999999999,1
485,486,0.4999999999999995,-0.8660254037844389,1
404,447,0.8660254037844384,0.5000000000000006,0
769,772,0.8660254037844384,0.5000000000000006,1
645,647,0.0,1.0,1
744,745,-0.8660254037844384,0.5000000000000006,1
322,359,0.4999999999999995,-0.8660254037844389,1
620,659,0.8660254037844393,-0.499999999999999,0
476,519,0.8660254037844393,0.499999999999999,0
179,184,0.4999999999999999,0.8660254037844387,0
148,149,-0.8660254037844386,0.5000000000000001,1
808,810,0.0,-1.0,0
151,193,1.0,0.0,1
481,483,0.0,1.0,1
758,803,0.4999999999999995,0.8660254037844389,1
60,61,-0.8660254037844387,-0.5000000000000001,1
139,142,0.8660254037844386,0.5000000000000001,0
505,508,0.4999999999999995,0.8660254037844389,0
636,638,0.0,-1.0,1
515,517,0.0,1.0,1
232,235,-0.4999999999999999,0.8660254037844387,0
108,145,0.4999999999999999,-0.8660254037844387,1
113,116,0.8660254037844386,0.5000000000000001,1
341,342,0.5000000000000002,0.8660254037844385,1
374,416,1.0,0.0,0
73,78,-0.8660254037844387,0.5000000000000001,1
459,460,0.4999999999999995,-0.8660254037844389,1
216,217,-0.8660254037844386,0.5000000000000001,1
294,295,0.8660254037844389,0.4999999999999998,0
862,864,0.0,-1.0,0
337,378,0.8660254037844384,-0.5000000000000006,0
553,558,0.4999999999999995,0.8660254037844389,0
64,67,0.0,1.0,0
641,643,0.0,1.0,1
800,842,1.0,0.0,0
140,182,1.0,0.0,1
442,444,0.0,-1.0,0
619,661,1.0,0.0,1
853,856,0.8660254037844393,0.499999999999999,0
590,591,-0.8660254037844384,0.5000000000000006,0
671,673,0.0,-1.0,1
506,508,0.0,-1.0,0
612,653,0.500000000000001,0.866025403784438,0
216,218,0.0,-1.0,0
794,837,0.8660254037844384,0.5000000000000006,0
77,78,0.0,-1.0,0
286,331,0.5000000000000002,0.8660254037844385,0
639,681,1.0,0.0,0
758,800,1.0,0.0,0
618,619,-0.8660254037844384,0.5000000000000006,0
819,822,0.8660254037844393,0.499999999999999,0
650,687,0.4999999999999995,-0.8660254037844389,1
395,396,0.5000000000000002,0.8660254037844385,0
768,805,0.4999999999999995,-0.8660254037844389,0
339,341,0.0,1.0,1
330,372,1.0,0.0,0
187,188,0.4999999999999999,-0.8660254037844387,1
492,493,-0.8660254037844384,0.5000000000000006,0
551,552,0.4999999999999995,0.8660254037844389,0
744,747,-0.4999999999999995,0.8660254037844389,0
785,786,0.4999999999999995,0.8660254037844389,1
802,843,0.500000000000001,0.866025403784438,0
405,407,0.0,1.0,1
254,299,0.5000000000000002,0.8660254037844385,0
240,241,-0.8660254037844386,0.5000000000000001,0
296,298,0.0,-1.0,1
9,11,0.5,0.8660254037844387,1
458,459,-0.8660254037844384,0.5000000000000006,0
453,495,1.0,0.0,0
574,613,0.8660254037844384,-0.5000000000000006,1
100,139,0.8660254037844386,-0.5000000000000001,0
602,603,-0.8660254037844384,0.5000000000000006,1
393,435,1.0,0.0,1
329,331,0.0,1.0,1
458,460,0.0,-1.0,0
371,372,0.5000000000000002,-0.8660254037844385,1
784,823,0.8660254037844384,-0.5000000000000006,0
262,305,0.8660254037844389,0.4999999999999998,0
518,559,0.500000000000001,-0.866025403784438,1
433,475,1.0,0.0,1
391,433,1.0,0.0,0
99,101,0.0,1.0,0
836,838,0.0,-1.0,1
132,133,-0.8660254037844386,0.5000000000000001,1
166,203,0.5000000000000002,-0.8660254037844385,0
586,628,1.0,0.0,0
86,88,0.0,-1.0,1
324,327,-0.5000000000000002,0.8660254037844385,0
366,411,0.4999999999999995,0.8660254037844389,0
119,124,0.4999999999999999,0.8660254037844387,0
355,357,0.0,1.0,1
64,65,-0.8660254037844387,-0.5000000000000001,1
520,559,0.8660254037844393,-0.499999999999999,0
258,300,1.0,0.0,1
396,398,0.0,-1.0,1
159,160,0.4999999999999999,0.8660254037844387,0
647,689,1.0,0.0,1
240,242,0.0,-1.0,0
465,470,0.4999999999999995,0.8660254037844389,1
302,343,0.4999999999999995,0.8660254037844389,0
86,87,-0.8660254037844386,0.5000000000000001,1
704,746,1.0,0.0,0
268,310,1.0,0.0,1
458,501,0.8660254037844384,0.5000000000000006,0
33,35,0.5,0.8660254037844387,1
334,376,1.0,0.0,0
751,754,0.8660254037844384,0.5000000000000006,1
411,412,0.5000000000000002,0.8660254037844385,1
21,22,0.0,-1.0,1
484,485,-0.8660254037844384,0.5000000000000006,1
611,653,1.0,0.0,0
235,277,1.0,0.0,0
589,631,1.0,0.0,1
701,743,1.0,0.0,0
74,117,0.8660254037844386,-0.4999999999999999,0
100,142,1.0,0.0,0
741,783,1.0,0.0,1
136,138,0.0,-1.0,0
422,423,-0.8660254037844384,0.5000000000000006,0
160,203,0.8660254037844389,0.4999999999999998,1
327,330,0.8660254037844389,0.4999999999999998,1
404,406,0.0,-1.0,0
770,812,1.0,0.0,0
428,467,0.8660254037844384,-0.5000000000000006,0
816,817,-0.8660254037844393,0.499999999999999,1
614,659,0.500000000000001,0.866025403784438,0
252,253,0.8660254037844389,0.4999999999999998,1
584,627,0.8660254037844384,0.5000000000000006,0
534,536,0.0,-1.0,1
47,50,0.0,-1.0,0
284,326,1.0,0.0,0
328,331,-0.5000000000000002,0.8660254037844385,0
85,88,0.4999999999999999,0.8660254037844387,1
660,701,0.4999999999999995,-0.8660254037844389,1
488,529,0.500000000000001,-0.866025403784438,1
556,558,0.0,-1.0,0
278,323,0.5000000000000002,0.8660254037844385,1
420,421,0.8660254037844389,0.4999999999999998,0
119,121,0.0,1.0,1
255,260,0.5000000000000002,0.8660254037844385,1
247,250,0.8660254037844386,0.5000000000000001,1
779,784,0.4999999999999995,0.8660254037844389,1
689,692,0.8660254037844384,0.5000000000000006,1
625,628,0.8660254037844384,0.5000000000000006,1
161,162,0.4999999999999999,-0.8660254037844387,1
258,303,0.5000000000000002,0.8660254037844385,0
490,527,0.500000000000001,-0.866025403784438,0
558,597,0.8660254037844384,-0.5000000000000006,0
812,855,0.8660254037844393,0.499999999999999,0
713,718,0.8660254037844384,0.5000000000000006,1
274,315,0.5000000000000002,-0.8660254037844385,1
325,367,1.0,0.0,0
521,563,1.0,0.0,0
412,413,-0.8660254037844389,0.4999999999999998,0
762,804,1.0,0.0,0
594,635,0.500000000000001,-0.866025403784438,0
540,577,0.500000000000001,-0.866025403784438,0
794,836,1.0,0.0,1
703,745,1.0,0.0,1
478,519,0.500000000000001,0.866025403784438,1
362,364,0.0,-1.0,0
614,656,1.0,0.0,0
338,383,0.4999999999999995,0.8660254037844389,1
823,824,0.500000000000001,0.866025403784438,0
533,536,0.8660254037844384,0.5000000000000006,1
102,104,0.0,-1.0,1
813,815,0.0,1.0,1
510,553,0.8660254037844393,0.499999999999999,1
580,581,-0.8660254037844384,0.5000000000000006,0
68,69,-0.8660254037844387,-0.5000000000000001,1
175,180,0.4999999999999999,0.8660254037844387,1
401,402,0.5000000000000002,-0.8660254037844385,1
421,424,0.4999999999999995,0.8660254037844389,0
212,255,0.8660254037844389,0.4999999999999998,1
522,523,-0.8660254037844384,0.5000000000000006,1
185,186,0.4999999999999999,0.8660254037844387,1
679,681,0.0,1.0,0
647,650,0.8660254037844384,0.5000000000000006,1
275,276,0.5000000000000002,-0.8660254037844385,1
102,143,0.4999999999999999,-0.8660254037844387,0
472,473,-0.8660254037844384,0.5000000000000006,1
406,445,0.8660254037844384,-0.5000000000000006,1
565,567,0.0,1.0,0
786,829,0.8660254037844384,0.5000000000000006,0
772,811,0.8660254037844384,-0.5000000000000006,0
682,684,0.0,-1.0,0
293,298,0.8660254037844389,0.4999999999999998,1
542,584,1.0,0.0,0
636,679,0.8660254037844384,0.5000000000000006,0
448,490,1.0,0.0,1
455,456,0.4999999999999995,-0.8660254037844389,1
270,273,-0.5000000000000002,0.8660254037844385,1
287,329,1.0,0.0,1
400,401,-0.8660254037844389,0.4999999999999998,0
631,672,0.8660254037844384,-0.5000000000000006,0
518,563,0.500000000000001,0.866025403784438,0
2,9,0.0,1.0,0
828,829,-0.8660254037844393,0.499999999999999,0
382,424,1.0,0.0,0
178,181,-0.4999999999999999,0.8660254037844387,0
548,587,0.4999999999999995,-0.8660254037844389,0
602,645,0.8660254037844393,0.499999999999999,1
704,743,0.8660254037844393,-0.499999999999999,1
412,454,1.0,0.0,0
695,700,0.4999999999999995,0.8660254037844389,0
444,485,0.4999999999999995,0.8660254037844389,0
483,484,0.4999999999999995,0.8660254037844389,0
618,659,0.500000000000001,-0.866025403784438,0
496,497,-0.8660254037844384,0.5000000000000006,0
203,208,0.4999999999999999,0.8660254037844387,0
635,638,0.8660254037844384,0.5000000000000006,0
800,801,-0.8660254037844393,0.499999999999999,0
340,381,0.4999999999999995,0.8660254037844389,0
156,158,0.0,-1.0,1
150,189,0.8660254037844389,-0.4999999999999998,1
764,803,0.8660254037844384,-0.5000000000000006,0
260,299,0.8660254037844389,-0.4999999999999998,1
120,159,0.8660254037844386,-0.5000000000000001,1
797,799,0.0,-1.0,1
745,746,0.4999999999999995,-0.8660254037844389,0
235,238,0.8660254037844386,0.5000000000000001,1
619,620,0.4999999999999995,-0.8660254037844389,0
613,614,0.4999999999999995,0.8660254037844389,1
267,269,0.0,1.0,1
229,231,0.0,1.0,1
53,54,0.0,-1.0,1
658,697,0.8660254037844384,-0.5000000000000006,1
608,650,1.0,0.0,1
620,661,0.500000000000001,0.866025403784438,0
374,376,0.0,-1.0,1
35,42,0.8660254037844387,0.5000000000000001,1
716,759,0.8660254037844393,0.499999999999999,0
484,486,0.0,-1.0,0
4,6,1.0,0.0,0
581,623,1.0,0.0,1
622,667,0.500000000000001,0.866025403784438,1
589,630,0.8660254037844393,-0.499999999999999,1
47,109,0.5000000000000001,0.8660254037844386,0
312,314,0.0,-1.0,1
147,150,0.8660254037844386,0.5000000000000001,1
820,863,0.8660254037844393,0.499999999999999,0
182,223,0.4999999999999999,-0.8660254037844387,0
488,491,-0.4999999999999995,0.8660254037844389,0
464,467,-0.4999999999999995,0.8660254037844389,0
598,601,-0.4999999999999995,0.8660254037844389,0
76,77,-0.8660254037844387,-0.5000000000000001,0
335,337,0.0,-1.0,0
311,353,1.0,0.0,0
378,379,0.8660254037844389,0.4999999999999998,1
732,773,0.500000000000001,-0.866025403784438,0
670,709,0.8660254037844384,-0.5000000000000006,0
131,134,0.8660254037844386,0.5000000000000001,0
408,409,-0.8660254037844389,0.4999999999999998,0
810,849,0.8660254037844393,-0.499999999999999,0
7,10,0.0,-1.0,1
612,651,0.8660254037844393,-0.499999999999999,1
312,354,1.0,0.0,1
344,381,0.4999999999999995,-0.8660254037844389,0
702,745,0.8660254037844393,0.499999999999999,0
217,222,0.4999999999999999,0.8660254037844387,1
178,179,-0.8660254037844386,0.5000000000000001,1
272,309,0.5000000000000002,-0.8660254037844385,0
738,777,0.8660254037844393,-0.499999999999999,0
116,155,0.8660254037844386,-0.5000000000000001,0
869,872,0.8660254037844393,0.499999999999999,1
687,689,0.0,1.0,1
603,645,1.0,0.0,0
288,327,0.8660254037844389,-0.4999999999999998,0
694,696,0.0,-1.0,1
182,183,-0.8660254037844386,0.5000000000000001,0
461,466,0.8660254037844384,0.5000000000000006,1
463,505,1.0,0.0,1
326,368,1.0,0.0,1
552,597,0.4999999999999995,0.8660254037844389,1
548,550,0.0,-1.0,0
228,271,0.8660254037844389,0.4999999999999998,0
829,831,0.0,1.0,1
388,431,0.8660254037844384,0.5000000000000006,0
800,802,0.0,-1.0,0
632,675,0.8660254037844384,0.5000000000000006,0
102,103,-0.8660254037844386,0.5000000000000001,0
128,131,-0.4999999999999999,0.8660254037844387,0
106,108,0.0,-1.0,1
770,813,0.8660254037844384,0.5000000000000006,1
162,201,0.8660254037844389,-0.4999999999999998,0
454,455,-0.8660254037844384,0.5000000000000006,1
79,123,0.8660254037844386,0.4999999999999999,1
28,33,0.0,1.0,1
737,739,0.0,1.0,1
281,284,0.8660254037844389,0.4999999999999998,0
473,515,1.0,0.0,0
873,876,0.8660254037844393,0.499999999999999,0
500,501,-0.8660254037844384,0.5000000000000006,1
572,615,0.8660254037844384,0.5000000000000006,1
179,181,0.0,1.0,1
366,408,1.0,0.0,1
233,235,0.0,1.0,0
128,130,0.0,-1.0,0
577,578,0.4999999999999995,-0.8660254037844389,1
644,687,0.8660254037844384,0.5000000000000006,1
406,443,0.4999999999999995,-0.8660254037844389,0
450,491,0.4999999999999995,-0.8660254037844389,1
39,102,1.0,0.0,1
32,35,0.0,1.0,1
812,814,0.0,-1.0,0
618,661,0.8660254037844393,0.499999999999999,1
831,834,0.8660254037844393,0.499999999999999,0
357,360,0.8660254037844389,0.4999999999999998,1
846,847,-0.8660254037844393,0.499999999999999,1
292,329,0.5000000000000002,-0.8660254037844385,1
377,382,0.8660254037844389,0.4999999999999998,0
401,403,0.0,1.0,0
193,196,0.8660254037844386,0.5000000000000001,1
839,840,-0.500000000000001,-0.866025403784438,0
734,775,0.500000000000001,0.866025403784438,1
749,791,1.0,0.0,1
569,571,0.0,1.0,1
453,454,0.4999999999999995,0.8660254037844389,1
706,707,-0.8660254037844384,0.5000000000000006,0
567,570,0.8660254037844384,0.5000000000000006,1
265,266,0.5000000000000002,0.8660254037844385,0
254,255,-0.8660254037844389,0.4999999999999998,1
148,191,0.8660254037844389,0.4999999999999998,0
775,777,0.0,1.0,0
137,179,1.0,0.0,0
531,533,0.0,1.0,1
392,434,1.0,0.0,0
304,307,-0.5000000000000002,0.8660254037844385,0
168,169,0.8660254037844386,0.5000000000000001,1
413,414,0.5000000000000002,-0.8660254037844385,0
454,497,0.8660254037844384,0.5000000000000006,1
601,602,0.4999999999999995,0.8660254037844389,0
551,554,0.8660254037844384,0.5000000000000006,0
797,800,0.500000000000001,0.866025403784438,0
362,407,0.4999999999999995,0.8660254037844389,1
541,542,0.4999999999999995,0.8660254037844389,1
12,17,0.0,1.0,0
282,283,-0.8660254037844389,0.4999999999999998,1
590,592,0.0,-1.0,1
200,239,0.8660254037844386,-0.5000000000000001,1
133,138,0.4999999999999999,0.8660254037844387,1
673,676,0.4999999999999995,0.8660254037844389,0
596,638,1.0,0.0,0
244,246,0.0,-1.0,0
42,101,0.8660254037844386,-0.4999999999999999,1
243,244,0.4999999999999999,0.8660254037844387,0
383,386,0.8660254037844389,0.4999999999999998,1
622,624,0.0,-1.0,1
322,363,0.4999999999999995,0.8660254037844389,1
368,405,0.4999999999999995,-0.8660254037844389,1
611,612,0.4999999999999995,-0.8660254037844389,1
706,709,-0.4999999999999995,0.8660254037844389,0
20,25,0.0,1.0,0
155,156,0.4999999999999999,0.8660254037844387,0
240,283,0.8660254037844389,0.4999999999999998,1
583,586,0.8660254037844384,0.5000000000000006,0
710,711,-0.8660254037844384,0.5000000000000006,1
13,14,0.0,-1.0,0
576,578,0.0,-1.0,0
437,438,0.4999999999999995,0.8660254037844389,0
211,252,0.8660254037844386,-0.5000000000000001,1
388,390,0.0,-1.0,0
188,225,0.4999999999999999,-0.8660254037844387,1
380,382,0.0,-1.0,0
600,639,0.8660254037844393,-0.499999999999999,0
346,389,0.8660254037844384,0.5000000000000006,1
862,863,-0.8660254037844393,0.499999999999999,1
809,811,0.0,1.0,0
388,430,1.0,0.0,1
507,508,0.4999999999999995,-0.8660254037844389,1
139,181,1.0,0.0,1
750,792,1.0,0.0,1
484,487,-0.4999999999999995,0.8660254037844389,1
7,87,0.8660254037844386,0.4999999999999999,0
393,398,0.5000000000000002,0.8660254037844385,0
606,649,0.8660254037844393,0.499999999999999,1
655,658,0.8660254037844384,0.5000000000000006,1
349,391,1.0,0.0,0
825,827,0.0,1.0,1
564,566,0.0,-1.0,0
16,91,1.0,0.0,0
632,677,0.4999999999999995,0.8660254037844389,0
522,567,0.500000000000001,0.866025403784438,0
500,502,0.0,-1.0,1
308,351,0.8660254037844384,0.5000000000000006,1
442,485,0.8660254037844384,0.5000000000000006,1
256,297,0.5000000000000002,0.8660254037844385,0
260,297,0.5000000000000002,-0.8660254037844385,1
767,769,0.0,1.0,0
379,420,0.8660254037844384,-0.5000000000000006,0
685,686,0.4999999999999995,0.8660254037844389,1
270,271,-0.8660254037844389,0.4999999999999998,0
614,615,-0.8660254037844384,0.5000000000000006,1
651,693,1.0,0.0,0
567,609,1.0,0.0,1
271,276,0.5000000000000002,0.8660254037844385,0
724,767,0.8660254037844393,0.499999999999999,1
105,147,1.0,0.0,0
72,75,0.0,1.0,0
178,221,0.8660254037844386,0.5000000000000001,1
762,803,0.4999999999999995,-0.8660254037844389,1
648,649,-0.8660254037844384,0.5000000000000006,0
640,685,0.4999999999999995,0.8660254037844389,0
232,234,0.0,-1.0,1
254,297,0.8660254037844389,0.4999999999999998,1
450,451,-0.8660254037844384,0.5000000000000006,1
244,287,0.8660254037844389,0.4999999999999998,1
614,655,0.500000000000001,-0.866025403784438,0
446,487,0.4999999999999995,-0.8660254037844389,0
762,805,0.8660254037844384,0.5000000000000006,1
34,95,0.5000000000000001,-0.8660254037844386,0
488,490,0.0,-1.0,0
426,429,-0.4999999999999995,0.8660254037844389,1
704,745,0.500000000000001,0.866025403784438,0
637,639,0.0,1.0,0
228,229,-0.8660254037844386,0.5000000000000001,1
752,794,1.0,0.0,0
518,520,0.0,-1.0,1
824,825,-0.8660254037844393,0.499999999999999,1
34,100,1.0,0.0,1
517,520,0.8660254037844384,0.5000000000000006,1
261,262,0.5000000000000002,0.8660254037844385,0
486,523,0.500000000000001,-0.866025403784438,1
1,2,-0.8660254037844387,0.5000000000000001,1
307,310,0.8660254037844389,0.4999999999999998,0
109,112,0.8660254037844386,0.5000000000000001,1
174,176,0.0,-1.0,1
577,579,0.0,1.0,0
449,491,1.0,0.0,0
16,17,-0.8660254037844387,-0.5000000000000001,1
798,799,0.8660254037844384,0.5000000000000006,1
199,241,1.0,0.0,1
255,257,0.0,1.0,1
320,363,0.8660254037844384,0.5000000000000006,1
434,475,0.4999999999999995,-0.8660254037844389,1
593,596,0.8660254037844384,0.5000000000000006,1
146,185,0.8660254037844389,-0.4999999999999998,1
24,34,0.5,0.8660254037844387,1
714,715,0.8660254037844384,0.5000000000000006,0
538,539,-0.8660254037844384,0.5000000000000006,1
335,336,-0.5000000000000002,-0.8660254037844385,1
576,619,0.8660254037844384,0.5000000000000006,1
147,189,1.0,0.0,0
109,151,1.0,0.0,1
664,666,0.0,-1.0,1
27,34,0.8660254037844387,0.5000000000000001,1
736,737,-0.8660254037844384,0.5000000000000006,0
342,344,0.0,-1.0,1
580,622,1.0,0.0,0
189,192,0.8660254037844386,0.5000000000000001,0
797,802,0.8660254037844393,0.499999999999999,0
548,549,-0.8660254037844384,0.5000000000000006,0
645,646,0.4999999999999995,-0.8660254037844389,1
516,553,0.500000000000001,-0.866025403784438,0
849,852,0.8660254037844393,0.499999999999999,0
400,402,0.0,-1.0,0
494,536,1.0,0.0,0
748,750,0.0,-1.0,1
365,366,0.5000000000000002,0.8660254037844385,1
472,474,0.0,-1.0,0
183,185,0.0,1.0,0
842,844,0.0,-1.0,0
594,596,0.0,-1.0,0
306,345,0.8660254037844384,-0.5000000000000006,0
463,504,0.8660254037844393,-0.499999999999999,0
728,729,-0.8660254037844384,0.5000000000000006,1
726,767,0.500000000000001,0.866025403784438,0
785,827,1.0,0.0,0
278,321,0.8660254037844389,0.4999999999999998,0
695,696,0.4999999999999995,-0.8660254037844389,1
289,331,1.0,0.0,1
411,414,0.8660254037844389,0.4999999999999998,1
475,478,0.8660254037844384,0.5000000000000006,1
43,47,0.5,0.8660254037844387,0
380,423,0.8660254037844384,0.5000000000000006,1
196,233,0.4999999999999999,-0.8660254037844387,1
79,81,-1.0,0.0,0
114,156,1.0,0.0,1
610,613,-0.4999999999999995,0.8660254037844389,0
72,82,0.5,0.8660254037844387,1
649,650,0.4999999999999995,-0.8660254037844389,1
641,642,0.4999999999999995,-0.8660254037844389,1
729,731,0.0,1.0,0
835,838,0.8660254037844393,0.499999999999999,0
227,230,0.8660254037844386,0.5000000000000001,0
156,157,-0.8660254037844386,0.5000000000000001,0
55,58,0.0,-1.0,1
748,789,0.500000000000001,-0.866025403784438,0
469,511,1.0,0.0,1
220,221,-0.8660254037844386,0.5000000000000001,0
153,158,0.4999999999999999,0.8660254037844387,0
573,575,0.0,1.0,0
701,704,0.8660254037844384,0.5000000000000006,1
780,819,0.8660254037844384,-0.5000000000000006,0
11,12,-0.8660254037844387,0.5000000000000001,0
474,513,0.8660254037844393,-0.499999999999999,0
184,225,0.4999999999999999,0.8660254037844387,1
286,289,-0.5000000000000002,0.8660254037844385,0
800,839,0.500000000000001,-0.866025403784438,1
592,629,0.8660254037844393,-0.499999999999999,0
132,175,0.8660254037844389,0.4999999999999998,1
788,827,0.8660254037844384,-0.5000000000000006,0
40,46,-1.0,0.0,0
552,593,0.4999999999999995,-0.8660254037844389,0
344,383,0.8660254037844384,-0.5000000000000006,0
52,56,0.5,0.8660254037844387,1
626,667,0.500000000000001,-0.866025403784438,1
93,96,0.8660254037844386,0.5000000000000001,0
486,525,0.8660254037844393,-0.499999999999999,1
207,208,0.4999999999999999,-0.8660254037844387,1
277,280,0.8660254037844389,0.4999999999999998,1
665,667,0.0,1.0,0
845,846,0.500000000000001,0.866025403784438,0
629,672,0.4999999999999995,-0.8660254037844389,0
203,205,0.0,1.0,0
384,385,-0.8660254037844389,0.4999999999999998,0
176,218,1.0,0.0,1
843,845,0.0,1.0,0
180,221,0.4999999999999999,0.8660254037844387,0
293,296,0.5000000000000002,0.8660254037844385,0
781,782,0.4999999999999995,0.8660254037844389,1
804,849,0.500000000000001,0.866025403784438,0
450,453,-0.4999999999999995,0.8660254037844389,0
584,586,0.0,-1.0,0
646,687,0.4999999999999995,0.8660254037844389,1
329,334,0.5000000000000002,0.8660254037844385,0
31,99,0.8660254037844386,0.4999999999999999,0
262,263,-0.8660254037844389,0.4999999999999998,1
498,537,0.8660254037844393,-0.499999999999999,0
767,768,0.4999999999999995,-0.8660254037844389,1
672,673,0.8660254037844384,0.5000000000000006,1
56,59,0.0,1.0,1
737,779,1.0,0.0,1
636,677,0.4999999999999995,-0.8660254037844389,1
155,197,1.0,0.0,0
695,697,0.0,1.0,1
160,162,0.0,-1.0,0
216,259,0.8660254037844389,0.4999999999999998,1
24,30,-1.0,0.0,1
67,71,0.5,0.8660254037844387,0
223,226,0.8660254037844386,0.5000000000000001,0
653,658,0.4999999999999995,0.8660254037844389,0
464,465,-0.8660254037844384,0.5000000000000006,1
483,486,0.8660254037844384,0.5000000000000006,1
15,91,0.8660254037844386,0.4999999999999999,1
732,734,0.0,-1.0,1
825,867,1.0,0.0,1
674,719,0.500000000000001,0.866025403784438,0
408,411,-0.5000000000000002,0.8660254037844385,1
140,142,0.0,-1.0,1
396,399,-0.5000000000000002,0.8660254037844385,0
29,30,0.0,-1.0,1
606,608,0.0,-1.0,1
662,701,0.8660254037844384,-0.5000000000000006,1
559,601,1.0,0.0,0
130,167,0.8660254037844389,-0.4999999999999998,0
683,685,0.0,1.0,0
473,475,0.0,1.0,1
92,129,0.4999999999999999,-0.8660254037844387,0
36,41,0.0,1.0,0
403,404,0.5000000000000002,0.8660254037844385,1
350,393,0.8660254037844384,0.5000000000000006,0
522,565,0.8660254037844393,0.499999999999999,0
118,121,-0.4999999999999999,0.8660254037844387,0
289,292,0.8660254037844389,0.4999999999999998,1
606,651,0.500000000000001,0.866025403784438,1
386,428,1.0,0.0,0
358,399,0.4999999999999995,-0.8660254037844389,0
505,546,0.8660254037844393,-0.499999999999999,1
192,231,0.8660254037844386,-0.5000000000000001,0
810,851,0.500000000000001,0.866025403784438,0
91,96,0.4999999999999999,0.8660254037844387,0
201,204,0.8660254037844386,0.5000000000000001,0
667,670,0.8660254037844384,0.5000000000000006,0
367,369,0.0,1.0,0
145,147,0.0,1.0,1
197,239,1.0,0.0,0
79,122,1.0,0.0,0
363,405,1.0,0.0,1
232,274,1.0,0.0,0
460,499,0.8660254037844384,-0.5000000000000006,1
422,425,-0.4999999999999995,0.8660254037844389,0
585,586,0.4999999999999995,-0.8660254037844389,0
660,663,-0.4999999999999995,0.8660254037844389,1
40,42,0.5,-0.8660254037844387,1
83,85,0.0,-1.0,0
122,165,0.8660254037844386,0.5000000000000001,1
509,512,0.8660254037844384,0.5000000000000006,1
646,683,0.4999999999999995,-0.8660254037844389,0
807,810,0.8660254037844393,0.499999999999999,0
381,382,0.5000000000000002,-0.8660254037844385,1
650,692,1.0,0.0,0
438,440,0.0,-1.0,0
531,532,0.4999999999999995,-0.8660254037844389,1
423,465,1.0,0.0,0
297,302,0.5000000000000002,0.8660254037844385,1
279,321,1.0,0.0,1
270,312,1.0,0.0,0
197,200,0.8660254037844386,0.5000000000000001,1
256,298,1.0,0.0,1
485,527,1.0,0.0,0
562,601,0.8660254037844384,-0.5000000000000006,1
279,284,0.5000000000000002,0.8660254037844385,0
556,597,0.4999999999999995,-0.8660254037844389,1
449,452,0.8660254037844384,0.5000000000000006,1
480,482,0.0,-1.0,0
648,650,0.0,-1.0,0
648,691,0.8660254037844384,0.5000000000000006,1
679,680,0.4999999999999995,-0.8660254037844389,0
804,806,0.0,-1.0,1
271,273,0.0,1.0,0
377,380,0.5000000000000002,0.8660254037844385,1
572,575,-0.4999999999999995,0.8660254037844389,0
164,165,-0.8660254037844386,0.5000000000000001,1
298,339,0.4999999999999995,0.8660254037844389,0
590,629,0.500000000000001,-0.866025403784438,0
677,680,0.8660254037844384,0.5000000000000006,1
402,441,0.8660254037844384,-0.5000000000000006,0
878,879,-0.8660254037844393,0.499999999999999,0
31,32,-0.8660254037844387,0.5000000000000001,1
511,513,0.0,1.0,0
820,822,0.0,-1.0,0
309,314,0.5000000000000002,0.8660254037844385,0
789,792,0.8660254037844384,0.5000000000000006,0
606,647,0.500000000000001,-0.866025403784438,1
76,81,0.0,1.0,1
592,633,0.500000000000001,0.866025403784438,1
352,393,0.4999999999999995,0.8660254037844389,1
702,704,0.0,-1.0,1
682,725,0.8660254037844393,0.499999999999999,0
180,222,1.0,0.0,0
165,166,0.4999999999999999,-0.8660254037844387,0
71,72,-0.8660254037844387,0.5000000000000001,1
182,225,0.8660254037844386,0.5000000000000001,1
527,532,0.4999999999999995,0.8660254037844389,0
40,41,-0.8660254037844387,-0.5000000000000001,0
846,848,0.0,-1.0,1
164,207,0.8660254037844389,0.4999999999999998,1
743,746,0.8660254037844384,0.5000000000000006,1
613,616,0.8660254037844384,0.5000000000000006,1
514,516,0.0,-1.0,0
582,624,1.0,0.0,1
740,785,0.500000000000001,0.866025403784438,0
817,859,1.0,0.0,0
812,815,-0.500000000000001,0.866025403784438,0
790,833,0.8660254037844384,0.5000000000000006,0
304,349,0.4999999999999995,0.8660254037844389,1
384,427,0.8660254037844384,0.5000000000000006,0
482,519,0.500000000000001,-0.866025403784438,0
48,51,0.0,1.0,1
347,349,0.0,1.0,0
27,97,1.0,0.0,0
629,634,0.8660254037844384,0.5000000000000006,0
721,723,0.0,1.0,1
148,151,-0.4999999999999999,0.8660254037844387,0
543,544,0.4999999999999995,-0.8660254037844389,0
550,587,0.8660254037844384,-0.5000000000000006,1
826,865,0.8660254037844393,-0.499999999999999,1
756,757,0.8660254037844384,0.5000000000000006,0
775,817,1.0,0.0,0
128,173,0.5000000000000002,0.8660254037844385,0
466,508,1.0,0.0,0
299,302,0.8660254037844389,0.4999999999999998,0
398,435,0.4999999999999995,-0.8660254037844389,1
283,325,1.0,0.0,1
425,428,0.8660254037844384,0.5000000000000006,0
703,704,0.4999999999999995,-0.8660254037844389,1
713,714,-0.4999999999999995,-0.8660254037844389,1
121,122,0.4999999999999999,0.8660254037844387,0
700,739,0.8660254037844393,-0.499999999999999,0
589,592,0.4999999999999995,0.8660254037844389,0
558,595,0.4999999999999995,-0.8660254037844389,0
786,831,0.4999999999999995,0.8660254037844389,0
694,695,-0.8660254037844384,0.5000000000000006,0
685,688,0.8660254037844384,0.5000000000000006,0
39,103,0.8660254037844386,0.4999999999999999,0
9,13,-0.5,0.8660254037844387,0
259,301,1.0,0.0,0
442,484,1.0,0.0,1
325,326,0.5000000000000002,-0.8660254037844385,0
426,427,-0.8660254037844384,0.5000000000000006,1
35,36,-0.8660254037844387,0.5000000000000001,1
414,451,0.4999999999999995,-0.8660254037844389,1
356,395,0.8660254037844384,-0.5000000000000006,1
316,359,0.8660254037844384,0.5000000000000006,0
177,178,0.4999999999999999,0.8660254037844387,1
160,205,0.5000000000000002,0.8660254037844385,1
392,435,0.8660254037844384,0.5000000000000006,1
707,709,0.0,1.0,0
781,784,0.8660254037844384,0.5000000000000006,0
429,432,0.8660254037844384,0.5000000000000006,0
48,49,-0.8660254037844387,-0.5000000000000001,0
7,83,0.5000000000000001,-0.8660254037844386,1
640,683,0.8660254037844384,0.5000000000000006,0
774,815,0.4999999999999995,-0.8660254037844389,0
822,859,0.500000000000001,-0.866025403784438,0
771,776,0.4999999999999995,0.8660254037844389,1
394,433,0.8660254037844384,-0.5000000000000006,1
796,835,0.8660254037844384,-0.5000000000000006,1
101,104,0.8660254037844386,0.5000000000000001,1
722,764,1.0,0.0,1
170,172,0.0,-1.0,1
159,162,0.8660254037844386,0.5000000000000001,1
441,444,0.8660254037844384,0.5000000000000006,0
828,830,0.0,-1.0,0
412,414,0.0,-1.0,0
867,869,0.0,1.0,0
870,871,-0.8660254037844393,0.499999999999999,1
138,177,0.8660254037844389,-0.4999999999999998,1
408,451,0.8660254037844384,0.5000000000000006,1
568,570,0.0,-1.0,1
434,437,-0.4999999999999995,0.8660254037844389,0
387,429,1.0,0.0,1
464,506,1.0,0.0,0
727,769,1.0,0.0,0
155,158,0.8660254037844386,0.5000000000000001,0
254,293,0.5000000000000002,-0.8660254037844385,0
174,216,1.0,0.0,1
784,826,1.0,0.0,1
854,856,0.0,-1.0,0
696,738,1.0,0.0,1
99,100,0.4999999999999999,-0.8660254037844387,1
50,105,0.8660254037844386,-0.4999999999999999,1
418,459,0.4999999999999995,0.8660254037844389,0
652,694,1.0,0.0,0
227,228,0.4999999999999999,0.8660254037844387,1
32,99,1.0,0.0,0
675,676,0.4999999999999995,-0.8660254037844389,0
409,414,0.5000000000000002,0.8660254037844385,0
194,196,0.0,-1.0,0
144,145,-0.8660254037844386,0.5000000000000001,0
748,749,-0.8660254037844384,0.5000000000000006,0
47,107,0.8660254037844386,0.4999999999999999,1
282,327,0.5000000000000002,0.8660254037844385,0
427,469,1.0,0.0,0
494,531,0.500000000000001,-0.866025403784438,1
96,135,0.8660254037844386,-0.5000000000000001,0
328,371,0.8660254037844384,0.5000000000000006,1
614,657,0.8660254037844393,0.499999999999999,1
102,147,0.4999999999999999,0.8660254037844387,0
745,787,1.0,0.0,1
671,714,0.500000000000001,-0.866025403784438,1
60,65,0.0,1.0,1
651,652,0.4999999999999995,0.8660254037844389,0
573,574,0.4999999999999995,-0.8660254037844389,0
760,797,0.8660254037844384,-0.5000000000000006,1
646,685,0.8660254037844384,-0.5000000000000006,0
453,456,0.8660254037844384,0.5000000000000006,0
698,699,-0.8660254037844384,0.5000000000000006,0
110,155,0.4999999999999999,0.8660254037844387,1
663,705,1.0,0.0,0
164,166,0.0,-1.0,0
795,796,0.4999999999999995,-0.8660254037844389,1
376,415,0.8660254037844384,-0.5000000000000006,0
441,483,1.0,0.0,0
116,153,0.4999999999999999,-0.8660254037844387,0
629,631,0.0,-1.0,0
830,869,0.8660254037844393,-0.499999999999999,0
404,405,-0.8660254037844389,0.4999999999999998,1
133,175,1.0,0.0,0
468,470,0.0,-1.0,0
