799,804,0.8660254037844393,0.499999999999999,1
1,6,0.8660254037844387,0.5000000000000001,0
550,593,0.8660254037844393,0.499999999999999,0
30,69,0.8660254037844386,-0.4999999999999999,0
570,571,-0.8660254037844384,0.5000000000000006,1
74,75,-0.8660254037844386,0.5000000000000001,0
616,659,0.8660254037844384,0.5000000000000006,1
410,411,-0.8660254037844384,0.5000000000000006,0
88,131,0.8660254037844389,0.4999999999999998,0
108,109,-0.8660254037844386,0.5000000000000001,0
399,401,0.0,1.0,0
444,445,-0.8660254037844384,0.5000000000000006,0
154,197,0.8660254037844386,0.5000000000000001,1
433,435,0.0,1.0,0
768,770,0.0,-1.0,1
734,777,0.8660254037844384,0.5000000000000006,0
229,232,0.8660254037844389,0.4999999999999998,0
208,209,-0.8660254037844386,0.5000000000000001,0
258,295,0.8660254037844384,-0.5000000000000006,1
802,804,0.0,-1.0,0
834,836,0.0,-1.0,1
306,308,0.0,-1.0,0
272,315,0.8660254037844384,0.5000000000000006,0
565,568,0.8660254037844384,0.5000000000000006,0
791,794,0.8660254037844393,0.499999999999999,0
4,6,0.0,-1.0,1
835,837,0.0,1.0,1
294,333,0.8660254037844384,-0.5000000000000006,1
594,631,0.8660254037844384,-0.5000000000000006,0
37,39,0.0,1.0,0
630,669,0.8660254037844384,-0.5000000000000006,0
70,72,0.0,-1.0,1
642,643,-0.8660254037844384,0.5000000000000006,1
328,367,0.8660254037844384,-0.5000000000000006,0
329,332,0.8660254037844389,0.4999999999999998,0
340,341,-0.8660254037844389,0.4999999999999998,1
373,375,0.0,1.0,1
37,834,0.9998904409747467,-0.014802231160433426,0
682,721,0.8660254037844393,-0.499999999999999,1
406,408,0.0,-1.0,0
664,703,0.8660254037844393,-0.499999999999999,0
676,677,-0.8660254037844384,0.5000000000000006,0
386,429,0.8660254037844384,0.5000000000000006,1
180,181,-0.8660254037844386,0.5000000000000001,0
169,171,0.0,-1.0,1
748,787,0.8660254037844384,-0.5000000000000006,1
440,442,0.0,-1.0,1
202,241,0.8660254037844389,-0.4999999999999998,1
214,215,-0.8660254037844389,0.4999999999999998,0
505,507,0.0,-1.0,1
280,281,-0.8660254037844389,0.4999999999999998,1
269,271,0.0,1.0,0
570,613,0.8660254037844393,0.499999999999999,1
314,315,-0.8660254037844389,0.4999999999999998,0
24,67,0.8660254037844386,0.4999999999999999,0
65,68,0.8660254037844386,0.5000000000000001,0
605,607,0.0,1.0,1
44,45,0.8660254037844386,0.4999999999999999,1
303,305,0.0,1.0,0
638,640,0.0,-1.0,1
360,403,0.8660254037844384,0.5000000000000006,0
401,404,0.8660254037844384,0.5000000000000006,1
380,381,0.8660254037844389,0.4999999999999998,1
98,137,0.8660254037844389,-0.4999999999999998,1
143,145,0.0,1.0,0
704,706,0.0,-1.0,0
176,178,0.0,-1.0,1
464,465,0.8660254037844384,0.5000000000000006,0
670,713,0.8660254037844393,0.499999999999999,1
434,473,0.8660254037844393,-0.499999999999999,0
142,185,0.8660254037844386,0.5000000000000001,1
435,438,0.8660254037844384,0.5000000000000006,0
705,707,0.0,1.0,1
165,168,0.8660254037844386,0.5000000000000001,0
177,179,0.0,1.0,0
738,740,0.0,-1.0,0
770,809,0.8660254037844393,-0.499999999999999,0
169,174,0.8660254037844386,0.5000000000000001,1
242,244,0.0,-1.0,0
500,539,0.8660254037844393,-0.499999999999999,1
208,251,0.8660254037844389,0.4999999999999998,0
501,504,0.8660254037844384,0.5000000000000006,0
512,513,-0.8660254037844384,0.5000000000000006,1
243,245,0.0,1.0,1
253,258,0.8660254037844389,0.4999999999999998,1
544,587,0.8660254037844384,0.5000000000000006,0
276,278,0.0,-1.0,0
535,538,0.8660254037844384,0.5000000000000006,0
38,77,0.8660254037844386,-0.4999999999999999,0
39,42,0.8660254037844387,0.5000000000000001,1
578,579,-0.8660254037844384,0.5000000000000006,0
50,51,-0.8660254037844386,0.5000000000000001,1
341,343,0.0,1.0,1
589,594,0.8660254037844384,0.5000000000000006,1
618,657,0.8660254037844384,-0.5000000000000006,0
43,48,0.8660254037844386,0.5000000000000001,1
40,42,0.0,-1.0,0
31,832,0.9998904409747467,0.014802231160433426,1
676,719,0.8660254037844393,0.499999999999999,1
696,697,-0.8660254037844384,0.5000000000000006,0
150,151,-0.8660254037844386,0.5000000000000001,1
441,443,0.0,1.0,1
474,476,0.0,-1.0,1
486,487,-0.8660254037844384,0.5000000000000006,0
777,779,0.0,1.0,1
762,799,0.8660254037844393,-0.499999999999999,1
475,477,0.0,1.0,0
810,812,0.0,-1.0,1
508,510,0.0,-1.0,0
12,14,0.0,-1.0,1
270,309,0.8660254037844384,-0.5000000000000006,0
271,274,0.8660254037844389,0.4999999999999998,1
541,543,0.0,1.0,0
13,15,0.0,1.0,0
592,594,0.0,-1.0,0
314,357,0.8660254037844384,0.5000000000000006,0
46,48,0.0,-1.0,1
52,91,0.8660254037844386,-0.5000000000000001,0
305,308,0.8660254037844389,0.4999999999999998,0
636,673,0.8660254037844393,-0.499999999999999,1
79,81,0.0,1.0,1
348,391,0.8660254037844384,0.5000000000000006,0
388,427,0.8660254037844384,-0.5000000000000006,0
78,121,0.8660254037844386,0.5000000000000001,1
371,374,0.8660254037844389,0.4999999999999998,0
382,383,-0.8660254037844384,0.5000000000000006,1
415,417,0.0,1.0,1
724,763,0.8660254037844384,-0.5000000000000006,0
448,450,0.0,-1.0,1
414,457,0.8660254037844384,0.5000000000000006,1
454,493,0.8660254037844393,-0.499999999999999,1
707,710,0.8660254037844384,0.5000000000000006,0
466,467,-0.8660254037844384,0.5000000000000006,0
211,213,0.0,-1.0,0
790,829,0.8660254037844393,-0.499999999999999,0
784,785,-0.8660254037844393,0.499999999999999,0
311,313,0.0,1.0,1
612,655,0.8660254037844384,0.5000000000000006,0
647,649,0.0,1.0,0
107,110,0.8660254037844386,0.5000000000000001,1
86,87,0.8660254037844386,0.5000000000000001,1
680,682,0.0,-1.0,1
646,689,0.8660254037844393,0.499999999999999,0
440,441,-0.8660254037844384,0.5000000000000006,0
150,193,0.8660254037844386,0.5000000000000001,1
443,446,0.8660254037844384,0.5000000000000006,0
140,179,0.8660254037844386,-0.5000000000000001,1
141,144,0.8660254037844386,0.5000000000000001,1
185,187,0.0,1.0,0
486,529,0.8660254037844393,0.499999999999999,1
465,506,0.8660254037844393,-0.499999999999999,0
218,220,0.0,-1.0,1
184,227,0.8660254037844389,0.4999999999999998,0
224,263,0.8660254037844389,-0.4999999999999998,0
477,480,0.8660254037844384,0.5000000000000006,0
207,210,0.8660254037844386,0.5000000000000001,1
528,530,0.0,-1.0,1
560,599,0.8660254037844393,-0.499999999999999,1
831,833,0.0,1.0,1
250,293,0.8660254037844389,0.4999999999999998,0
290,329,0.8660254037844384,-0.5000000000000006,0
543,546,0.8660254037844384,0.5000000000000006,1
33,35,0.0,1.0,1
295,300,0.8660254037844389,0.4999999999999998,1
586,629,0.8660254037844393,0.499999999999999,1
626,665,0.8660254037844384,-0.5000000000000006,1
284,327,0.8660254037844384,0.5000000000000006,0
324,363,0.8660254037844384,-0.5000000000000006,0
631,636,0.8660254037844384,0.5000000000000006,0
33,830,0.9998904409747467,-0.014802231160433426,0
402,404,0.0,-1.0,0
660,699,0.8660254037844393,-0.499999999999999,1
382,425,0.8660254037844384,0.5000000000000006,1
718,761,0.8660254037844384,0.5000000000000006,1
738,739,-0.8660254037844384,0.5000000000000006,1
192,193,-0.8660254037844386,0.5000000000000001,0
502,504,0.0,-1.0,1
772,773,-0.8660254037844393,0.499999999999999,0
784,827,0.8660254037844393,0.499999999999999,0
256,299,0.8660254037844384,0.5000000000000006,0
482,525,0.8660254037844393,0.499999999999999,0
276,277,-0.8660254037844389,0.4999999999999998,0
775,778,0.8660254037844393,0.499999999999999,1
265,267,0.0,1.0,0
310,311,-0.8660254037844389,0.4999999999999998,0
20,63,0.8660254037844386,0.4999999999999999,1
313,316,0.8660254037844389,0.4999999999999998,1
601,603,0.0,1.0,1
40,41,-0.8660254037844387,0.5000000000000001,1
583,585,0.0,1.0,1
342,379,0.8660254037844384,-0.5000000000000006,1
55,57,0.0,1.0,0
634,636,0.0,-1.0,0
616,618,0.0,-1.0,1
356,399,0.8660254037844384,0.5000000000000006,1
396,435,0.8660254037844384,-0.5000000000000006,0
88,90,0.0,-1.0,1
376,377,-0.8660254037844389,0.4999999999999998,0
54,97,0.8660254037844386,0.5000000000000001,1
94,133,0.8660254037844389,-0.4999999999999998,0
667,669,0.0,1.0,0
678,715,0.8660254037844393,-0.499999999999999,0
139,141,0.0,1.0,1
121,123,0.0,1.0,0
700,702,0.0,-1.0,0
732,771,0.8660254037844384,-0.5000000000000006,0
390,433,0.8660254037844384,0.5000000000000006,0
430,469,0.8660254037844393,-0.499999999999999,0
154,156,0.0,-1.0,1
120,163,0.8660254037844389,0.4999999999999998,0
413,416,0.8660254037844384,0.5000000000000006,1
701,703,0.0,1.0,1
734,736,0.0,-1.0,0
456,499,0.8660254037844393,0.499999999999999,0
497,500,0.8660254037844384,0.5000000000000006,0
496,535,0.8660254037844393,-0.499999999999999,0
508,509,-0.8660254037844384,0.5000000000000006,0
194,233,0.8660254037844389,-0.4999999999999998,0
239,241,0.0,1.0,1
272,274,0.0,-1.0,0
530,569,0.8660254037844384,-0.5000000000000006,1
34,73,0.8660254037844386,-0.4999999999999999,1
574,575,-0.8660254037844384,0.5000000000000006,0
46,47,-0.8660254037844386,0.5000000000000001,1
68,107,0.8660254037844386,-0.5000000000000001,0
608,609,-0.8660254037844384,0.5000000000000006,1
353,355,0.0,1.0,1
27,828,0.9998904409747467,0.014802231160433426,1
654,697,0.8660254037844393,0.499999999999999,1
448,449,-0.8660254037844384,0.5000000000000006,1
386,388,0.0,-1.0,0
146,147,-0.8660254037844386,0.5000000000000001,0
437,439,0.0,1.0,0
470,472,0.0,-1.0,1
688,731,0.8660254037844393,0.499999999999999,0
729,732,0.8660254037844384,0.5000000000000006,0
192,235,0.8660254037844389,0.4999999999999998,1
773,775,0.0,1.0,1
171,212,0.8660254037844386,-0.5000000000000001,1
183,186,0.8660254037844386,0.5000000000000001,1
471,473,0.0,1.0,0
806,808,0.0,-1.0,1
772,815,0.8660254037844393,0.499999999999999,0
754,797,0.8660254037844384,0.5000000000000006,1
548,549,0.8660254037844384,0.5000000000000006,0
807,809,0.0,1.0,1
226,269,0.8660254037844389,0.4999999999999998,0
267,270,0.8660254037844389,0.4999999999999998,1
266,305,0.8660254037844384,-0.5000000000000006,1
519,522,0.8660254037844384,0.5000000000000006,1
537,539,0.0,1.0,0
9,11,0.0,1.0,0
603,606,0.8660254037844384,0.5000000000000006,1
582,583,-0.8660254037844384,0.5000000000000006,1
292,335,0.8660254037844384,0.5000000000000006,0
332,371,0.8660254037844384,-0.5000000000000006,1
585,588,0.8660254037844384,0.5000000000000006,0
75,77,0.0,1.0,1
41,838,0.9998904409747467,-0.014802231160433426,1
628,671,0.8660254037844384,0.5000000000000006,1
669,672,0.8660254037844384,0.5000000000000006,0
668,707,0.8660254037844393,-0.499999999999999,1
108,110,0.0,-1.0,0
680,681,-0.8660254037844384,0.5000000000000006,0
366,405,0.8660254037844384,-0.5000000000000006,0
367,370,0.8660254037844389,0.4999999999999998,1
673,678,0.8660254037844384,0.5000000000000006,1
35,836,0.9998904409747467,0.014802231160433426,0
444,446,0.0,-1.0,0
670,672,0.0,-1.0,0
702,741,0.8660254037844393,-0.499999999999999,0
703,706,0.8660254037844384,0.5000000000000006,1
424,467,0.8660254037844393,0.499999999999999,1
208,210,0.0,-1.0,0
780,781,-0.8660254037844393,0.499999999999999,1
478,479,-0.8660254037844384,0.5000000000000006,0
544,546,0.0,-1.0,0
318,319,-0.8660254037844389,0.4999999999999998,1
19,22,0.8660254037844387,0.5000000000000001,0
307,309,0.0,1.0,0
48,85,0.8660254037844386,-0.5000000000000001,0
340,342,0.0,-1.0,1
352,353,-0.8660254037844389,0.4999999999999998,0
599,602,0.8660254037844384,0.5000000000000006,1
62,105,0.8660254037844386,0.5000000000000001,0
643,645,0.0,1.0,1
82,83,-0.8660254037844386,0.5000000000000001,1
676,678,0.0,-1.0,1
398,441,0.8660254037844384,0.5000000000000006,0
418,419,-0.8660254037844384,0.5000000000000006,0
136,175,0.8660254037844386,-0.5000000000000001,1
137,140,0.8660254037844386,0.5000000000000001,0
677,679,0.0,1.0,1
468,505,0.8660254037844393,-0.499999999999999,1
181,183,0.0,1.0,0
407,409,0.0,1.0,0
708,751,0.8660254037844393,0.499999999999999,0
214,216,0.0,-1.0,1
472,511,0.8660254037844393,-0.499999999999999,0
162,205,0.8660254037844386,0.5000000000000001,0
743,745,0.0,1.0,1
247,249,0.0,1.0,0
776,778,0.0,-1.0,0
280,282,0.0,-1.0,1
538,577,0.8660254037844384,-0.5000000000000006,0
246,289,0.8660254037844389,0.4999999999999998,1
10,49,0.8660254037844386,-0.4999999999999999,1
550,551,-0.8660254037844384,0.5000000000000006,1
236,275,0.8660254037844389,-0.4999999999999998,0
281,283,0.0,1.0,0
582,625,0.8660254037844393,0.499999999999999,0
314,316,0.0,-1.0,1
76,115,0.8660254037844386,-0.5000000000000001,0
616,617,-0.8660254037844384,0.5000000000000006,1
88,89,-0.8660254037844386,0.5000000000000001,1
656,695,0.8660254037844393,-0.499999999999999,1
78,80,0.0,-1.0,1
650,651,-0.8660254037844384,0.5000000000000006,1
154,155,-0.8660254037844386,0.5000000000000001,0
414,416,0.0,-1.0,0
734,735,-0.8660254037844384,0.5000000000000006,1
716,717,0.8660254037844384,0.5000000000000006,1
188,189,-0.8660254037844386,0.5000000000000001,0
479,481,0.0,1.0,1
759,800,0.8660254037844393,-0.499999999999999,1
512,514,0.0,-1.0,1
771,774,0.8660254037844393,0.499999999999999,1
815,817,0.0,1.0,1
254,255,0.8660254037844389,0.4999999999999998,1
513,515,0.0,1.0,1
17,19,0.0,1.0,1
805,808,0.8660254037844393,0.499999999999999,1
837,840,0.8660254037844393,0.499999999999999,0
50,52,0.0,-1.0,0
297,338,0.8660254037844384,-0.5000000000000006,1
590,591,0.8660254037844384,0.5000000000000006,1
268,311,0.8660254037844384,0.5000000000000006,0
309,312,0.8660254037844389,0.4999999999999998,0
308,347,0.8660254037844384,-0.5000000000000006,1
288,289,-0.8660254037844389,0.4999999999999998,0
7,10,0.8660254037844387,0.5000000000000001,0
51,53,0.0,1.0,0
612,614,0.0,-1.0,0
352,395,0.8660254037844384,0.5000000000000006,1
386,387,-0.8660254037844384,0.5000000000000006,0
73,76,0.8660254037844386,0.5000000000000001,0
117,119,0.0,1.0,1
379,384,0.8660254037844384,0.5000000000000006,0
711,714,0.8660254037844384,0.5000000000000006,0
150,152,0.0,-1.0,0
408,447,0.8660254037844384,-0.5000000000000006,1
151,153,0.0,1.0,0
486,488,0.0,-1.0,1
712,714,0.0,-1.0,1
744,783,0.8660254037844384,-0.5000000000000006,1
250,252,0.0,-1.0,1
822,823,-0.8660254037844393,0.499999999999999,1
24,25,-0.8660254037844387,0.5000000000000001,1
315,317,0.0,1.0,1
586,588,0.0,-1.0,0
566,609,0.8660254037844393,0.499999999999999,0
360,361,-0.8660254037844389,0.4999999999999998,1
58,59,-0.8660254037844386,0.5000000000000001,1
650,693,0.8660254037844393,0.499999999999999,0
142,143,-0.8660254037844386,0.5000000000000001,0
685,687,0.0,1.0,1
145,148,0.8660254037844386,0.5000000000000001,1
124,125,-0.8660254037844386,0.5000000000000001,1
174,211,0.8660254037844389,-0.4999999999999998,1
718,720,0.0,-1.0,0
684,727,0.8660254037844393,0.499999999999999,1
481,484,0.8660254037844384,0.5000000000000006,1
460,461,-0.8660254037844384,0.5000000000000006,1
178,217,0.8660254037844389,-0.4999999999999998,0
751,753,0.0,1.0,1
510,547,0.8660254037844384,-0.5000000000000006,1
449,451,0.0,1.0,0
784,786,0.0,-1.0,1
750,793,0.8660254037844384,0.5000000000000006,0
256,258,0.0,-1.0,1
482,484,0.0,-1.0,0
514,553,0.8660254037844384,-0.5000000000000006,1
222,265,0.8660254037844389,0.4999999999999998,1
245,248,0.8660254037844389,0.4999999999999998,0
818,820,0.0,-1.0,0
598,637,0.8660254037844384,-0.5000000000000006,0
288,331,0.8660254037844384,0.5000000000000006,1
581,584,0.8660254037844384,0.5000000000000006,1
323,325,0.0,1.0,0
356,358,0.0,-1.0,1
322,365,0.8660254037844384,0.5000000000000006,1
362,401,0.8660254037844384,-0.5000000000000006,0
615,618,0.8660254037844384,0.5000000000000006,1
1,804,0.9998904409747467,0.014802231160433426,1
776,777,-0.8660254037844393,0.499999999999999,1
758,759,0.8660254037844384,0.5000000000000006,0
230,231,-0.8660254037844389,0.4999999999999998,1
521,523,0.0,1.0,0
219,221,0.0,1.0,0
813,816,0.8660254037844393,0.499999999999999,1
520,563,0.8660254037844384,0.5000000000000006,0
296,297,0.8660254037844389,0.4999999999999998,1
555,557,0.0,1.0,1
15,18,0.8660254037844387,0.5000000000000001,1
348,349,-0.8660254037844389,0.4999999999999998,0
351,354,0.8660254037844389,0.4999999999999998,1
49,52,0.8660254037844386,0.5000000000000001,0
621,623,0.0,1.0,1
81,84,0.8660254037844386,0.5000000000000001,1
93,95,0.0,1.0,0
654,656,0.0,-1.0,1
414,415,-0.8660254037844384,0.5000000000000006,1
92,135,0.8660254037844389,0.4999999999999998,0
385,388,0.8660254037844384,0.5000000000000006,1
124,167,0.8660254037844389,0.4999999999999998,1
115,118,0.8660254037844386,0.5000000000000001,1
198,237,0.8660254037844389,-0.4999999999999998,0
451,454,0.8660254037844384,0.5000000000000006,0
505,510,0.8660254037844384,0.5000000000000006,1
494,537,0.8660254037844393,0.499999999999999,0
534,573,0.8660254037844384,-0.5000000000000006,1
277,279,0.0,1.0,1
838,840,0.0,-1.0,0
310,312,0.0,-1.0,0
568,607,0.8660254037844393,-0.499999999999999,1
292,294,0.0,-1.0,1
72,111,0.8660254037844386,-0.5000000000000001,0
612,613,-0.8660254037844384,0.5000000000000006,1
376,378,0.0,-1.0,1
106,145,0.8660254037844389,-0.4999999999999998,0
646,647,-0.8660254037844384,0.5000000000000006,1
649,652,0.8660254037844384,0.5000000000000006,0
391,393,0.0,1.0,0
692,735,0.8660254037844393,0.499999999999999,0
712,713,-0.8660254037844384,0.5000000000000006,0
184,185,-0.8660254037844386,0.5000000000000001,1
166,167,-0.8660254037844386,0.5000000000000001,1
216,253,0.8660254037844389,-0.4999999999999998,0
766,805,0.8660254037844393,-0.499999999999999,1
726,769,0.8660254037844384,0.5000000000000006,1
767,770,0.8660254037844393,0.499999999999999,0
746,747,-0.8660254037844384,0.5000000000000006,1
811,813,0.0,1.0,1
230,273,0.8660254037844389,0.4999999999999998,0
250,251,-0.8660254037844389,0.4999999999999998,1
221,224,0.8660254037844389,0.4999999999999998,1
509,511,0.0,1.0,0
552,589,0.8660254037844393,-0.499999999999999,1
792,835,0.8660254037844393,0.499999999999999,0
586,587,-0.8660254037844384,0.5000000000000006,1
264,307,0.8660254037844384,0.5000000000000006,1
557,560,0.8660254037844384,0.5000000000000006,1
284,285,-0.8660254037844389,0.4999999999999998,1
575,577,0.0,1.0,0
47,49,0.0,1.0,0
13,810,0.9998904409747467,-0.014802231160433426,1
29,31,0.0,1.0,1
330,373,0.8660254037844384,0.5000000000000006,1
62,64,0.0,-1.0,0
39,840,0.9998904409747467,0.014802231160433426,1
706,745,0.8660254037844393,-0.499999999999999,0
398,400,0.0,-1.0,0
146,148,0.0,-1.0,0
718,719,-0.8660254037844384,0.5000000000000006,1
740,779,0.8660254037844384,-0.5000000000000006,1
438,477,0.8660254037844393,-0.499999999999999,0
482,483,-0.8660254037844384,0.5000000000000006,1
818,819,-0.8660254037844393,0.499999999999999,1
504,543,0.8660254037844393,-0.499999999999999,1
516,517,-0.8660254037844384,0.5000000000000006,0
507,548,0.8660254037844384,-0.5000000000000006,0
20,21,-0.8660254037844387,0.5000000000000001,1
582,584,0.0,-1.0,0
591,632,0.8660254037844384,-0.5000000000000006,0
562,605,0.8660254037844393,0.499999999999999,1
356,357,-0.8660254037844389,0.4999999999999998,1
42,81,0.8660254037844386,-0.4999999999999999,0
54,55,-0.8660254037844386,0.5000000000000001,0
45,86,0.8660254037844386,-0.5000000000000001,0
57,60,0.8660254037844386,0.5000000000000001,1
390,391,-0.8660254037844384,0.5000000000000006,1
637,640,0.8660254037844384,0.5000000000000006,1
422,423,0.8660254037844384,0.5000000000000006,0
100,143,0.8660254037844389,0.4999999999999998,0
681,683,0.0,1.0,1
411,413,0.0,1.0,0
135,137,0.0,1.0,1
476,515,0.8660254037844393,-0.499999999999999,1
662,705,0.8660254037844393,0.499999999999999,0
456,457,-0.8660254037844384,0.5000000000000006,0
134,177,0.8660254037844386,0.5000000000000001,0
175,178,0.8660254037844386,0.5000000000000001,1
747,749,0.0,1.0,1
157,160,0.8660254037844386,0.5000000000000001,1
445,447,0.0,1.0,1
780,782,0.0,-1.0,1
211,216,0.8660254037844389,0.4999999999999998,1
478,480,0.0,-1.0,1
200,243,0.8660254037844389,0.4999999999999998,1
241,244,0.8660254037844389,0.4999999999999998,1
240,279,0.8660254037844389,-0.4999999999999998,0
814,816,0.0,-1.0,0
536,579,0.8660254037844384,0.5000000000000006,0
577,580,0.8660254037844384,0.5000000000000006,0
576,615,0.8660254037844393,-0.499999999999999,1
274,313,0.8660254037844384,-0.5000000000000006,0
610,649,0.8660254037844384,-0.5000000000000006,0
114,153,0.8660254037844389,-0.4999999999999998,1
654,655,-0.8660254037844384,0.5000000000000006,1
720,757,0.8660254037844384,-0.5000000000000006,1
452,454,0.0,-1.0,1
754,755,-0.8660254037844384,0.5000000000000006,0
226,227,-0.8660254037844389,0.4999999999999998,1
215,217,0.0,1.0,0
550,552,0.0,-1.0,0
768,811,0.8660254037844393,0.499999999999999,0
809,812,0.8660254037844393,0.499999999999999,0
516,559,0.8660254037844384,0.5000000000000006,0
263,266,0.8660254037844389,0.4999999999999998,1
551,553,0.0,1.0,1
628,629,-0.8660254037844384,0.5000000000000006,0
306,349,0.8660254037844384,0.5000000000000006,1
347,350,0.8660254037844389,0.4999999999999998,1
346,385,0.8660254037844384,-0.5000000000000006,0
36,79,0.8660254037844386,0.4999999999999999,0
617,619,0.0,1.0,1
89,91,0.0,1.0,0
650,652,0.0,-1.0,1
372,415,0.8660254037844384,0.5000000000000006,0
424,425,-0.8660254037844384,0.5000000000000006,0
651,653,0.0,1.0,0
111,114,0.8660254037844386,0.5000000000000001,0
155,157,0.0,1.0,1
684,686,0.0,-1.0,0
749,752,0.8660254037844384,0.5000000000000006,1
188,190,0.0,-1.0,1
446,485,0.8660254037844393,-0.499999999999999,1
447,450,0.8660254037844384,0.5000000000000006,0
189,191,0.0,1.0,0
750,752,0.0,-1.0,0
782,821,0.8660254037844393,-0.499999999999999,1
490,533,0.8660254037844393,0.499999999999999,1
222,224,0.0,-1.0,0
288,290,0.0,-1.0,0
18,57,0.8660254037844386,-0.4999999999999999,1
558,559,-0.8660254037844384,0.5000000000000006,0
62,63,-0.8660254037844386,0.5000000000000001,1
604,647,0.8660254037844384,0.5000000000000006,0
645,648,0.8660254037844384,0.5000000000000006,0
84,123,0.8660254037844386,-0.5000000000000001,1
624,625,-0.8660254037844384,0.5000000000000006,1
96,97,-0.8660254037844386,0.5000000000000001,0
128,129,0.8660254037844386,0.5000000000000001,1
387,389,0.0,1.0,1
168,207,0.8660254037844386,-0.5000000000000001,0
679,682,0.8660254037844384,0.5000000000000006,1
723,725,0.0,1.0,0
162,163,-0.8660254037844386,0.5000000000000001,1
421,423,0.0,-1.0,0
453,455,0.0,1.0,1
722,765,0.8660254037844384,0.5000000000000006,0
498,499,-0.8660254037844384,0.5000000000000006,0
745,748,0.8660254037844384,0.5000000000000006,1
757,759,0.0,-1.0,1
789,791,0.0,1.0,1
487,489,0.0,1.0,0
822,824,0.0,-1.0,1
260,303,0.8660254037844384,0.5000000000000006,1
779,782,0.8660254037844393,0.499999999999999,1
24,26,0.0,-1.0,1
282,321,0.8660254037844384,-0.5000000000000006,1
327,329,0.0,1.0,0
25,27,0.0,1.0,0
360,362,0.0,-1.0,1
619,622,0.8660254037844384,0.5000000000000006,0
317,320,0.8660254037844389,0.4999999999999998,1
394,396,0.0,-1.0,0
400,439,0.8660254037844384,-0.5000000000000006,1
124,126,0.0,-1.0,0
736,775,0.8660254037844384,-0.5000000000000006,0
460,462,0.0,-1.0,1
158,160,0.0,-1.0,0
730,731,-0.8660254037844384,0.5000000000000006,1
223,225,0.0,1.0,1
494,496,0.0,-1.0,0
814,815,-0.8660254037844393,0.499999999999999,0
796,797,-0.8660254037844393,0.499999999999999,0
559,561,0.0,1.0,0
257,259,0.0,1.0,1
558,601,0.8660254037844393,0.499999999999999,1
334,335,-0.8660254037844389,0.4999999999999998,0
12,55,0.8660254037844386,0.4999999999999999,0
53,56,0.8660254037844386,0.5000000000000001,0
593,595,0.0,1.0,0
32,33,-0.8660254037844387,0.5000000000000001,1
592,635,0.8660254037844384,0.5000000000000006,1
624,667,0.8660254037844384,0.5000000000000006,0
96,139,0.8660254037844389,0.4999999999999998,0
389,392,0.8660254037844384,0.5000000000000006,0
659,661,0.0,1.0,0
119,122,0.8660254037844386,0.5000000000000001,0
692,694,0.0,-1.0,0
658,701,0.8660254037844393,0.499999999999999,1
452,453,-0.8660254037844384,0.5000000000000006,1
455,458,0.8660254037844384,0.5000000000000006,0
498,541,0.8660254037844393,0.499999999999999,0
230,232,0.0,-1.0,0
488,527,0.8660254037844393,-0.499999999999999,0
196,239,0.8660254037844389,0.4999999999999998,1
231,233,0.0,1.0,0
792,794,0.0,-1.0,1
532,575,0.8660254037844384,0.5000000000000006,1
572,611,0.8660254037844393,-0.499999999999999,0
264,266,0.0,-1.0,1
26,65,0.8660254037844386,-0.4999999999999999,0
566,567,-0.8660254037844384,0.5000000000000006,1
348,350,0.0,-1.0,0
606,645,0.8660254037844384,-0.5000000000000006,1
330,332,0.0,-1.0,1
336,375,0.8660254037844384,-0.5000000000000006,1
19,820,0.9998904409747467,0.014802231160433426,1
672,711,0.8660254037844393,-0.499999999999999,1
684,685,-0.8660254037844384,0.5000000000000006,0
675,716,0.8660254037844393,-0.499999999999999,0
687,690,0.8660254037844384,0.5000000000000006,0
138,139,-0.8660254037844386,0.5000000000000001,1
429,431,0.0,1.0,0
730,773,0.8660254037844384,0.5000000000000006,0
210,249,0.8660254037844389,-0.4999999999999998,1
750,751,-0.8660254037844384,0.5000000000000006,0
428,471,0.8660254037844393,0.499999999999999,1
721,724,0.8660254037844384,0.5000000000000006,1
225,228,0.8660254037844389,0.4999999999999998,0
204,205,-0.8660254037844386,0.5000000000000001,1
764,807,0.8660254037844393,0.499999999999999,0
796,839,0.8660254037844393,0.499999999999999,0
540,541,-0.8660254037844384,0.5000000000000006,0
259,262,0.8660254037844389,0.4999999999999998,0
547,549,0.0,-1.0,1
1,3,0.0,-1.0,1
528,571,0.8660254037844384,0.5000000000000006,1
322,323,-0.8660254037844389,0.4999999999999998,0
32,75,0.8660254037844386,0.4999999999999999,0
325,328,0.8660254037844389,0.4999999999999998,1
613,615,0.0,1.0,1
85,87,0.0,-1.0,0
23,26,0.8660254037844387,0.5000000000000001,0
67,69,0.0,1.0,1
646,648,0.0,-1.0,1
368,411,0.8660254037844384,0.5000000000000006,0
100,102,0.0,-1.0,1
66,109,0.8660254037844386,0.5000000000000001,0
359,362,0.8660254037844389,0.4999999999999998,1
402,445,0.8660254037844384,0.5000000000000006,1
442,481,0.8660254037844393,-0.499999999999999,1
166,168,0.0,-1.0,1
436,437,-0.8660254037844384,0.5000000000000006,0
746,748,0.0,-1.0,0
778,817,0.8660254037844393,-0.499999999999999,1
284,286,0.0,-1.0,1
542,581,0.8660254037844384,-0.5000000000000006,1
554,555,-0.8660254037844384,0.5000000000000006,0
299,301,0.0,1.0,1
547,552,0.8660254037844384,0.5000000000000006,0
600,643,0.8660254037844384,0.5000000000000006,0
80,119,0.8660254037844386,-0.5000000000000001,1
92,93,-0.8660254037844386,0.5000000000000001,1
635,637,0.0,1.0,0
95,98,0.8660254037844386,0.5000000000000001,0
383,385,0.0,1.0,1
365,367,0.0,1.0,1
7,808,0.9998904409747467,0.014802231160433426,0
85,90,0.8660254037844386,0.5000000000000001,1
634,677,0.8660254037844393,0.499999999999999,1
666,709,0.8660254037844393,0.499999999999999,1
138,181,0.8660254037844386,0.5000000000000001,1
719,721,0.0,1.0,1
158,159,-0.8660254037844386,0.5000000000000001,0
700,743,0.8660254037844393,0.499999999999999,1
494,495,-0.8660254037844384,0.5000000000000006,1
741,744,0.8660254037844384,0.5000000000000006,0
172,215,0.8660254037844389,0.4999999999999998,1
204,247,0.8660254037844389,0.4999999999999998,1
785,787,0.0,1.0,0
195,198,0.8660254037844386,0.5000000000000001,1
540,583,0.8660254037844384,0.5000000000000006,1
819,821,0.0,1.0,0
238,281,0.8660254037844389,0.4999999999999998,0
278,317,0.8660254037844384,-0.5000000000000006,1
531,534,0.8660254037844384,0.5000000000000006,0
21,23,0.0,1.0,0
614,653,0.8660254037844384,-0.5000000000000006,0
54,56,0.0,-1.0,1
312,351,0.8660254037844384,-0.5000000000000006,1
21,818,0.9998904409747467,-0.014802231160433426,0
390,392,0.0,-1.0,0
648,687,0.8660254037844393,-0.499999999999999,1
372,374,0.0,-1.0,0
120,122,0.0,-1.0,0
692,693,-0.8660254037844384,0.5000000000000006,0
378,417,0.8660254037844384,-0.5000000000000006,1
714,753,0.8660254037844393,-0.499999999999999,1
436,479,0.8660254037844393,0.499999999999999,1
490,492,0.0,-1.0,0
252,291,0.8660254037844389,-0.4999999999999998,1
792,793,-0.8660254037844393,0.499999999999999,1
470,513,0.8660254037844393,0.499999999999999,1
763,766,0.8660254037844393,0.499999999999999,1
298,299,-0.8660254037844389,0.4999999999999998,1
829,832,0.8660254037844393,0.499999999999999,1
330,331,-0.8660254037844389,0.4999999999999998,0
8,51,0.8660254037844386,0.4999999999999999,1
301,304,0.8660254037844389,0.4999999999999998,1
589,591,0.0,-1.0,0
28,29,-0.8660254037844387,0.5000000000000001,0
344,387,0.8660254037844384,0.5000000000000006,0
364,365,-0.8660254037844389,0.4999999999999998,0
74,117,0.8660254037844386,0.5000000000000001,1
655,657,0.0,1.0,1
688,690,0.0,-1.0,0
410,453,0.8660254037844384,0.5000000000000006,1
450,489,0.8660254037844393,-0.499999999999999,0
108,151,0.8660254037844389,0.4999999999999998,1
149,152,0.8660254037844386,0.5000000000000001,1
148,187,0.8660254037844386,-0.5000000000000001,1
689,691,0.0,1.0,1
193,195,0.0,1.0,1
722,724,0.0,-1.0,0
754,756,0.0,-1.0,0
226,228,0.0,-1.0,0
444,487,0.8660254037844393,0.499999999999999,0
485,488,0.8660254037844384,0.5000000000000006,1
484,523,0.8660254037844393,-0.499999999999999,1
182,221,0.8660254037844389,-0.4999999999999998,1
788,790,0.0,-1.0,0
22,61,0.8660254037844386,-0.4999999999999999,0
326,328,0.0,-1.0,0
596,597,-0.8660254037844384,0.5000000000000006,1
100,101,-0.8660254037844386,0.5000000000000001,1
15,816,0.9998904409747467,0.014802231160433426,0
642,685,0.8660254037844393,0.499999999999999,0
122,161,0.8660254037844389,-0.4999999999999998,1
662,663,-0.8660254037844384,0.5000000000000006,1
340,383,0.8660254037844384,0.5000000000000006,1
134,135,-0.8660254037844386,0.5000000000000001,0
425,427,0.0,1.0,0
180,223,0.8660254037844389,0.4999999999999998,1
761,763,0.0,1.0,0
200,201,-0.8660254037844386,0.5000000000000001,0
491,493,0.0,1.0,1
760,803,0.8660254037844393,0.499999999999999,0
524,526,0.0,-1.0,1
742,785,0.8660254037844384,0.5000000000000006,1
536,537,-0.8660254037844384,0.5000000000000006,0
783,786,0.8660254037844393,0.499999999999999,0
214,257,0.8660254037844389,0.4999999999999998,0
234,235,-0.8660254037844389,0.4999999999999998,0
237,240,0.8660254037844389,0.4999999999999998,1
525,527,0.0,1.0,1
558,560,0.0,-1.0,0
817,820,0.8660254037844393,0.499999999999999,0
280,323,0.8660254037844384,0.5000000000000006,0
321,324,0.8660254037844389,0.4999999999999998,0
320,359,0.8660254037844384,-0.5000000000000006,1
29,826,0.9998904409747467,-0.014802231160433426,0
624,626,0.0,-1.0,0
96,98,0.0,-1.0,0
354,393,0.8660254037844384,-0.5000000000000006,0
355,358,0.8660254037844389,0.4999999999999998,1
625,627,0.0,1.0,0
97,99,0.0,1.0,1
130,132,0.0,-1.0,1
420,459,0.8660254037844384,-0.5000000000000006,1
432,433,-0.8660254037844384,0.5000000000000006,1
774,813,0.8660254037844393,-0.499999999999999,1
498,500,0.0,-1.0,0
756,795,0.8660254037844384,-0.5000000000000006,1
196,198,0.0,-1.0,0
768,769,-0.8660254037844393,0.499999999999999,0
261,263,0.0,1.0,1
306,307,-0.8660254037844389,0.4999999999999998,0
553,556,0.8660254037844384,0.5000000000000006,1
597,599,0.0,1.0,0
36,37,-0.8660254037844387,0.5000000000000001,0
295,297,0.0,-1.0,0
578,621,0.8660254037844393,0.499999999999999,1
372,373,-0.8660254037844389,0.4999999999999998,1
50,93,0.8660254037844386,0.5000000000000001,1
91,94,0.8660254037844386,0.5000000000000001,1
70,71,-0.8660254037844386,0.5000000000000001,1
361,363,0.0,1.0,0
427,430,0.8660254037844384,0.5000000000000006,1
406,407,-0.8660254037844384,0.5000000000000006,0
116,159,0.8660254037844389,0.4999999999999998,1
395,397,0.0,1.0,1
490,491,-0.8660254037844384,0.5000000000000006,1
428,430,0.0,-1.0,0
191,194,0.8660254037844386,0.5000000000000001,0
731,733,0.0,1.0,1
764,766,0.0,-1.0,1
796,798,0.0,-1.0,1
526,565,0.8660254037844384,-0.5000000000000006,1
527,530,0.8660254037844384,0.5000000000000006,1
213,254,0.8660254037844389,-0.4999999999999998,0
830,832,0.0,-1.0,1
302,304,0.0,-1.0,0
334,336,0.0,-1.0,0
561,564,0.8660254037844384,0.5000000000000006,1
32,34,0.0,-1.0,1
64,103,0.8660254037844386,-0.5000000000000001,1
604,605,-0.8660254037844384,0.5000000000000006,0
291,294,0.8660254037844389,0.4999999999999998,1
644,683,0.8660254037844393,-0.499999999999999,1
374,413,0.8660254037844384,-0.5000000000000006,1
627,630,0.8660254037844384,0.5000000000000006,1
66,68,0.0,-1.0,1
638,639,-0.8660254037844384,0.5000000000000006,1
710,749,0.8660254037844393,-0.499999999999999,0
725,728,0.8660254037844384,0.5000000000000006,1
164,203,0.8660254037844386,-0.5000000000000001,1
704,705,-0.8660254037844384,0.5000000000000006,1
176,177,-0.8660254037844386,0.5000000000000001,1
467,469,0.0,1.0,1
715,720,0.8660254037844384,0.5000000000000006,0
248,287,0.8660254037844389,-0.4999999999999998,0
788,789,-0.8660254037844393,0.499999999999999,0
466,509,0.8660254037844393,0.499999999999999,1
803,805,0.0,1.0,0
242,243,-0.8660254037844389,0.4999999999999998,1
533,535,0.0,1.0,1
5,7,0.0,1.0,1
825,828,0.8660254037844393,0.499999999999999,0
4,47,0.8660254037844386,0.4999999999999999,1
567,569,0.0,1.0,0
27,30,0.8660254037844387,0.5000000000000001,0
5,802,0.9998904409747467,-0.014802231160433426,0
600,602,0.0,-1.0,0
70,113,0.8660254037844386,0.5000000000000001,0
363,366,0.8660254037844389,0.4999999999999998,0
61,64,0.8660254037844386,0.5000000000000001,0
105,107,0.0,1.0,1
666,668,0.0,-1.0,1
406,449,0.8660254037844384,0.5000000000000006,0
699,702,0.8660254037844384,0.5000000000000006,1
138,140,0.0,-1.0,1
104,147,0.8660254037844389,0.4999999999999998,1
397,400,0.8660254037844384,0.5000000000000006,0
426,463,0.8660254037844393,-0.499999999999999,0
440,483,0.8660254037844393,0.499999999999999,0
480,519,0.8660254037844393,-0.499999999999999,1
172,174,0.0,-1.0,1
204,206,0.0,-1.0,0
474,475,-0.8660254037844384,0.5000000000000006,1
205,207,0.0,1.0,0
540,542,0.0,-1.0,0
546,585,0.8660254037844384,-0.5000000000000006,0
238,240,0.0,-1.0,0
810,811,-0.8660254037844393,0.499999999999999,1
12,13,-0.8660254037844387,0.5000000000000001,1
580,619,0.8660254037844393,-0.499999999999999,1
595,598,0.8660254037844384,0.5000000000000006,1
35,38,0.8660254037844387,0.5000000000000001,0
337,339,0.0,-1.0,0
11,812,0.9998904409747467,0.014802231160433426,1
638,681,0.8660254037844393,0.499999999999999,0
118,157,0.8660254037844389,-0.4999999999999998,0
658,659,-0.8660254037844384,0.5000000000000006,0
130,131,-0.8660254037844386,0.5000000000000001,0
673,675,0.0,-1.0,0
133,136,0.8660254037844386,0.5000000000000001,0
112,113,-0.8660254037844386,0.5000000000000001,0
403,405,0.0,1.0,0
436,438,0.0,-1.0,0
176,219,0.8660254037844389,0.4999999999999998,0
695,698,0.8660254037844384,0.5000000000000006,0
739,741,0.0,1.0,1
199,202,0.8660254037844386,0.5000000000000001,1
738,781,0.8660254037844384,0.5000000000000006,0
532,533,-0.8660254037844384,0.5000000000000006,1
233,236,0.8660254037844389,0.4999999999999998,0
554,556,0.0,-1.0,0
276,319,0.8660254037844384,0.5000000000000006,0
620,622,0.0,-1.0,1
344,346,0.0,-1.0,1
310,353,0.8660254037844384,0.5000000000000006,1
350,389,0.8660254037844384,-0.5000000000000006,1
74,76,0.0,-1.0,1
40,83,0.8660254037844386,0.4999999999999999,1
333,336,0.8660254037844389,0.4999999999999998,0
416,455,0.8660254037844384,-0.5000000000000006,1
428,429,-0.8660254037844384,0.5000000000000006,0
173,175,0.0,1.0,1
421,426,0.8660254037844384,0.5000000000000006,0
752,791,0.8660254037844384,-0.5000000000000006,0
753,756,0.8660254037844384,0.5000000000000006,1
764,765,-0.8660254037844393,0.499999999999999,1
218,219,-0.8660254037844389,0.4999999999999998,0
757,762,0.8660254037844393,0.499999999999999,0
508,551,0.8660254037844384,0.5000000000000006,0
302,303,-0.8660254037844389,0.4999999999999998,0
528,529,-0.8660254037844384,0.5000000000000006,1
368,369,-0.8660254037844389,0.4999999999999998,0
46,89,0.8660254037844386,0.5000000000000001,0
66,67,-0.8660254037844386,0.5000000000000001,1
609,611,0.0,1.0,0
357,359,0.0,1.0,1
402,403,-0.8660254037844384,0.5000000000000006,0
405,408,0.8660254037844384,0.5000000000000006,1
693,695,0.0,1.0,1
103,106,0.8660254037844386,0.5000000000000001,1
147,149,0.0,1.0,1
726,728,0.0,-1.0,0
180,182,0.0,-1.0,1
146,189,0.8660254037844386,0.5000000000000001,1
187,190,0.8660254037844386,0.5000000000000001,0
439,442,0.8660254037844384,0.5000000000000006,0
727,729,0.0,1.0,0
457,459,0.0,1.0,1
760,762,0.0,-1.0,0
522,561,0.8660254037844384,-0.5000000000000006,0
523,526,0.8660254037844384,0.5000000000000006,1
220,259,0.8660254037844389,-0.4999999999999998,1
793,795,0.0,1.0,0
826,828,0.0,-1.0,0
298,300,0.0,-1.0,0
28,30,0.0,-1.0,0
60,99,0.8660254037844386,-0.5000000000000001,0
600,601,-0.8660254037844384,0.5000000000000006,1
286,325,0.8660254037844384,-0.5000000000000006,0
331,333,0.0,1.0,1
364,366,0.0,-1.0,1
634,635,-0.8660254037844384,0.5000000000000006,0
379,381,0.0,-1.0,1
680,723,0.8660254037844393,0.499999999999999,1
160,199,0.8660254037844386,-0.5000000000000001,1
700,701,-0.8660254037844384,0.5000000000000006,0
172,173,-0.8660254037844386,0.5000000000000001,0
463,465,0.0,-1.0,0
218,261,0.8660254037844389,0.4999999999999998,0
737,740,0.8660254037844384,0.5000000000000006,0
238,239,-0.8660254037844389,0.4999999999999998,0
780,823,0.8660254037844393,0.499999999999999,0
821,824,0.8660254037844393,0.499999999999999,1
800,801,0.8660254037844393,0.499999999999999,1
272,273,-0.8660254037844389,0.4999999999999998,1
563,565,0.0,1.0,1
318,361,0.8660254037844384,0.5000000000000006,1
338,339,0.8660254037844389,0.4999999999999998,1
16,59,0.8660254037844386,0.4999999999999999,0
101,103,0.0,1.0,1
662,664,0.0,-1.0,0
694,733,0.8660254037844393,-0.499999999999999,0
381,422,0.8660254037844384,-0.5000000000000006,0
134,136,0.0,-1.0,1
116,118,0.0,-1.0,0
82,125,0.8660254037844386,0.5000000000000001,1
123,126,0.8660254037844386,0.5000000000000001,1
663,665,0.0,1.0,1
696,698,0.0,-1.0,0
728,767,0.8660254037844384,-0.5000000000000006,0
127,132,0.8660254037844386,0.5000000000000001,1
418,461,0.8660254037844384,0.5000000000000006,1
458,497,0.8660254037844393,-0.499999999999999,0
470,471,-0.8660254037844384,0.5000000000000006,0
201,203,0.0,1.0,1
536,538,0.0,-1.0,1
502,545,0.8660254037844393,0.499999999999999,1
234,236,0.0,-1.0,0
8,9,-0.8660254037844387,0.5000000000000001,1
88,127,0.5000000000000002,-0.8660254037844385,0
839,840,0.500000000000001,-0.866025403784438,0
66,108,1.0,0.0,1
277,319,1.0,0.0,1
118,155,0.5000000000000002,-0.8660254037844385,1
9,10,0.5,-0.8660254037844387,0
110,151,0.5000000000000002,0.8660254037844385,1
369,411,1.0,0.0,0
12,15,-0.5,0.8660254037844387,0
210,247,0.5000000000000002,-0.8660254037844385,1
140,182,1.0,0.0,1
310,352,1.0,0.0,0
520,561,0.4999999999999995,-0.8660254037844389,0
285,286,0.5000000000000002,-0.8660254037844385,0
402,444,1.0,0.0,1
580,621,0.500000000000001,0.866025403784438,0
4,7,-0.5,0.8660254037844387,0
377,378,0.5000000000000002,-0.8660254037844385,0
384,426,1.0,0.0,0
494,536,1.0,0.0,0
624,627,-0.4999999999999995,0.8660254037844389,0
107,108,0.4999999999999999,0.8660254037844387,0
764,805,0.500000000000001,-0.866025403784438,1
4,43,0.5000000000000001,-0.8660254037844386,1
776,779,-0.500000000000001,0.866025403784438,1
227,228,0.5000000000000002,-0.8660254037844385,1
417,459,1.0,0.0,1
717,720,0.4999999999999995,0.8660254037844389,0
58,99,0.4999999999999999,-0.8660254037844387,1
351,352,0.5000000000000002,0.8660254037844385,0
468,510,1.0,0.0,0
317,359,1.0,0.0,1
49,50,0.4999999999999999,0.8660254037844387,0
130,133,-0.4999999999999999,0.8660254037844387,0
140,177,0.4999999999999999,-0.8660254037844387,1
141,142,0.4999999999999999,0.8660254037844387,0
258,300,1.0,0.0,1
750,753,-0.4999999999999995,0.8660254037844389,0
798,839,0.500000000000001,0.866025403784438,0
222,225,-0.5000000000000002,0.8660254037844385,0
193,198,0.4999999999999999,0.8660254037844387,0
520,565,0.4999999999999995,0.8660254037844389,1
37,835,1.0,0.0,0
204,207,-0.4999999999999999,0.8660254037844387,0
314,317,-0.5000000000000002,0.8660254037844385,1
394,435,0.4999999999999995,-0.8660254037844389,1
325,326,0.5000000000000002,0.8660254037844385,0
92,133,0.5000000000000002,-0.8660254037844385,1
502,544,1.0,0.0,0
424,466,1.0,0.0,0
476,513,0.500000000000001,-0.866025403784438,0
184,225,0.5000000000000002,-0.8660254037844385,0
75,80,0.4999999999999999,0.8660254037844387,1
477,478,0.4999999999999995,0.8660254037844389,1
176,221,0.5000000000000002,0.8660254037844385,1
594,636,1.0,0.0,0
207,208,0.4999999999999999,0.8660254037844387,0
11,809,1.0,0.0,0
368,409,0.4999999999999995,-0.8660254037844389,0
66,107,0.4999999999999999,-0.8660254037844387,0
460,501,0.500000000000001,-0.866025403784438,1
646,691,0.500000000000001,0.866025403784438,0
719,761,1.0,0.0,1
158,199,0.4999999999999999,-0.8660254037844387,0
451,452,0.4999999999999995,0.8660254037844389,1
746,787,0.4999999999999995,-0.8660254037844389,1
449,491,1.0,0.0,1
250,291,0.5000000000000002,-0.8660254037844385,0
242,287,0.5000000000000002,0.8660254037844385,0
603,604,0.4999999999999995,0.8660254037844389,0
40,81,0.5000000000000001,-0.8660254037844386,1
333,334,0.5000000000000002,0.8660254037844385,1
394,439,0.4999999999999995,0.8660254037844389,1
32,77,0.5000000000000001,0.8660254037844386,0
132,173,0.4999999999999999,0.8660254037844387,0
542,584,1.0,0.0,0
753,795,1.0,0.0,1
586,627,0.500000000000001,-0.866025403784438,0
224,265,0.5000000000000002,0.8660254037844385,1
517,518,0.4999999999999995,-0.8660254037844389,0
686,723,0.500000000000001,-0.866025403784438,0
215,216,0.5000000000000002,-0.8660254037844385,0
276,321,0.4999999999999995,0.8660254037844389,0
609,610,0.4999999999999995,-0.8660254037844389,1
575,617,1.0,0.0,0
368,413,0.4999999999999995,0.8660254037844389,1
667,709,1.0,0.0,0
180,222,1.0,0.0,1
399,400,0.4999999999999995,-0.8660254037844389,0
631,634,0.4999999999999995,0.8660254037844389,0
391,396,0.4999999999999995,0.8660254037844389,0
568,605,0.500000000000001,-0.866025403784438,0
158,203,0.4999999999999999,0.8660254037844387,0
491,492,0.4999999999999995,-0.8660254037844389,0
660,697,0.500000000000001,-0.866025403784438,1
258,299,0.4999999999999995,0.8660254037844389,0
700,742,1.0,0.0,1
10,808,1.0,0.0,1
172,214,1.0,0.0,1
753,754,0.4999999999999995,0.8660254037844389,0
635,640,0.4999999999999995,0.8660254037844389,0
760,802,1.0,0.0,1
792,834,1.0,0.0,0
402,447,0.4999999999999995,0.8660254037844389,1
735,736,0.4999999999999995,-0.8660254037844389,1
701,743,1.0,0.0,1
494,539,0.500000000000001,0.866025403784438,1
14,51,0.5000000000000001,-0.8660254037844386,1
95,137,1.0,0.0,1
617,618,0.4999999999999995,-0.8660254037844389,1
727,728,0.4999999999999995,-0.8660254037844389,1
649,650,0.4999999999999995,0.8660254037844389,1
778,819,0.500000000000001,0.866025403784438,0
416,457,0.4999999999999995,0.8660254037844389,0
87,129,1.0,0.0,0
181,182,0.4999999999999999,-0.8660254037844387,0
509,514,0.4999999999999995,0.8660254037844389,1
589,632,0.4999999999999995,-0.8660254037844389,0
239,281,1.0,0.0,0
80,117,0.4999999999999999,-0.8660254037844387,0
612,615,-0.4999999999999995,0.8660254037844389,0
660,701,0.500000000000001,0.866025403784438,1
43,86,0.4999999999999999,-0.8660254037844387,1
583,588,0.4999999999999995,0.8660254037844389,1
704,707,-0.4999999999999995,0.8660254037844389,0
784,825,0.500000000000001,-0.866025403784438,1
764,767,-0.500000000000001,0.866025403784438,0
775,776,0.500000000000001,0.866025403784438,1
474,519,0.500000000000001,0.866025403784438,0
153,195,1.0,0.0,0
741,783,1.0,0.0,1
247,248,0.5000000000000002,-0.8660254037844385,1
827,832,0.500000000000001,0.866025403784438,1
456,498,1.0,0.0,1
58,61,-0.4999999999999999,0.8660254037844387,0
646,649,-0.4999999999999995,0.8660254037844389,1
431,432,0.4999999999999995,0.8660254037844389,1
727,732,0.4999999999999995,0.8660254037844389,0
161,162,0.4999999999999999,0.8660254037844387,1
819,824,0.500000000000001,0.866025403784438,0
489,531,1.0,0.0,0
181,186,0.4999999999999999,0.8660254037844387,0
516,557,0.4999999999999995,-0.8660254037844389,0
25,823,1.0,0.0,0
20,61,0.5000000000000001,-0.8660254037844386,0
430,472,1.0,0.0,0
608,649,0.4999999999999995,-0.8660254037844389,1
600,645,0.4999999999999995,0.8660254037844389,1
32,35,-0.5,0.8660254037844387,1
11,12,0.5,0.8660254037844387,1
701,706,0.4999999999999995,0.8660254037844389,0
103,104,0.4999999999999999,0.8660254037844387,1
184,187,-0.4999999999999999,0.8660254037844387,1
784,829,0.500000000000001,0.866025403784438,1
264,305,0.4999999999999995,-0.8660254037844389,1
155,160,0.4999999999999999,0.8660254037844387,1
557,558,0.4999999999999995,0.8660254037844389,0
762,801,0.500000000000001,-0.866025403784438,1
253,295,1.0,0.0,0
54,95,0.4999999999999999,-0.8660254037844387,0
94,131,0.5000000000000002,-0.8660254037844385,0
448,489,0.500000000000001,-0.866025403784438,1
379,380,-0.5000000000000002,-0.8660254037844385,1
386,428,1.0,0.0,0
496,538,1.0,0.0,1
707,749,1.0,0.0,0
556,598,1.0,0.0,0
32,830,1.0,0.0,0
726,771,0.4999999999999995,0.8660254037844389,0
158,161,-0.4999999999999999,0.8660254037844387,0
278,315,0.4999999999999995,-0.8660254037844389,0
169,170,-0.4999999999999999,-0.8660254037844387,1
497,539,1.0,0.0,0
529,571,1.0,0.0,0
623,624,0.4999999999999995,0.8660254037844389,0
261,262,0.5000000000000002,-0.8660254037844385,1
378,420,1.0,0.0,1
33,831,1.0,0.0,0
438,480,1.0,0.0,1
413,414,0.4999999999999995,0.8660254037844389,0
220,257,0.5000000000000002,-0.8660254037844385,0
773,815,1.0,0.0,1
614,651,0.4999999999999995,-0.8660254037844389,1
172,217,0.5000000000000002,0.8660254037844385,0
622,664,1.0,0.0,0
7,805,1.0,0.0,0
563,605,1.0,0.0,0
412,454,1.0,0.0,0
356,401,0.4999999999999995,0.8660254037844389,0
35,77,1.0,0.0,1
488,529,0.500000000000001,0.866025403784438,1
426,465,0.500000000000001,-0.866025403784438,1
588,625,0.500000000000001,-0.866025403784438,0
278,319,0.4999999999999995,0.8660254037844389,0
43,44,-0.5000000000000001,-0.8660254037844386,0
732,773,0.4999999999999995,0.8660254037844389,0
261,266,0.5000000000000002,0.8660254037844385,0
780,822,1.0,0.0,1
438,475,0.500000000000001,-0.866025403784438,1
135,136,0.4999999999999999,-0.8660254037844387,1
478,520,1.0,0.0,0
101,143,1.0,0.0,1
353,358,0.5000000000000002,0.8660254037844385,1
530,567,0.4999999999999995,-0.8660254037844389,1
721,763,1.0,0.0,1
522,563,0.4999999999999995,0.8660254037844389,0
193,235,1.0,0.0,0
614,655,0.4999999999999995,0.8660254037844389,0
545,546,0.4999999999999995,-0.8660254037844389,0
715,716,-0.4999999999999995,-0.8660254037844389,1
697,698,0.4999999999999995,-0.8660254037844389,0
504,541,0.500000000000001,-0.866025403784438,1
508,511,-0.4999999999999995,0.8660254037844389,1
787,829,1.0,0.0,1
466,505,0.500000000000001,-0.866025403784438,1
68,105,0.4999999999999999,-0.8660254037844387,0
108,150,1.0,0.0,1
286,327,0.4999999999999995,0.8660254037844389,1
680,721,0.500000000000001,-0.866025403784438,0
681,686,0.4999999999999995,0.8660254037844389,1
748,785,0.4999999999999995,-0.8660254037844389,0
168,210,1.0,0.0,1
671,672,0.4999999999999995,-0.8660254037844389,1
788,830,1.0,0.0,1
49,91,1.0,0.0,1
143,144,0.4999999999999999,-0.8660254037844387,0
260,302,1.0,0.0,1
784,787,-0.500000000000001,0.866025403784438,0
633,636,0.4999999999999995,0.8660254037844389,1
729,771,1.0,0.0,0
27,826,0.999015263178192,0.04436782547080569,0
482,485,-0.4999999999999995,0.8660254037844389,1
562,603,0.500000000000001,-0.866025403784438,1
201,243,1.0,0.0,0
563,568,0.4999999999999995,0.8660254037844389,0
655,660,0.4999999999999995,0.8660254037844389,0
25,26,0.5,-0.8660254037844387,0
57,58,0.4999999999999999,0.8660254037844387,0
23,65,1.0,0.0,0
138,141,-0.4999999999999999,0.8660254037844387,0
726,729,-0.4999999999999995,0.8660254037844389,1
628,670,1.0,0.0,1
807,812,0.500000000000001,0.866025403784438,1
326,368,1.0,0.0,1
175,217,1.0,0.0,1
301,302,0.5000000000000002,0.8660254037844385,0
637,638,0.4999999999999995,0.8660254037844389,1
68,109,0.4999999999999999,0.8660254037844387,0
688,729,0.500000000000001,-0.866025403784438,0
160,201,0.4999999999999999,0.8660254037844387,0
91,92,0.4999999999999999,0.8660254037844387,0
201,202,0.4999999999999999,-0.8660254037844387,0
208,250,1.0,0.0,1
549,552,0.4999999999999995,0.8660254037844389,1
780,821,0.500000000000001,-0.866025403784438,0
792,795,-0.500000000000001,0.866025403784438,1
149,191,1.0,0.0,0
264,267,-0.5000000000000002,0.8660254037844385,1
19,817,1.0,0.0,0
570,611,0.500000000000001,-0.866025403784438,0
562,607,0.500000000000001,0.866025403784438,0
356,359,-0.5000000000000002,0.8660254037844385,0
452,494,1.0,0.0,0
484,526,1.0,0.0,1
662,703,0.500000000000001,-0.866025403784438,0
663,668,0.4999999999999995,0.8660254037844389,1
654,699,0.500000000000001,0.866025403784438,1
134,175,0.4999999999999999,-0.8660254037844387,1
65,66,0.4999999999999999,0.8660254037844387,1
175,176,0.4999999999999999,0.8660254037844387,1
576,618,1.0,0.0,0
393,435,1.0,0.0,1
747,748,0.4999999999999995,-0.8660254037844389,1
754,795,0.4999999999999995,-0.8660254037844389,1
425,467,1.0,0.0,0
226,267,0.5000000000000002,-0.8660254037844385,0
636,678,1.0,0.0,0
123,165,1.0,0.0,0
87,90,0.4999999999999999,0.8660254037844387,0
611,612,0.4999999999999995,0.8660254037844389,1
215,257,1.0,0.0,1
609,651,1.0,0.0,0
410,451,0.4999999999999995,-0.8660254037844389,0
669,711,1.0,0.0,1
108,149,0.5000000000000002,-0.8660254037844385,1
401,402,0.4999999999999995,0.8660254037844389,1
100,145,0.5000000000000002,0.8660254037844385,1
550,592,1.0,0.0,0
192,237,0.5000000000000002,0.8660254037844385,0
332,369,0.4999999999999995,-0.8660254037844389,0
272,275,-0.5000000000000002,0.8660254037844385,1
27,825,1.0,0.0,0
392,429,0.4999999999999995,-0.8660254037844389,1
393,394,0.4999999999999995,0.8660254037844389,1
344,389,0.4999999999999995,0.8660254037844389,0
315,316,0.5000000000000002,-0.8660254037844385,0
364,367,-0.5000000000000002,0.8660254037844385,0
375,376,0.5000000000000002,0.8660254037844385,0
182,219,0.5000000000000002,-0.8660254037844385,1
735,777,1.0,0.0,0
536,577,0.4999999999999995,-0.8660254037844389,1
433,475,1.0,0.0,0
559,560,0.4999999999999995,-0.8660254037844389,1
676,718,1.0,0.0,1
525,567,1.0,0.0,0
366,403,0.4999999999999995,-0.8660254037844389,0
374,416,1.0,0.0,0
127,130,0.4999999999999999,0.8660254037844387,1
358,399,0.4999999999999995,0.8660254037844389,1
29,71,1.0,0.0,1
617,659,1.0,0.0,0
458,495,0.500000000000001,-0.866025403784438,1
56,97,0.4999999999999999,0.8660254037844387,0
349,350,0.5000000000000002,-0.8660254037844385,1
459,460,0.4999999999999995,0.8660254037844389,0
89,131,1.0,0.0,0
510,551,0.4999999999999995,0.8660254037844389,1
551,552,0.4999999999999995,-0.8660254037844389,0
558,600,1.0,0.0,0
35,834,0.999015263178192,0.04436782547080569,1
769,811,1.0,0.0,0
22,59,0.5000000000000001,-0.8660254037844386,1
610,647,0.4999999999999995,-0.8660254037844389,1
602,643,0.4999999999999995,0.8660254037844389,0
533,534,0.4999999999999995,-0.8660254037844389,1
300,341,0.4999999999999995,0.8660254037844389,0
694,735,0.500000000000001,0.866025403784438,1
223,228,0.5000000000000002,0.8660254037844385,0
742,784,1.0,0.0,0
794,831,0.500000000000001,-0.866025403784438,1
795,796,0.500000000000001,0.866025403784438,1
315,320,0.5000000000000002,0.8660254037844385,1
41,840,0.999015263178192,-0.04436782547080569,0
584,621,0.500000000000001,-0.866025403784438,1
398,440,1.0,0.0,1
576,617,0.500000000000001,0.866025403784438,0
274,315,0.4999999999999995,0.8660254037844389,1
677,678,0.4999999999999995,-0.8660254037844389,0
307,312,0.5000000000000002,0.8660254037844385,0
26,824,1.0,0.0,1
188,230,1.0,0.0,1
776,818,1.0,0.0,0
761,766,0.500000000000001,0.866025403784438,0
37,79,1.0,0.0,1
131,132,0.4999999999999999,-0.8660254037844387,1
431,473,1.0,0.0,0
280,322,1.0,0.0,0
97,139,1.0,0.0,1
23,818,0.999015263178192,-0.04436782547080569,1
470,473,-0.4999999999999995,0.8660254037844389,0
221,263,1.0,0.0,1
562,565,-0.4999999999999995,0.8660254037844389,0
281,323,1.0,0.0,1
313,355,1.0,0.0,0
130,172,1.0,0.0,0
424,469,0.500000000000001,0.866025403784438,1
103,145,1.0,0.0,1
465,507,1.0,0.0,0
197,198,0.4999999999999999,-0.8660254037844387,0
346,388,1.0,0.0,1
1,799,1.0,0.0,0
525,530,0.4999999999999995,0.8660254037844389,0
557,599,1.0,0.0,0
783,825,1.0,0.0,0
289,290,0.5000000000000002,-0.8660254037844385,1
616,657,0.4999999999999995,-0.8660254037844389,1
596,599,-0.4999999999999995,0.8660254037844389,0
347,389,1.0,0.0,1
100,103,-0.4999999999999999,0.8660254037844387,1
688,691,-0.4999999999999995,0.8660254037844389,1
379,421,1.0,0.0,1
180,221,0.5000000000000002,-0.8660254037844385,0
71,76,0.4999999999999999,0.8660254037844387,1
768,809,0.500000000000001,-0.866025403784438,1
809,810,0.500000000000001,0.866025403784438,0
192,195,-0.4999999999999999,0.8660254037844387,0
281,282,0.5000000000000002,-0.8660254037844385,0
499,504,0.4999999999999995,0.8660254037844389,0
263,264,0.5000000000000002,0.8660254037844385,0
344,347,-0.5000000000000002,0.8660254037844385,1
63,68,0.4999999999999999,0.8660254037844387,1
472,514,1.0,0.0,1
650,691,0.500000000000001,-0.866025403784438,0
691,692,0.4999999999999995,0.8660254037844389,1
651,656,0.4999999999999995,0.8660254037844389,0
122,163,0.5000000000000002,0.8660254037844385,1
134,137,-0.4999999999999999,0.8660254037844387,1
294,336,1.0,0.0,0
226,229,-0.5000000000000002,0.8660254037844385,1
346,383,0.4999999999999995,-0.8660254037844389,1
36,77,0.5000000000000001,-0.8660254037844386,1
446,488,1.0,0.0,0
16,19,-0.5,0.8660254037844387,0
410,413,-0.4999999999999995,0.8660254037844389,1
96,137,0.5000000000000002,-0.8660254037844385,0
97,102,0.4999999999999999,0.8660254037844387,1
387,429,1.0,0.0,1
228,265,0.5000000000000002,-0.8660254037844385,1
630,672,1.0,0.0,1
280,321,0.4999999999999995,-0.8660254037844389,1
211,212,-0.5000000000000002,-0.8660254037844385,0
281,286,0.5000000000000002,0.8660254037844385,1
328,370,1.0,0.0,1
15,813,1.0,0.0,0
631,673,1.0,0.0,1
70,111,0.4999999999999999,-0.8660254037844387,1
111,112,0.4999999999999999,0.8660254037844387,1
473,474,0.4999999999999995,0.8660254037844389,1
102,143,0.5000000000000002,0.8660254037844385,1
135,177,1.0,0.0,0
361,403,1.0,0.0,1
162,203,0.4999999999999999,-0.8660254037844387,0
203,204,0.4999999999999999,0.8660254037844387,1
163,168,0.4999999999999999,0.8660254037844387,1
791,792,0.500000000000001,0.866025403784438,0
536,539,-0.4999999999999995,0.8660254037844389,0
664,706,1.0,0.0,1
513,555,1.0,0.0,0
306,351,0.4999999999999995,0.8660254037844389,1
17,59,1.0,0.0,0
447,448,0.4999999999999995,0.8660254037844389,0
454,496,1.0,0.0,1
734,779,0.4999999999999995,0.8660254037844389,0
109,151,1.0,0.0,1
697,739,1.0,0.0,0
578,620,1.0,0.0,0
10,47,0.5000000000000001,-0.8660254037844386,0
630,667,0.4999999999999995,-0.8660254037844389,1
298,343,0.4999999999999995,0.8660254037844389,1
690,727,0.500000000000001,-0.866025403784438,1
390,435,0.4999999999999995,0.8660254037844389,0
730,772,1.0,0.0,1
782,819,0.500000000000001,-0.866025403784438,0
202,244,1.0,0.0,1
51,93,1.0,0.0,0
513,514,0.4999999999999995,-0.8660254037844389,1
520,562,1.0,0.0,1
143,185,1.0,0.0,1
572,609,0.500000000000001,-0.866025403784438,0
272,317,0.4999999999999995,0.8660254037844389,1
664,701,0.500000000000001,-0.866025403784438,1
327,369,1.0,0.0,1
553,595,1.0,0.0,0
594,633,0.4999999999999995,-0.8660254037844389,0
354,395,0.4999999999999995,0.8660254037844389,1
395,396,0.4999999999999995,-0.8660254037844389,1
386,427,0.4999999999999995,-0.8660254037844389,1
796,838,1.0,0.0,0
57,99,1.0,0.0,0
11,806,0.999015263178192,-0.04436782547080569,1
117,159,1.0,0.0,1
414,459,0.4999999999999995,0.8660254037844389,1
360,402,1.0,0.0,0
246,291,0.5000000000000002,0.8660254037844385,0
579,580,0.4999999999999995,-0.8660254037844389,0
639,640,0.4999999999999995,-0.8660254037844389,1
630,671,0.4999999999999995,0.8660254037844389,0
110,147,0.5000000000000002,-0.8660254037844385,1
438,479,0.500000000000001,0.866025403784438,0
731,732,0.4999999999999995,-0.8660254037844389,0
723,728,0.4999999999999995,0.8660254037844389,0
340,343,-0.5000000000000002,0.8660254037844385,0
823,824,0.500000000000001,-0.866025403784438,0
582,627,0.500000000000001,0.866025403784438,0
394,436,1.0,0.0,1
682,723,0.500000000000001,0.866025403784438,1
616,619,-0.4999999999999995,0.8660254037844389,1
486,528,1.0,0.0,1
124,166,1.0,0.0,1
705,706,0.4999999999999995,-0.8660254037844389,0
88,91,-0.4999999999999999,0.8660254037844387,0
22,820,1.0,0.0,0
504,545,0.500000000000001,0.866025403784438,1
386,431,0.4999999999999995,0.8660254037844389,1
180,183,-0.4999999999999999,0.8660254037844387,1
578,619,0.500000000000001,-0.866025403784438,1
611,653,1.0,0.0,1
748,789,0.4999999999999995,0.8660254037844389,1
679,680,0.4999999999999995,0.8660254037844389,0
639,644,0.4999999999999995,0.8660254037844389,0
62,65,-0.4999999999999999,0.8660254037844387,1
650,653,-0.4999999999999995,0.8660254037844389,1
158,200,1.0,0.0,1
143,148,0.4999999999999999,0.8660254037844387,0
731,736,0.4999999999999995,0.8660254037844389,1
154,157,-0.4999999999999999,0.8660254037844387,0
202,243,0.5000000000000002,0.8660254037844385,0
742,745,-0.4999999999999995,0.8660254037844389,0
250,292,1.0,0.0,0
823,828,0.500000000000001,0.866025403784438,1
214,217,-0.5000000000000002,0.8660254037844385,1
335,336,0.5000000000000002,-0.8660254037844385,1
223,265,1.0,0.0,1
24,65,0.5000000000000001,-0.8660254037844386,0
25,30,0.5,0.8660254037844387,1
722,763,0.4999999999999995,-0.8660254037844389,0
398,401,-0.4999999999999995,0.8660254037844389,0
125,126,0.4999999999999999,-0.8660254037844387,0
315,357,1.0,0.0,1
116,157,0.5000000000000002,-0.8660254037844385,0
117,122,0.4999999999999999,0.8660254037844387,1
704,745,0.500000000000001,-0.866025403784438,1
375,417,1.0,0.0,1
176,217,0.5000000000000002,-0.8660254037844385,1
217,218,0.5000000000000002,0.8660254037844385,0
277,278,0.5000000000000002,-0.8660254037844385,0
316,358,1.0,0.0,0
3,801,1.0,0.0,1
165,207,1.0,0.0,1
280,283,-0.5000000000000002,0.8660254037844385,0
770,812,1.0,0.0,0
578,623,0.500000000000001,0.866025403784438,1
688,733,0.500000000000001,0.866025403784438,0
99,100,0.4999999999999999,0.8660254037844387,0
70,73,-0.4999999999999999,0.8660254037844387,0
711,753,1.0,0.0,0
260,301,0.4999999999999995,-0.8660254037844389,1
150,191,0.4999999999999999,-0.8660254037844387,1
151,156,0.4999999999999999,0.8660254037844387,1
198,240,1.0,0.0,0
560,602,1.0,0.0,1
64,106,1.0,0.0,0
173,174,0.4999999999999999,-0.8660254037844387,1
283,284,0.5000000000000002,0.8660254037844385,0
465,468,0.4999999999999995,0.8660254037844389,1
5,47,1.0,0.0,0
662,707,0.500000000000001,0.866025403784438,0
703,745,1.0,0.0,1
142,183,0.4999999999999999,-0.8660254037844387,1
24,69,0.5000000000000001,0.8660254037844386,0
685,727,1.0,0.0,1
527,528,0.4999999999999995,0.8660254037844389,1
644,686,1.0,0.0,1
116,161,0.5000000000000002,0.8660254037844385,0
566,608,1.0,0.0,0
498,501,-0.4999999999999995,0.8660254037844389,1
619,620,0.4999999999999995,0.8660254037844389,1
257,258,0.5000000000000002,-0.8660254037844385,1
277,282,0.5000000000000002,0.8660254037844385,0
567,609,1.0,0.0,1
696,741,0.500000000000001,0.866025403784438,0
501,502,0.4999999999999995,0.8660254037844389,0
788,833,0.500000000000001,0.866025403784438,0
561,562,0.4999999999999995,0.8660254037844389,0
211,254,0.5000000000000002,-0.8660254037844385,1
552,593,0.500000000000001,0.866025403784438,0
190,231,0.5000000000000002,0.8660254037844385,1
710,752,1.0,0.0,0
64,101,0.4999999999999999,-0.8660254037844387,1
652,689,0.500000000000001,-0.866025403784438,0
72,114,1.0,0.0,0
282,323,0.4999999999999995,0.8660254037844389,1
352,397,0.4999999999999995,0.8660254037844389,0
685,686,0.4999999999999995,-0.8660254037844389,1
13,55,1.0,0.0,1
182,223,0.5000000000000002,0.8660254037844385,0
482,524,1.0,0.0,0
536,581,0.4999999999999995,0.8660254037844389,1
105,147,1.0,0.0,0
592,634,1.0,0.0,0
535,536,0.4999999999999995,0.8660254037844389,1
636,677,0.500000000000001,0.866025403784438,0
559,564,0.4999999999999995,0.8660254037844389,1
38,75,0.5000000000000001,-0.8660254037844386,0
46,88,1.0,0.0,0
659,660,0.4999999999999995,-0.8660254037844389,1
257,262,0.5000000000000002,0.8660254037844385,0
625,667,1.0,0.0,0
138,180,1.0,0.0,1
719,720,0.4999999999999995,-0.8660254037844389,0
349,354,0.5000000000000002,0.8660254037844385,0
518,559,0.4999999999999995,0.8660254037844389,1
811,812,0.500000000000001,-0.866025403784438,1
79,121,1.0,0.0,0
441,446,0.4999999999999995,0.8660254037844389,1
533,538,0.4999999999999995,0.8660254037844389,0
601,602,0.4999999999999995,-0.8660254037844389,1
593,598,0.4999999999999995,0.8660254037844389,0
604,607,-0.4999999999999995,0.8660254037844389,1
323,365,1.0,0.0,0
164,201,0.4999999999999999,-0.8660254037844387,0
204,246,1.0,0.0,0
383,388,0.4999999999999995,0.8660254037844389,0
452,497,0.500000000000001,0.866025403784438,0
785,786,0.500000000000001,-0.866025403784438,0
53,95,1.0,0.0,0
9,812,0.999015263178192,0.04436782547080569,1
566,607,0.500000000000001,-0.866025403784438,0
47,48,0.4999999999999999,-0.8660254037844387,1
374,415,0.4999999999999995,0.8660254037844389,0
659,664,0.4999999999999995,0.8660254037844389,1
357,362,0.5000000000000002,0.8660254037844385,1
478,481,-0.4999999999999995,0.8660254037844389,1
348,390,1.0,0.0,0
457,458,0.4999999999999995,-0.8660254037844389,1
819,820,0.500000000000001,-0.866025403784438,1
811,816,0.500000000000001,0.866025403784438,1
558,599,0.500000000000001,-0.866025403784438,1
822,825,-0.500000000000001,0.866025403784438,0
330,372,1.0,0.0,1
541,546,0.4999999999999995,0.8660254037844389,1
21,22,0.5,-0.8660254037844387,0
13,18,0.5,0.8660254037844387,0
271,313,1.0,0.0,0
340,385,0.4999999999999995,0.8660254037844389,0
693,698,0.4999999999999995,0.8660254037844389,0
322,364,1.0,0.0,1
825,826,0.500000000000001,0.866025403784438,1
455,497,1.0,0.0,1
414,456,1.0,0.0,0
268,271,-0.5000000000000002,0.8660254037844385,1
684,725,0.500000000000001,-0.866025403784438,1
245,287,1.0,0.0,0
355,397,1.0,0.0,0
488,530,1.0,0.0,1
699,741,1.0,0.0,0
178,215,0.5000000000000002,-0.8660254037844385,0
139,144,0.4999999999999999,0.8660254037844387,1
48,87,0.4999999999999999,-0.8660254037844387,0
767,768,0.500000000000001,0.866025403784438,0
260,263,-0.5000000000000002,0.8660254037844385,0
429,471,1.0,0.0,1
363,364,0.5000000000000002,0.8660254037844385,1
370,412,1.0,0.0,0
650,695,0.500000000000001,0.866025403784438,1
219,261,1.0,0.0,0
61,62,0.4999999999999999,0.8660254037844387,1
455,456,0.4999999999999995,0.8660254037844389,1
311,353,1.0,0.0,1
152,189,0.4999999999999999,-0.8660254037844387,0
384,423,0.4999999999999995,-0.8660254037844389,1
39,834,0.999015263178192,-0.04436782547080569,1
741,742,0.4999999999999995,0.8660254037844389,1
244,281,0.5000000000000002,-0.8660254037844385,1
362,404,1.0,0.0,0
304,341,0.4999999999999995,-0.8660254037844389,1
699,700,0.4999999999999995,0.8660254037844389,0
31,829,1.0,0.0,1
396,433,0.4999999999999995,-0.8660254037844389,1
104,145,0.5000000000000002,-0.8660254037844385,1
96,141,0.5000000000000002,0.8660254037844385,1
757,799,1.0,0.0,1
196,237,0.5000000000000002,-0.8660254037844385,0
489,490,0.4999999999999995,0.8660254037844389,1
188,233,0.5000000000000002,0.8660254037844385,0
776,821,0.500000000000001,0.866025403784438,0
178,219,0.5000000000000002,0.8660254037844385,0
336,378,1.0,0.0,1
348,389,0.4999999999999995,-0.8660254037844389,1
270,311,0.4999999999999995,0.8660254037844389,1
311,312,0.5000000000000002,-0.8660254037844385,1
639,681,1.0,0.0,0
371,372,0.5000000000000002,0.8660254037844385,1
70,115,0.4999999999999999,0.8660254037844387,0
452,455,-0.4999999999999995,0.8660254037844389,0
462,499,0.500000000000001,-0.866025403784438,0
130,175,0.4999999999999999,0.8660254037844387,1
19,814,0.999015263178192,-0.04436782547080569,1
523,524,0.4999999999999995,0.8660254037844389,0
152,193,0.4999999999999999,0.8660254037844387,1
672,714,1.0,0.0,1
724,761,0.4999999999999995,-0.8660254037844389,1
322,363,0.4999999999999995,-0.8660254037844389,0
615,616,0.4999999999999995,0.8660254037844389,0
764,806,1.0,0.0,1
1,802,0.999015263178192,0.04436782547080569,1
706,743,0.500000000000001,-0.866025403784438,0
126,168,1.0,0.0,0
636,675,0.500000000000001,-0.866025403784438,1
177,219,1.0,0.0,1
429,434,0.4999999999999995,0.8660254037844389,0
196,241,0.5000000000000002,0.8660254037844385,0
521,526,0.4999999999999995,0.8660254037844389,0
698,735,0.500000000000001,-0.866025403784438,0
336,373,0.4999999999999995,-0.8660254037844389,0
589,590,-0.4999999999999995,-0.8660254037844389,0
550,589,0.500000000000001,-0.866025403784438,1
798,840,1.0,0.0,1
311,316,0.5000000000000002,0.8660254037844385,1
192,234,1.0,0.0,0
151,193,1.0,0.0,1
403,408,0.4999999999999995,0.8660254037844389,0
620,662,1.0,0.0,0
27,822,0.999015263178192,-0.04436782547080569,1
495,500,0.4999999999999995,0.8660254037844389,1
672,709,0.500000000000001,-0.866025403784438,0
26,67,0.5000000000000001,0.8660254037844386,0
566,569,-0.4999999999999995,0.8660254037844389,0
655,656,0.4999999999999995,-0.8660254037844389,0
33,75,1.0,0.0,1
126,163,0.5000000000000002,-0.8660254037844385,1
159,160,0.4999999999999999,-0.8660254037844387,0
166,208,1.0,0.0,1
345,350,0.5000000000000002,0.8660254037844385,0
15,57,1.0,0.0,1
638,641,-0.4999999999999995,0.8660254037844389,1
203,206,0.8660254037844386,0.5000000000000001,0
268,269,-0.8660254037844389,0.4999999999999998,0
106,147,0.5000000000000002,0.8660254037844385,0
334,377,0.8660254037844384,0.5000000000000006,0
59,61,0.0,1.0,1
304,343,0.8660254037844384,-0.5000000000000006,1
331,373,1.0,0.0,0
235,237,0.0,1.0,0
289,291,0.0,1.0,0
404,443,0.8660254037844384,-0.5000000000000006,1
112,155,0.8660254037844389,0.4999999999999998,1
532,577,0.4999999999999995,0.8660254037844389,1
370,409,0.8660254037844384,-0.5000000000000006,0
607,610,0.8660254037844384,0.5000000000000006,1
8,11,-0.5,0.8660254037844387,0
144,183,0.8660254037844386,-0.5000000000000001,0
567,568,0.4999999999999995,-0.8660254037844389,0
459,462,0.8660254037844384,0.5000000000000006,0
730,775,0.4999999999999995,0.8660254037844389,1
92,134,1.0,0.0,1
378,419,0.4999999999999995,0.8660254037844389,1
817,818,0.500000000000001,0.866025403784438,1
571,613,1.0,0.0,0
432,475,0.8660254037844393,0.499999999999999,1
726,727,-0.8660254037844384,0.5000000000000006,0
623,626,0.8660254037844384,0.5000000000000006,0
188,231,0.8660254037844389,0.4999999999999998,1
742,743,-0.8660254037844384,0.5000000000000006,1
285,290,0.5000000000000002,0.8660254037844385,0
604,606,0.0,-1.0,1
568,610,1.0,0.0,0
452,495,0.8660254037844393,0.499999999999999,0
249,291,1.0,0.0,1
663,705,1.0,0.0,0
458,499,0.500000000000001,0.866025403784438,0
566,568,0.0,-1.0,0
28,71,0.8660254037844386,0.4999999999999999,0
168,209,0.4999999999999999,0.8660254037844387,0
515,518,0.8660254037844384,0.5000000000000006,0
64,105,0.4999999999999999,0.8660254037844387,1
182,224,1.0,0.0,0
205,210,0.4999999999999999,0.8660254037844387,0
