267,269,0.0,1.0,1
9,10,-0.8660254037844387,0.5000000000000001,0
602,604,0.0,-1.0,1
41,42,-0.8660254037844387,0.5000000000000001,0
570,571,-0.8660254037844384,0.5000000000000006,0
42,43,-0.8660254037844387,-0.5000000000000001,0
620,657,0.8660254037844384,-0.5000000000000006,1
45,48,0.0,-1.0,1
366,368,0.0,-1.0,0
97,100,0.8660254037844386,0.5000000000000001,0
367,369,0.0,1.0,1
646,687,0.8660254037844393,0.499999999999999,1
118,159,0.8660254037844386,0.5000000000000001,0
703,705,0.0,1.0,0
174,175,-0.8660254037844386,0.5000000000000001,0
486,527,0.8660254037844393,0.499999999999999,0
510,511,-0.8660254037844384,0.5000000000000006,1
229,232,0.8660254037844386,0.5000000000000001,0
746,787,0.8660254037844384,0.5000000000000006,0
250,291,0.8660254037844389,0.4999999999999998,0
802,804,0.0,-1.0,0
835,837,0.0,1.0,0
274,275,-0.8660254037844389,0.4999999999999998,1
324,361,0.8660254037844384,-0.5000000000000006,0
610,611,-0.8660254037844384,0.5000000000000006,0
642,643,-0.8660254037844384,0.5000000000000006,0
350,391,0.8660254037844384,0.5000000000000006,0
103,105,0.0,1.0,1
382,423,0.8660254037844384,0.5000000000000006,0
406,408,0.0,-1.0,1
697,700,0.8660254037844384,0.5000000000000006,1
180,217,0.8660254037844386,-0.5000000000000001,1
742,743,-0.8660254037844384,0.5000000000000006,1
264,301,0.8660254037844389,-0.4999999999999998,0
203,205,0.0,1.0,1
482,523,0.8660254037844393,0.499999999999999,1
571,573,0.0,1.0,0
346,347,-0.8660254037844389,0.4999999999999998,1
25,32,0.8660254037844387,0.5000000000000001,0
77,78,-0.8660254037844387,0.5000000000000001,1
110,112,0.0,-1.0,0
369,372,0.8660254037844389,0.4999999999999998,0
671,673,0.0,1.0,0
143,145,0.0,1.0,1
61,111,0.8660254037844386,0.4999999999999999,0
53,107,0.8660254037844386,0.4999999999999999,1
446,447,-0.8660254037844384,0.5000000000000006,0
186,227,0.8660254037844386,0.5000000000000001,0
501,504,0.8660254037844384,0.5000000000000006,0
275,277,0.0,1.0,1
578,579,-0.8660254037844384,0.5000000000000006,0
265,268,0.8660254037844389,0.4999999999999998,0
611,613,0.0,1.0,0
50,51,-0.8660254037844387,-0.5000000000000001,1
342,344,0.0,-1.0,0
105,108,0.8660254037844386,0.5000000000000001,1
622,663,0.8660254037844384,0.5000000000000006,0
654,695,0.8660254037844393,0.499999999999999,0
126,167,0.8660254037844389,0.4999999999999998,1
761,799,0.0,1.0,1
442,444,0.0,-1.0,1
475,477,0.0,1.0,0
833,836,0.8660254037844393,0.499999999999999,1
337,340,0.8660254037844389,0.4999999999999998,0
432,469,0.8660254037844384,-0.5000000000000006,0
768,805,0.8660254037844393,-0.499999999999999,1
458,499,0.8660254037844393,0.499999999999999,0
514,516,0.0,-1.0,0
802,803,-0.8660254037844393,0.499999999999999,1
791,793,0.0,1.0,0
794,835,0.8660254037844393,0.499999999999999,1
19,20,0.0,-1.0,0
278,280,0.0,-1.0,1
1,8,0.8660254037844387,0.5000000000000001,0
311,313,0.0,1.0,0
63,68,-0.8660254037844387,0.5000000000000001,0
377,380,0.8660254037844389,0.4999999999999998,0
647,649,0.0,1.0,0
398,439,0.8660254037844384,0.5000000000000006,0
136,173,0.8660254037844389,-0.4999999999999998,0
170,171,-0.8660254037844386,0.5000000000000001,0
141,144,0.8660254037844386,0.5000000000000001,1
173,176,0.8660254037844386,0.5000000000000001,1
472,509,0.8660254037844393,-0.499999999999999,0
40,97,0.8660254037844386,-0.4999999999999999,0
32,93,0.8660254037844386,-0.4999999999999999,1
24,89,0.8660254037844386,-0.4999999999999999,1
236,273,0.8660254037844389,-0.4999999999999998,1
831,833,0.0,1.0,1
26,27,-0.8660254037844387,-0.5000000000000001,1
294,335,0.8660254037844384,0.5000000000000006,1
318,320,0.0,-1.0,1
609,612,0.8660254037844384,0.5000000000000006,1
656,693,0.8660254037844393,-0.499999999999999,0
176,213,0.8660254037844386,-0.5000000000000001,0
709,712,0.8660254037844384,0.5000000000000006,1
210,211,-0.8660254037844386,0.5000000000000001,1
730,771,0.8660254037844384,0.5000000000000006,1
202,243,0.8660254037844389,0.4999999999999998,1
793,796,0.8660254037844393,0.499999999999999,1
535,537,0.0,1.0,0
276,313,0.8660254037844389,-0.4999999999999998,1
66,71,0.0,1.0,1
98,139,0.8660254037844386,0.5000000000000001,1
744,781,0.8660254037844384,-0.5000000000000006,0
182,223,0.8660254037844386,0.5000000000000001,0
778,779,-0.8660254037844393,0.499999999999999,1
574,575,-0.8660254037844384,0.5000000000000006,0
14,15,-0.8660254037844387,-0.5000000000000001,0
46,47,-0.8660254037844387,-0.5000000000000001,0
338,340,0.0,-1.0,0
618,659,0.8660254037844384,0.5000000000000006,1
707,709,0.0,1.0,1
729,732,0.8660254037844384,0.5000000000000006,1
532,569,0.8660254037844384,-0.5000000000000006,0
471,473,0.0,1.0,1
570,572,0.0,-1.0,1
582,583,-0.8660254037844384,0.5000000000000006,1
2,7,0.0,1.0,0
90,92,0.0,-1.0,0
680,717,0.8660254037844393,-0.499999999999999,0
670,672,0.0,-1.0,1
478,479,-0.8660254037844384,0.5000000000000006,0
511,513,0.0,1.0,1
528,565,0.8660254037844384,-0.5000000000000006,1
373,376,0.8660254037844389,0.4999999999999998,0
643,645,0.0,1.0,0
394,435,0.8660254037844384,0.5000000000000006,0
132,169,0.8660254037844389,-0.4999999999999998,1
137,140,0.8660254037844386,0.5000000000000001,1
468,505,0.8660254037844393,-0.499999999999999,1
710,712,0.0,-1.0,1
473,476,0.8660254037844384,0.5000000000000006,0
568,605,0.8660254037844393,-0.499999999999999,1
573,576,0.8660254037844384,0.5000000000000006,0
122,123,-0.8660254037844386,0.5000000000000001,1
154,155,-0.8660254037844386,0.5000000000000001,1
111,113,0.0,1.0,0
705,708,0.8660254037844384,0.5000000000000006,0
447,449,0.0,1.0,0
782,784,0.0,-1.0,0
254,255,-0.8660254037844389,0.4999999999999998,1
800,837,0.8660254037844393,-0.499999999999999,1
6,9,0.0,1.0,0
590,591,-0.8660254037844384,0.5000000000000006,1
837,840,0.8660254037844393,0.499999999999999,0
330,371,0.8660254037844384,0.5000000000000006,1
354,355,-0.8660254037844389,0.4999999999999998,1
386,387,-0.8660254037844389,0.4999999999999998,0
409,412,0.8660254037844384,0.5000000000000006,0
441,444,0.8660254037844384,0.5000000000000006,0
740,777,0.8660254037844384,-0.5000000000000006,0
151,153,0.0,1.0,1
774,775,-0.8660254037844393,0.499999999999999,0
777,780,0.8660254037844393,0.499999999999999,0
504,541,0.8660254037844393,-0.499999999999999,0
194,235,0.8660254037844386,0.5000000000000001,1
822,823,-0.8660254037844393,0.499999999999999,1
509,512,0.8660254037844384,0.5000000000000006,1
541,544,0.8660254037844384,0.5000000000000006,1
14,17,0.0,1.0,1
46,49,0.0,1.0,1
382,384,0.0,-1.0,0
641,644,0.8660254037844384,0.5000000000000006,0
113,116,0.8660254037844386,0.5000000000000001,1
662,703,0.8660254037844393,0.499999999999999,0
481,484,0.8660254037844384,0.5000000000000006,1
526,527,-0.8660254037844384,0.5000000000000006,0
245,248,0.8660254037844389,0.4999999999999998,1
266,307,0.8660254037844389,0.4999999999999998,0
323,325,0.0,1.0,0
602,643,0.8660254037844384,0.5000000000000006,1
374,375,-0.8660254037844389,0.4999999999999998,0
345,348,0.8660254037844389,0.4999999999999998,1
676,713,0.8660254037844393,-0.499999999999999,0
710,711,-0.8660254037844384,0.5000000000000006,0
681,684,0.8660254037844384,0.5000000000000006,1
758,759,-0.8660254037844384,0.5000000000000006,0
786,827,0.8660254037844393,0.499999999999999,0
230,231,-0.8660254037844386,0.5000000000000001,0
776,813,0.8660254037844393,-0.499999999999999,1
606,608,0.0,-1.0,1
78,79,-0.8660254037844387,-0.5000000000000001,0
81,84,0.8660254037844386,0.5000000000000001,1
414,415,-0.8660254037844384,0.5000000000000006,1
687,689,0.0,1.0,1
546,547,-0.8660254037844384,0.5000000000000006,1
517,520,0.8660254037844384,0.5000000000000006,0
259,261,0.0,1.0,0
838,840,0.0,-1.0,0
22,25,0.0,1.0,0
358,360,0.0,-1.0,0
646,647,-0.8660254037844384,0.5000000000000006,1
121,124,0.8660254037844386,0.5000000000000001,1
694,696,0.0,-1.0,1
216,253,0.8660254037844389,-0.4999999999999998,1
746,747,-0.8660254037844384,0.5000000000000006,0
221,224,0.8660254037844386,0.5000000000000001,1
552,589,0.8660254037844384,-0.5000000000000006,0
7,12,-0.8660254037844387,0.5000000000000001,1
641,679,0.0,1.0,1
398,400,0.0,-1.0,0
146,148,0.0,-1.0,0
686,687,-0.8660254037844384,0.5000000000000006,0
718,719,-0.8660254037844384,0.5000000000000006,1
736,773,0.8660254037844384,-0.5000000000000006,0
481,519,0.0,1.0,1
515,517,0.0,1.0,1
256,293,0.8660254037844389,-0.4999999999999998,1
474,515,0.8660254037844393,0.499999999999999,0
818,819,-0.8660254037844393,0.499999999999999,1
537,540,0.8660254037844384,0.5000000000000006,0
582,584,0.0,-1.0,1
21,22,-0.8660254037844387,0.5000000000000001,1
294,296,0.0,-1.0,0
17,24,0.8660254037844387,0.5000000000000001,1
356,393,0.8660254037844384,-0.5000000000000006,1
637,640,0.8660254037844384,0.5000000000000006,0
422,423,-0.8660254037844384,0.5000000000000006,0
440,477,0.8660254037844384,-0.5000000000000006,1
411,413,0.0,1.0,0
130,171,0.8660254037844389,0.4999999999999998,0
682,684,0.0,-1.0,0
714,716,0.0,-1.0,0
715,717,0.0,1.0,0
186,187,-0.8660254037844386,0.5000000000000001,0
157,160,0.8660254037844386,0.5000000000000001,1
178,219,0.8660254037844386,0.5000000000000001,0
522,523,-0.8660254037844384,0.5000000000000006,0
262,303,0.8660254037844389,0.4999999999999998,0
814,816,0.0,-1.0,1
577,580,0.8660254037844384,0.5000000000000006,1
598,639,0.8660254037844393,0.499999999999999,1
622,623,-0.8660254037844384,0.5000000000000006,1
362,403,0.8660254037844384,0.5000000000000006,0
115,117,0.0,1.0,0
419,421,0.0,1.0,0
720,757,0.8660254037844393,-0.499999999999999,1
182,184,0.0,-1.0,1
772,809,0.8660254037844393,-0.499999999999999,0
518,520,0.0,-1.0,1
809,812,0.8660254037844393,0.499999999999999,0
281,284,0.8660254037844389,0.4999999999999998,1
798,839,0.8660254037844393,0.499999999999999,0
551,553,0.0,1.0,1
326,327,-0.8660254037844389,0.4999999999999998,0
121,159,0.0,1.0,0
381,384,0.8660254037844389,0.4999999999999998,1
651,653,0.0,1.0,1
434,475,0.8660254037844384,0.5000000000000006,1
424,461,0.8660254037844384,-0.5000000000000006,0
508,545,0.8660254037844393,-0.499999999999999,1
254,256,0.0,-1.0,1
783,785,0.0,1.0,1
30,31,-0.8660254037844387,-0.5000000000000001,0
72,113,0.8660254037844386,-0.4999999999999999,0
354,356,0.0,-1.0,0
85,88,0.8660254037844386,0.5000000000000001,1
117,120,0.8660254037844386,0.5000000000000001,1
634,675,0.8660254037844384,0.5000000000000006,0
690,692,0.0,-1.0,1
723,725,0.0,1.0,0
454,456,0.0,-1.0,1
217,220,0.8660254037844386,0.5000000000000001,1
548,585,0.8660254037844384,-0.5000000000000006,1
327,329,0.0,1.0,1
317,320,0.8660254037844389,0.4999999999999998,0
648,685,0.8660254037844393,-0.499999999999999,0
338,379,0.8660254037844384,0.5000000000000006,0
91,93,0.0,1.0,0
370,411,0.8660254037844384,0.5000000000000006,1
394,396,0.0,-1.0,0
682,683,-0.8660254037844384,0.5000000000000006,1
653,656,0.8660254037844384,0.5000000000000006,1
685,688,0.8660254037844384,0.5000000000000006,1
427,429,0.0,1.0,1
730,731,-0.8660254037844384,0.5000000000000006,1
37,99,0.8660254037844386,0.4999999999999999,0
449,452,0.8660254037844384,0.5000000000000006,0
748,785,0.8660254037844384,-0.5000000000000006,1
241,279,0.0,1.0,1
814,815,-0.8660254037844393,0.499999999999999,0
549,552,0.8660254037844384,0.5000000000000006,0
42,47,0.0,1.0,0
53,56,0.0,-1.0,0
352,389,0.8660254037844384,-0.5000000000000006,0
384,421,0.8660254037844384,-0.5000000000000006,0
570,611,0.8660254037844393,0.499999999999999,1
54,57,0.0,1.0,0
626,628,0.0,-1.0,0
65,66,-0.8660254037844387,0.5000000000000001,1
659,661,0.0,1.0,1
230,232,0.0,-1.0,0
518,519,-0.8660254037844384,0.5000000000000006,1
510,551,0.8660254037844393,0.499999999999999,1
5,6,-0.8660254037844387,0.5000000000000001,0
584,621,0.8660254037844393,-0.499999999999999,1
88,125,0.8660254037844386,-0.5000000000000001,0
330,332,0.0,-1.0,1
618,619,-0.8660254037844384,0.5000000000000006,1
93,96,0.8660254037844386,0.5000000000000001,1
114,155,0.8660254037844386,0.5000000000000001,0
127,129,0.0,1.0,0
750,751,-0.8660254037844384,0.5000000000000006,1
495,497,0.0,1.0,0
270,271,-0.8660254037844389,0.4999999999999998,1
562,564,0.0,-1.0,1
325,328,0.8660254037844389,0.4999999999999998,1
346,387,0.8660254037844384,0.5000000000000006,1
661,664,0.8660254037844384,0.5000000000000006,1
1,78,0.0,1.0,0
554,555,-0.8660254037844384,0.5000000000000006,0
18,23,0.0,1.0,1
124,161,0.8660254037844389,-0.4999999999999998,1
158,159,-0.8660254037844386,0.5000000000000001,0
129,132,0.8660254037844386,0.5000000000000001,0
161,164,0.8660254037844386,0.5000000000000001,1
206,208,0.0,-1.0,1
494,495,-0.8660254037844384,0.5000000000000006,1
290,291,-0.8660254037844389,0.4999999999999998,0
261,264,0.8660254037844389,0.4999999999999998,1
282,323,0.8660254037844384,0.5000000000000006,0
626,627,-0.8660254037844384,0.5000000000000006,1
597,600,0.8660254037844384,0.5000000000000006,1
102,104,0.0,-1.0,0
423,425,0.0,1.0,0
361,364,0.8660254037844389,0.4999999999999998,0
164,201,0.8660254037844386,-0.5000000000000001,1
187,189,0.0,1.0,1
466,507,0.8660254037844393,0.499999999999999,0
522,524,0.0,-1.0,0
781,784,0.8660254037844393,0.499999999999999,1
523,525,0.0,1.0,1
296,333,0.8660254037844384,-0.5000000000000006,1
826,827,-0.8660254037844393,0.499999999999999,1
298,299,-0.8660254037844389,0.4999999999999998,1
829,832,0.8660254037844393,0.499999999999999,1
61,62,-0.8660254037844387,0.5000000000000001,0
655,657,0.0,1.0,1
94,95,-0.8660254037844386,0.5000000000000001,1
57,64,0.8660254037844387,0.5000000000000001,1
396,433,0.8660254037844384,-0.5000000000000006,1
170,211,0.8660254037844386,0.5000000000000001,1
722,724,0.0,-1.0,0
754,756,0.0,-1.0,0
755,757,0.0,1.0,1
194,195,-0.8660254037844386,0.5000000000000001,0
227,229,0.0,1.0,1
506,547,0.8660254037844393,0.499999999999999,1
1,2,-0.8660254037844387,0.5000000000000001,0
530,531,-0.8660254037844384,0.5000000000000006,0
562,563,-0.8660254037844384,0.5000000000000006,1
533,536,0.8660254037844384,0.5000000000000006,1
34,35,-0.8660254037844387,-0.5000000000000001,0
662,663,-0.8660254037844384,0.5000000000000006,1
712,749,0.8660254037844393,-0.499999999999999,1
123,125,0.0,1.0,1
189,192,0.8660254037844386,0.5000000000000001,0
210,251,0.8660254037844389,0.4999999999999998,1
827,829,0.0,1.0,1
5,83,0.8660254037844386,0.4999999999999999,1
591,593,0.0,1.0,0
23,28,-0.8660254037844387,0.5000000000000001,0
366,367,-0.8660254037844389,0.4999999999999998,1
130,132,0.0,-1.0,1
161,199,0.0,1.0,0
162,164,0.0,-1.0,0
421,424,0.8660254037844384,0.5000000000000006,1
195,197,0.0,1.0,1
531,533,0.0,1.0,0
516,553,0.8660254037844393,-0.499999999999999,0
262,264,0.0,-1.0,0
834,835,-0.8660254037844393,0.499999999999999,0
306,307,-0.8660254037844389,0.4999999999999998,1
553,556,0.8660254037844384,0.5000000000000006,0
37,38,-0.8660254037844387,0.5000000000000001,1
102,103,-0.8660254037844386,0.5000000000000001,0
125,128,0.8660254037844386,0.5000000000000001,1
674,715,0.8660254037844393,0.499999999999999,0
146,187,0.8660254037844389,0.4999999999999998,0
730,732,0.0,-1.0,0
202,204,0.0,-1.0,1
461,464,0.8660254037844384,0.5000000000000006,0
731,733,0.0,1.0,0
235,237,0.0,1.0,1
10,11,-0.8660254037844387,-0.5000000000000001,0
257,260,0.8660254037844389,0.4999999999999998,1
556,593,0.8660254037844384,-0.5000000000000006,1
302,304,0.0,-1.0,0
561,564,0.8660254037844384,0.5000000000000006,0
98,100,0.0,-1.0,0
378,419,0.8660254037844384,0.5000000000000006,1
722,723,-0.8660254037844384,0.5000000000000006,0
693,696,0.8660254037844384,0.5000000000000006,1
725,728,0.8660254037844384,0.5000000000000006,1
714,755,0.8660254037844393,0.499999999999999,1
770,772,0.0,-1.0,1
198,200,0.0,-1.0,0
788,825,0.8660254037844393,-0.499999999999999,0
260,297,0.8660254037844389,-0.4999999999999998,1
292,329,0.8660254037844384,-0.5000000000000006,0
534,536,0.0,-1.0,1
825,828,0.8660254037844393,0.499999999999999,0
628,665,0.8660254037844384,-0.5000000000000006,1
6,7,-0.8660254037844387,-0.5000000000000001,1
61,64,0.0,-1.0,1
392,429,0.8660254037844384,-0.5000000000000006,0
82,123,0.8660254037844386,0.5000000000000001,0
666,668,0.0,-1.0,1
397,400,0.8660254037844389,0.4999999999999998,0
429,432,0.8660254037844384,0.5000000000000006,1
728,765,0.8660254037844384,-0.5000000000000006,0
524,561,0.8660254037844384,-0.5000000000000006,0
766,768,0.0,-1.0,0
238,240,0.0,-1.0,0
270,272,0.0,-1.0,1
96,133,0.8660254037844386,-0.5000000000000001,1
71,76,-0.8660254037844387,0.5000000000000001,0
122,163,0.8660254037844389,0.4999999999999998,0
154,195,0.8660254037844389,0.4999999999999998,1
739,741,0.0,1.0,0
734,775,0.8660254037844384,0.5000000000000006,1
196,233,0.8660254037844386,-0.5000000000000001,0
228,265,0.8660254037844389,-0.4999999999999998,1
233,236,0.8660254037844386,0.5000000000000001,1
564,601,0.8660254037844393,-0.499999999999999,1
598,599,-0.8660254037844384,0.5000000000000006,1
569,572,0.8660254037844384,0.5000000000000006,0
587,589,0.0,1.0,1
590,631,0.8660254037844393,0.499999999999999,1
328,365,0.8660254037844384,-0.5000000000000006,1
664,701,0.8660254037844393,-0.499999999999999,1
774,815,0.8660254037844393,0.499999999999999,1
218,219,-0.8660254037844386,0.5000000000000001,0
798,799,-0.8660254037844393,0.499999999999999,1
291,293,0.0,1.0,0
594,596,0.0,-1.0,0
33,34,-0.8660254037844387,0.5000000000000001,1
58,63,0.0,1.0,1
37,40,0.0,-1.0,0
368,405,0.8660254037844384,-0.5000000000000006,1
114,116,0.0,-1.0,0
402,403,-0.8660254037844384,0.5000000000000006,0
405,408,0.8660254037844384,0.5000000000000006,1
675,677,0.0,1.0,1
147,149,0.0,1.0,0
726,728,0.0,-1.0,1
770,771,-0.8660254037844393,0.499999999999999,1
198,199,-0.8660254037844386,0.5000000000000001,0
169,172,0.8660254037844386,0.5000000000000001,1
534,535,-0.8660254037844384,0.5000000000000006,1
610,651,0.8660254037844384,0.5000000000000006,0
600,637,0.8660254037844393,-0.499999999999999,1
346,348,0.0,-1.0,1
666,667,-0.8660254037844384,0.5000000000000006,0
109,112,0.8660254037844386,0.5000000000000001,0
430,432,0.0,-1.0,1
48,101,0.8660254037844386,-0.4999999999999999,0
689,692,0.8660254037844384,0.5000000000000006,0
710,751,0.8660254037844393,0.499999999999999,0
204,241,0.8660254037844389,-0.4999999999999998,0
194,196,0.0,-1.0,0
737,740,0.8660254037844384,0.5000000000000006,1
540,577,0.8660254037844384,-0.5000000000000006,0
530,532,0.0,-1.0,1
563,565,0.0,1.0,0
304,341,0.8660254037844384,-0.5000000000000006,0
338,339,-0.8660254037844389,0.4999999999999998,0
388,425,0.8660254037844384,-0.5000000000000006,1
663,665,0.0,1.0,1
695,697,0.0,1.0,0
762,764,0.0,-1.0,1
525,528,0.8660254037844384,0.5000000000000006,1
466,469,-0.4999999999999995,0.8660254037844389,1
445,446,0.4999999999999995,0.8660254037844389,1
716,751,0.500000000000001,-0.866025403784438,0
188,223,0.4999999999999999,-0.8660254037844387,0
137,177,1.0,0.0,0
101,102,0.4999999999999999,0.8660254037844387,0
380,420,1.0,0.0,0
440,480,1.0,0.0,1
411,416,0.4999999999999995,0.8660254037844389,1
642,685,0.500000000000001,0.866025403784438,1
122,161,0.5000000000000002,-0.8660254037844385,0
377,378,0.5000000000000002,0.8660254037844385,0
40,100,1.0,0.0,1
542,585,0.4999999999999995,0.8660254037844389,1
624,663,0.4999999999999995,0.8660254037844389,1
104,139,0.4999999999999999,-0.8660254037844387,0
96,135,0.4999999999999999,0.8660254037844387,1
144,184,1.0,0.0,1
716,755,0.500000000000001,0.866025403784438,1
630,670,1.0,0.0,1
447,487,1.0,0.0,0
81,82,0.4999999999999999,0.8660254037844387,1
443,444,0.4999999999999995,-0.8660254037844389,0
571,611,1.0,0.0,0
750,753,-0.4999999999999995,0.8660254037844389,1
372,411,0.4999999999999995,0.8660254037844389,0
472,507,0.500000000000001,-0.866025403784438,1
81,118,0.03037283696153934,0.9995386389604495,0
572,612,1.0,0.0,1
154,197,0.5000000000000002,0.8660254037844385,1
417,418,0.4999999999999995,0.8660254037844389,1
362,402,1.0,0.0,1
306,349,0.4999999999999995,0.8660254037844389,0
695,700,0.4999999999999995,0.8660254037844389,0
406,445,0.4999999999999995,-0.8660254037844389,0
569,570,0.4999999999999995,0.8660254037844389,1
178,181,-0.4999999999999999,0.8660254037844387,0
498,537,0.500000000000001,-0.866025403784438,1
299,300,0.5000000000000002,-0.8660254037844385,0
789,829,1.0,0.0,1
638,678,1.0,0.0,0
320,359,0.4999999999999995,0.8660254037844389,0
779,784,0.500000000000001,0.866025403784438,1
790,830,1.0,0.0,0
480,515,0.500000000000001,-0.866025403784438,0
603,604,0.4999999999999995,-0.8660254037844389,0
671,711,1.0,0.0,0
635,636,0.4999999999999995,-0.8660254037844389,1
365,366,0.5000000000000002,0.8660254037844385,1
414,417,-0.4999999999999995,0.8660254037844389,0
32,95,0.5000000000000001,0.8660254037844386,1
327,367,1.0,0.0,0
215,216,0.4999999999999999,-0.8660254037844387,1
609,610,0.4999999999999995,0.8660254037844389,0
797,837,1.0,0.0,1
590,633,0.500000000000001,0.866025403784438,0
70,72,0.5,-0.8660254037844387,1
328,367,0.4999999999999995,0.8660254037844389,1
782,821,0.500000000000001,-0.866025403784438,1
771,811,1.0,0.0,0
394,434,1.0,0.0,1
147,148,0.4999999999999999,-0.8660254037844387,0
84,119,-0.03037283696153934,0.9995386389604495,0
275,315,1.0,0.0,1
124,164,1.0,0.0,1
15,19,-0.5,0.8660254037844387,0
704,739,0.500000000000001,-0.866025403784438,0
13,86,1.0,0.0,0
764,799,-0.030372836961539435,0.9995386389604495,0
427,467,1.0,0.0,0
606,609,-0.4999999999999995,0.8660254037844389,1
268,303,0.5000000000000002,-0.8660254037844385,1
617,618,0.4999999999999995,0.8660254037844389,0
77,79,-1.0,0.0,1
110,113,-0.4999999999999999,0.8660254037844387,0
519,559,1.0,0.0,0
249,289,1.0,0.0,0
630,673,0.4999999999999995,0.8660254037844389,0
78,80,0.5,-0.8660254037844387,0
730,769,0.4999999999999995,-0.8660254037844389,0
190,230,1.0,0.0,0
282,322,1.0,0.0,0
622,665,0.4999999999999995,0.8660254037844389,0
434,474,1.0,0.0,0
612,651,0.4999999999999995,0.8660254037844389,1
494,534,1.0,0.0,1
704,743,0.500000000000001,0.866025403784438,1
184,219,0.4999999999999999,-0.8660254037844387,1
176,215,0.4999999999999999,0.8660254037844387,0
316,356,1.0,0.0,1
431,432,0.4999999999999995,-0.8660254037844389,0
727,732,0.4999999999999995,0.8660254037844389,1
408,448,1.0,0.0,0
90,129,0.4999999999999999,-0.8660254037844387,1
711,751,1.0,0.0,1
242,281,0.5000000000000002,-0.8660254037844385,0
486,489,-0.4999999999999995,0.8660254037844389,0
95,100,0.4999999999999999,0.8660254037844387,0
474,514,1.0,0.0,1
247,252,0.5000000000000002,0.8660254037844385,1
626,666,1.0,0.0,1
475,515,1.0,0.0,0
439,440,0.4999999999999995,-0.8660254037844389,0
718,758,1.0,0.0,1
57,109,1.0,0.0,0
416,456,1.0,0.0,1
508,548,1.0,0.0,1
131,171,1.0,0.0,1
321,322,0.5000000000000002,0.8660254037844385,0
652,687,0.500000000000001,-0.866025403784438,0
242,285,0.5000000000000002,0.8660254037844385,0
744,779,0.4999999999999995,-0.8660254037844389,0
670,713,0.500000000000001,0.866025403784438,0
586,589,-0.4999999999999995,0.8660254037844389,0
758,798,1.0,0.0,0
531,536,0.4999999999999995,0.8660254037844389,0
508,543,0.500000000000001,-0.866025403784438,1
500,539,0.500000000000001,0.866025403784438,0
350,353,-0.5000000000000002,0.8660254037844385,1
759,799,1.0,0.0,0
231,271,1.0,0.0,0
112,152,1.0,0.0,0
164,199,-0.03037283696153934,0.9995386389604495,1
784,819,0.500000000000001,-0.866025403784438,0
256,291,0.5000000000000002,-0.8660254037844385,1
65,67,-1.0,0.0,0
789,790,0.500000000000001,0.866025403784438,0
426,469,0.4999999999999995,0.8660254037844389,1
689,690,0.4999999999999995,0.8660254037844389,0
119,159,1.0,0.0,1
618,657,0.4999999999999995,-0.8660254037844389,0
61,65,-0.5,0.8660254037844387,0
482,485,-0.4999999999999995,0.8660254037844389,1
514,554,1.0,0.0,1
655,660,0.4999999999999995,0.8660254037844389,0
304,344,1.0,0.0,0
153,193,1.0,0.0,0
396,436,1.0,0.0,1
209,210,0.4999999999999999,0.8660254037844387,0
618,661,0.4999999999999995,0.8660254037844389,1
581,621,1.0,0.0,0
311,351,1.0,0.0,0
522,562,1.0,0.0,1
403,443,1.0,0.0,0
244,279,-0.030372836961539373,0.9995386389604495,0
327,332,0.5000000000000002,0.8660254037844385,0
663,668,0.4999999999999995,0.8660254037844389,1
706,746,1.0,0.0,1
755,760,0.4999999999999995,0.8660254037844389,0
146,149,-0.4999999999999999,0.8660254037844387,0
104,143,0.4999999999999999,0.8660254037844387,1
766,769,-0.500000000000001,0.866025403784438,0
647,687,1.0,0.0,1
488,523,0.500000000000001,-0.866025403784438,0
71,73,0.5,0.8660254037844387,0
739,779,1.0,0.0,1
547,587,1.0,0.0,0
511,512,0.4999999999999995,-0.8660254037844389,1
639,679,1.0,0.0,0
440,479,0.4999999999999995,0.8660254037844389,0
658,701,0.500000000000001,0.866025403784438,0
22,91,1.0,0.0,1
152,191,0.5000000000000002,0.8660254037844385,1
222,265,0.5000000000000002,0.8660254037844385,0
672,712,1.0,0.0,1
485,486,0.4999999999999995,0.8660254037844389,0
46,48,0.5,-0.8660254037844387,1
503,543,1.0,0.0,0
175,180,0.4999999999999999,0.8660254037844387,1
595,635,1.0,0.0,0
267,272,0.5000000000000002,0.8660254037844385,1
687,727,1.0,0.0,0
588,623,0.500000000000001,-0.866025403784438,1
680,715,0.500000000000001,-0.866025403784438,1
462,465,-0.4999999999999995,0.8660254037844389,1
533,534,0.4999999999999995,0.8660254037844389,0
603,608,0.4999999999999995,0.8660254037844389,1
706,709,-0.4999999999999995,0.8660254037844389,0
354,397,0.4999999999999995,0.8660254037844389,0
377,417,1.0,0.0,0
194,197,-0.4999999999999999,0.8660254037844387,0
318,358,1.0,0.0,1
336,375,0.4999999999999995,0.8660254037844389,0
751,752,0.4999999999999995,-0.8660254037844389,1
259,299,1.0,0.0,0
746,786,1.0,0.0,1
29,93,0.5000000000000001,-0.8660254037844386,1
351,391,1.0,0.0,1
192,227,0.4999999999999999,-0.8660254037844387,1
779,819,1.0,0.0,1
402,442,1.0,0.0,1
654,657,-0.4999999999999995,0.8660254037844389,1
344,379,0.4999999999999995,-0.8660254037844389,0
126,129,-0.4999999999999999,0.8660254037844387,0
735,740,0.4999999999999995,0.8660254037844389,0
384,424,1.0,0.0,1
795,800,0.500000000000001,0.866025403784438,0
417,457,1.0,0.0,0
554,593,0.4999999999999995,-0.8660254037844389,1
207,247,1.0,0.0,0
317,357,1.0,0.0,1
171,172,0.4999999999999999,-0.8660254037844387,1
450,490,1.0,0.0,1
730,773,0.4999999999999995,0.8660254037844389,0
798,837,0.500000000000001,-0.866025403784438,1
599,600,0.4999999999999995,-0.8660254037844389,0
391,431,1.0,0.0,0
281,318,0.030372836961539373,0.9995386389604495,1
694,734,1.0,0.0,0
743,748,0.4999999999999995,0.8660254037844389,1
384,419,0.4999999999999995,-0.8660254037844389,0
646,689,0.500000000000001,0.866025403784438,1
746,785,0.4999999999999995,-0.8660254037844389,1
150,193,0.5000000000000002,0.8660254037844385,1
381,382,0.5000000000000002,0.8660254037844385,0
250,289,0.5000000000000002,-0.8660254037844385,0
302,345,0.4999999999999995,0.8660254037844389,1
26,32,1.0,0.0,1
583,623,1.0,0.0,1
494,533,0.500000000000001,-0.866025403784438,0
347,352,0.5000000000000002,0.8660254037844385,0
29,33,-0.5,0.8660254037844387,1
418,421,-0.4999999999999995,0.8660254037844389,0
376,415,0.4999999999999995,0.8660254037844389,0
450,453,-0.4999999999999995,0.8660254037844389,0
62,66,-0.5,0.8660254037844387,1
111,116,0.4999999999999999,0.8660254037844387,0
733,773,1.0,0.0,0
15,17,0.5,0.8660254037844387,0
793,833,1.0,0.0,0
395,396,0.5000000000000002,-0.8660254037844385,0
355,360,0.5000000000000002,0.8660254037844385,1
586,629,0.500000000000001,0.866025403784438,1
686,725,0.500000000000001,-0.866025403784438,0
547,548,0.4999999999999995,-0.8660254037844389,1
416,455,0.4999999999999995,0.8660254037844389,0
550,553,-0.4999999999999995,0.8660254037844389,0
600,639,0.500000000000001,0.866025403784438,1
239,279,1.0,0.0,0
72,111,0.5000000000000001,-0.8660254037844386,0
660,699,0.500000000000001,0.866025403784438,0
206,209,-0.4999999999999999,0.8660254037844387,1
792,827,0.500000000000001,-0.866025403784438,1
85,86,0.4999999999999999,0.8660254037844387,0
364,404,1.0,0.0,0
346,386,1.0,0.0,1
2,78,0.03037283696153935,0.9995386389604495,0
778,821,0.500000000000001,0.866025403784438,1
579,584,0.4999999999999995,0.8660254037844389,0
650,653,-0.4999999999999995,0.8660254037844389,1
151,152,0.4999999999999999,-0.8660254037844387,0
771,772,0.500000000000001,-0.866025403784438,0
122,125,-0.4999999999999999,0.8660254037844387,0
708,743,0.500000000000001,-0.866025403784438,1
463,503,1.0,0.0,1
125,126,0.4999999999999999,0.8660254037844387,1
204,279,0.030372836961539373,0.9995386389604495,0
448,487,0.500000000000001,0.866025403784438,1
146,185,0.5000000000000002,-0.8660254037844385,1
286,326,1.0,0.0,0
461,462,0.4999999999999995,0.8660254037844389,1
91,96,0.4999999999999999,0.8660254037844387,1
438,478,1.0,0.0,1
151,156,0.4999999999999999,0.8660254037844387,0
779,780,0.500000000000001,-0.866025403784438,0
681,721,1.0,0.0,0
708,747,0.500000000000001,0.866025403784438,0
1,77,0.03037283696153935,0.9995386389604495,1
254,257,-0.5000000000000002,0.8660254037844385,1
312,347,0.4999999999999995,-0.8660254037844389,0
404,439,-0.03037283696153931,0.9995386389604495,1
412,452,1.0,0.0,1
674,717,0.500000000000001,0.866025403784438,0
556,591,0.4999999999999995,-0.8660254037844389,1
317,318,0.5000000000000002,0.8660254037844385,1
766,809,0.500000000000001,0.866025403784438,1
8,84,1.0,0.0,0
390,433,0.4999999999999995,0.8660254037844389,0
422,465,0.4999999999999995,0.8660254037844389,0
441,478,0.03037283696153931,0.9995386389604495,1
522,561,0.4999999999999995,-0.8660254037844389,1
685,686,0.4999999999999995,0.8660254037844389,1
1,81,1.0,0.0,0
220,259,0.5000000000000002,0.8660254037844385,1
614,653,0.4999999999999995,-0.8660254037844389,1
312,351,0.4999999999999995,0.8660254037844389,0
45,105,0.5000000000000001,0.8660254037844386,1
504,539,0.500000000000001,-0.866025403784438,0
659,660,0.4999999999999995,-0.8660254037844389,0
755,795,1.0,0.0,0
194,233,0.4999999999999999,-0.8660254037844387,0
719,720,0.4999999999999995,-0.8660254037844389,1
69,71,-1.0,0.0,1
186,229,0.4999999999999999,0.8660254037844387,0
711,716,0.4999999999999995,0.8660254037844389,1
656,691,0.500000000000001,-0.866025403784438,0
530,533,-0.4999999999999995,0.8660254037844389,0
90,130,1.0,0.0,0
338,381,0.4999999999999995,0.8660254037844389,1
378,417,0.4999999999999995,-0.8660254037844389,1
541,542,0.4999999999999995,0.8660254037844389,1
780,815,0.500000000000001,-0.866025403784438,1
430,473,0.4999999999999995,0.8660254037844389,0
462,505,0.500000000000001,0.866025403784438,0
562,601,0.500000000000001,-0.866025403784438,0
2,4,-0.5,-0.8660254037844387,0
444,484,1.0,0.0,0
14,24,0.5,0.8660254037844387,1
536,576,1.0,0.0,1
475,480,0.4999999999999995,0.8660254037844389,0
762,802,1.0,0.0,1
569,609,1.0,0.0,1
139,140,0.4999999999999999,-0.8660254037844387,0
148,188,1.0,0.0,0
202,205,-0.4999999999999999,0.8660254037844387,0
160,199,0.5000000000000002,0.8660254037844385,0
200,235,0.4999999999999999,-0.8660254037844387,1
260,295,0.5000000000000002,-0.8660254037844385,0
484,524,1.0,0.0,1
662,701,0.500000000000001,-0.866025403784438,1
536,571,0.4999999999999995,-0.8660254037844389,0
134,173,0.5000000000000002,-0.8660254037844385,1
544,584,1.0,0.0,1
754,793,0.4999999999999995,-0.8660254037844389,1
485,525,1.0,0.0,0
517,557,1.0,0.0,1
318,357,0.4999999999999995,-0.8660254037844389,1
215,255,1.0,0.0,1
518,558,1.0,0.0,1
524,564,1.0,0.0,0
703,743,1.0,0.0,0
174,213,0.4999999999999999,-0.8660254037844387,0
234,273,0.5000000000000002,-0.8660254037844385,1
127,128,0.4999999999999999,-0.8660254037844387,0
602,641,0.4999999999999995,-0.8660254037844389,0
403,404,0.4999999999999995,-0.8660254037844389,1
363,368,0.5000000000000002,0.8660254037844385,1
499,539,1.0,0.0,1
423,428,0.4999999999999995,0.8660254037844389,1
742,782,1.0,0.0,0
214,254,1.0,0.0,0
432,467,0.4999999999999995,-0.8660254037844389,1
555,556,0.4999999999999995,-0.8660254037844389,0
46,50,-0.5,0.8660254037844387,1
775,815,1.0,0.0,0
345,346,0.5000000000000002,0.8660254037844385,1
426,429,-0.4999999999999995,0.8660254037844389,0
274,313,0.5000000000000002,-0.8660254037844385,1
280,320,1.0,0.0,0
458,497,0.500000000000001,-0.866025403784438,0
93,94,0.4999999999999999,0.8660254037844387,0
550,589,0.4999999999999995,-0.8660254037844389,0
185,186,0.4999999999999999,0.8660254037844387,0
658,698,1.0,0.0,0
371,376,0.5000000000000002,0.8660254037844385,0
642,681,0.500000000000001,-0.866025403784438,1
773,774,0.500000000000001,0.866025403784438,0
114,153,0.4999999999999999,-0.8660254037844387,0
471,472,0.4999999999999995,-0.8660254037844389,0
503,504,0.4999999999999995,-0.8660254037844389,1
373,413,1.0,0.0,1
222,262,1.0,0.0,0
103,143,1.0,0.0,0
594,637,0.500000000000001,0.866025403784438,0
163,203,1.0,0.0,0
406,446,1.0,0.0,0
739,744,0.4999999999999995,0.8660254037844389,1
457,497,1.0,0.0,0
766,767,-0.8660254037844393,0.499999999999999,1
526,567,0.8660254037844384,0.5000000000000006,0
126,166,1.0,0.0,1
534,573,0.4999999999999995,-0.8660254037844389,0
761,764,0.8660254037844393,0.499999999999999,1
514,553,0.500000000000001,-0.866025403784438,1
607,608,0.4999999999999995,-0.8660254037844389,0
109,149,1.0,0.0,1
621,624,0.8660254037844384,0.5000000000000006,0
565,568,0.8660254037844384,0.5000000000000006,0
497,500,0.8660254037844384,0.5000000000000006,1
394,395,-0.8660254037844389,0.4999999999999998,1
365,405,1.0,0.0,0
542,544,0.0,-1.0,1
642,644,0.0,-1.0,0
602,645,0.4999999999999995,0.8660254037844389,1
73,80,0.8660254037844387,0.5000000000000001,0
665,666,0.4999999999999995,0.8660254037844389,0
706,745,0.500000000000001,-0.866025403784438,0
228,268,1.0,0.0,1
220,260,1.0,0.0,1
745,748,0.8660254037844384,0.5000000000000006,1
667,707,1.0,0.0,0
408,445,0.8660254037844384,-0.5000000000000006,0
94,135,0.8660254037844386,0.5000000000000001,1
696,733,0.8660254037844393,-0.499999999999999,0
108,143,0.4999999999999999,-0.8660254037844387,0
746,789,0.4999999999999995,0.8660254037844389,0
355,357,0.0,1.0,1
201,238,0.03037283696153934,0.9995386389604495,0
770,811,0.8660254037844393,0.499999999999999,0
539,541,0.0,1.0,0
601,638,0.03037283696153931,0.9995386389604495,0
246,287,0.8660254037844389,0.4999999999999998,1
134,175,0.8660254037844389,0.4999999999999998,1
242,283,0.8660254037844389,0.4999999999999998,1
690,693,-0.4999999999999995,0.8660254037844389,0
357,360,0.8660254037844389,0.4999999999999998,1
174,176,0.0,-1.0,1
402,443,0.8660254037844384,0.5000000000000006,0
332,369,0.8660254037844384,-0.5000000000000006,1
634,636,0.0,-1.0,1
418,420,0.0,-1.0,1
59,60,0.0,-1.0,1
606,647,0.8660254037844384,0.5000000000000006,1
546,548,0.0,-1.0,1
550,591,0.8660254037844384,0.5000000000000006,1
124,163,0.5000000000000002,0.8660254037844385,0
694,735,0.8660254037844393,0.499999999999999,0
777,778,0.500000000000001,0.866025403784438,0
394,433,0.4999999999999995,-0.8660254037844389,0
510,553,0.500000000000001,0.866025403784438,1
34,39,0.0,1.0,1
613,616,0.8660254037844384,0.5000000000000006,1
314,316,0.0,-1.0,0
105,145,1.0,0.0,0
566,568,0.0,-1.0,1
607,647,1.0,0.0,1
536,573,0.8660254037844384,-0.5000000000000006,0
277,280,0.8660254037844389,0.4999999999999998,1
415,417,0.0,1.0,0
470,510,1.0,0.0,0
528,567,0.4999999999999995,0.8660254037844389,0
650,689,0.500000000000001,-0.866025403784438,1
360,397,0.8660254037844384,-0.5000000000000006,0
763,764,0.500000000000001,-0.866025403784438,1
654,656,0.0,-1.0,1
146,147,-0.8660254037844386,0.5000000000000001,1
348,387,0.4999999999999995,0.8660254037844389,1
307,309,0.0,1.0,1
642,683,0.8660254037844393,0.499999999999999,0
479,519,1.0,0.0,1
144,181,0.8660254037844389,-0.4999999999999998,0
754,755,-0.8660254037844384,0.5000000000000006,1
386,388,0.0,-1.0,1
530,573,0.4999999999999995,0.8660254037844389,0
326,329,-0.5000000000000002,0.8660254037844385,1
407,408,0.4999999999999995,-0.8660254037844389,0
266,267,-0.8660254037844389,0.4999999999999998,0
174,214,1.0,0.0,0
782,823,0.8660254037844393,0.499999999999999,1
83,85,0.0,1.0,1
586,587,-0.8660254037844384,0.5000000000000006,0
698,699,-0.8660254037844384,0.5000000000000006,0
650,651,-0.8660254037844384,0.5000000000000006,1
130,131,-0.8660254037844386,0.5000000000000001,1
724,761,0.8660254037844384,-0.5000000000000006,1
661,701,1.0,0.0,1
465,468,0.8660254037844384,0.5000000000000006,1
340,377,0.8660254037844384,-0.5000000000000006,1
578,580,0.0,-1.0,1
576,613,0.8660254037844393,-0.499999999999999,1
578,619,0.8660254037844393,0.499999999999999,1
255,257,0.0,1.0,0
250,252,0.0,-1.0,0
538,540,0.0,-1.0,1
674,713,0.500000000000001,-0.866025403784438,0
431,436,0.4999999999999995,0.8660254037844389,0
116,153,0.8660254037844386,-0.5000000000000001,0
507,508,0.4999999999999995,-0.8660254037844389,1
466,468,0.0,-1.0,1
790,833,0.500000000000001,0.866025403784438,0
691,692,0.4999999999999995,-0.8660254037844389,1
679,719,1.0,0.0,1
153,156,0.8660254037844386,0.5000000000000001,0
610,653,0.4999999999999995,0.8660254037844389,0
692,727,0.500000000000001,-0.866025403784438,1
470,472,0.0,-1.0,1
776,811,0.500000000000001,-0.866025403784438,0
124,199,0.030372836961539373,0.9995386389604495,0
558,560,0.0,-1.0,1
805,808,0.8660254037844393,0.499999999999999,0
624,661,0.8660254037844384,-0.5000000000000006,1
53,54,-0.8660254037844387,0.5000000000000001,1
795,835,1.0,0.0,1
821,824,0.8660254037844393,0.499999999999999,1
212,247,0.5000000000000002,-0.8660254037844385,0
478,481,0.030372836961539435,-0.9995386389604495,1
446,448,0.0,-1.0,0
184,223,0.4999999999999999,0.8660254037844387,0
339,341,0.0,1.0,0
349,350,0.5000000000000002,0.8660254037844385,0
367,372,0.5000000000000002,0.8660254037844385,1
521,524,0.8660254037844384,0.5000000000000006,1
514,517,-0.4999999999999995,0.8660254037844389,1
393,394,0.5000000000000002,0.8660254037844385,1
486,487,-0.8660254037844384,0.5000000000000006,1
166,207,0.8660254037844386,0.5000000000000001,0
412,449,0.8660254037844384,-0.5000000000000006,0
370,372,0.0,-1.0,0
527,529,0.0,1.0,0
91,92,0.4999999999999999,-0.8660254037844387,1
542,545,-0.4999999999999995,0.8660254037844389,1
426,427,-0.8660254037844384,0.5000000000000006,1
142,144,0.0,-1.0,1
628,668,1.0,0.0,0
610,650,1.0,0.0,0
472,512,1.0,0.0,0
448,485,0.8660254037844393,-0.499999999999999,1
670,711,0.8660254037844393,0.499999999999999,0
742,744,0.0,-1.0,1
240,280,1.0,0.0,0
604,643,0.4999999999999995,0.8660254037844389,0
244,284,1.0,0.0,1
242,243,-0.8660254037844389,0.4999999999999998,1
462,463,-0.8660254037844384,0.5000000000000006,1
268,305,0.8660254037844389,-0.4999999999999998,1
182,183,-0.8660254037844386,0.5000000000000001,1
470,471,-0.8660254037844384,0.5000000000000006,0
536,575,0.4999999999999995,0.8660254037844389,1
234,236,0.0,-1.0,0
314,315,-0.8660254037844389,0.4999999999999998,0
314,317,-0.5000000000000002,0.8660254037844385,1
294,334,1.0,0.0,0
262,263,-0.8660254037844389,0.4999999999999998,0
90,131,0.8660254037844386,0.5000000000000001,0
521,559,0.0,1.0,0
37,39,-1.0,0.0,0
251,253,0.0,1.0,0
525,526,0.4999999999999995,0.8660254037844389,1
224,259,0.5000000000000002,-0.8660254037844385,0
305,306,0.5000000000000002,0.8660254037844385,1
572,609,0.8660254037844393,-0.499999999999999,1
16,85,0.8660254037844386,-0.4999999999999999,1
127,167,1.0,0.0,0
310,311,-0.8660254037844389,0.4999999999999998,0
616,655,0.4999999999999995,0.8660254037844389,1
156,195,0.5000000000000002,0.8660254037844385,0
110,111,-0.8660254037844386,0.5000000000000001,0
159,199,1.0,0.0,1
603,605,0.0,1.0,1
254,293,0.5000000000000002,-0.8660254037844385,1
498,539,0.8660254037844393,0.499999999999999,0
330,331,-0.8660254037844389,0.4999999999999998,1
464,501,0.8660254037844393,-0.499999999999999,1
241,278,0.030372836961539373,0.9995386389604495,1
494,537,0.500000000000001,0.866025403784438,0
296,335,0.4999999999999995,0.8660254037844389,0
178,180,0.0,-1.0,1
149,152,0.8660254037844386,0.5000000000000001,1
530,569,0.4999999999999995,-0.8660254037844389,1
361,399,0.0,1.0,0
223,225,0.0,1.0,1
469,472,0.8660254037844384,0.5000000000000006,1
370,371,-0.8660254037844389,0.4999999999999998,0
493,496,0.8660254037844384,0.5000000000000006,0
509,510,0.4999999999999995,0.8660254037844389,0
678,719,0.8660254037844393,0.499999999999999,1
106,108,0.0,-1.0,0
170,172,0.0,-1.0,0
130,173,0.5000000000000002,0.8660254037844385,1
82,83,-0.8660254037844386,0.5000000000000001,0
108,145,0.8660254037844386,-0.5000000000000001,0
618,620,0.0,-1.0,0
307,347,1.0,0.0,0
263,265,0.0,1.0,1
732,769,0.8660254037844384,-0.5000000000000006,1
222,224,0.0,-1.0,1
584,623,0.500000000000001,0.866025403784438,0
414,457,0.4999999999999995,0.8660254037844389,0
27,28,0.0,-1.0,0
306,347,0.8660254037844384,0.5000000000000006,1
207,209,0.0,1.0,0
234,235,-0.8660254037844386,0.5000000000000001,1
650,691,0.8660254037844393,0.499999999999999,1
497,537,1.0,0.0,0
657,660,0.8660254037844384,0.5000000000000006,0
387,389,0.0,1.0,0
714,753,0.500000000000001,-0.866025403784438,1
638,639,-0.8660254037844384,0.5000000000000006,1
675,676,0.4999999999999995,-0.8660254037844389,0
106,147,0.8660254037844386,0.5000000000000001,1
491,493,0.0,1.0,1
654,697,0.500000000000001,0.866025403784438,0
717,718,0.4999999999999995,0.8660254037844389,1
83,84,0.4999999999999999,-0.8660254037844387,0
676,716,1.0,0.0,0
608,645,0.8660254037844384,-0.5000000000000006,1
198,238,1.0,0.0,1
614,655,0.8660254037844384,0.5000000000000006,1
405,406,0.4999999999999995,0.8660254037844389,1
743,745,0.0,1.0,1
213,216,0.8660254037844386,0.5000000000000001,0
611,616,0.4999999999999995,0.8660254037844389,1
326,367,0.8660254037844384,0.5000000000000006,0
785,788,0.8660254037844393,0.499999999999999,1
226,227,-0.8660254037844386,0.5000000000000001,1
454,455,-0.8660254037844384,0.5000000000000006,0
74,78,0.5,0.8660254037844387,1
431,433,0.0,1.0,1
316,353,0.8660254037844384,-0.5000000000000006,1
454,494,1.0,0.0,0
172,212,1.0,0.0,1
526,569,0.4999999999999995,0.8660254037844389,0
401,404,0.8660254037844384,0.5000000000000006,0
351,352,0.5000000000000002,-0.8660254037844385,0
333,334,0.5000000000000002,0.8660254037844385,0
678,681,0.030372836961539435,-0.9995386389604495,0
500,540,1.0,0.0,1
89,92,0.8660254037844386,0.5000000000000001,0
218,259,0.8660254037844389,0.4999999999999998,1
350,352,0.0,-1.0,1
482,521,0.500000000000001,-0.866025403784438,1
298,338,1.0,0.0,0
467,469,0.0,1.0,0
37,97,0.5000000000000001,-0.8660254037844386,0
557,560,0.8660254037844384,0.5000000000000006,0
568,603,0.500000000000001,-0.866025403784438,0
522,565,0.4999999999999995,0.8660254037844389,1
478,519,0.8660254037844393,0.499999999999999,0
749,750,0.4999999999999995,0.8660254037844389,1
752,791,0.4999999999999995,0.8660254037844389,0
445,448,0.8660254037844384,0.5000000000000006,1
29,30,-0.8660254037844387,0.5000000000000001,1
414,455,0.8660254037844384,0.5000000000000006,1
611,612,0.4999999999999995,-0.8660254037844389,0
765,766,0.500000000000001,0.866025403784438,0
564,604,1.0,0.0,1
652,689,0.8660254037844393,-0.499999999999999,1
790,792,0.0,-1.0,1
301,304,0.8660254037844389,0.4999999999999998,0
31,33,0.5,0.8660254037844387,0
498,500,0.0,-1.0,0
390,431,0.8660254037844384,0.5000000000000006,0
799,800,0.500000000000001,-0.866025403784438,1
316,355,0.4999999999999995,0.8660254037844389,0
420,460,1.0,0.0,0
246,247,-0.8660254037844389,0.4999999999999998,1
530,570,1.0,0.0,1
778,819,0.8660254037844393,0.499999999999999,0
193,233,1.0,0.0,1
265,266,0.5000000000000002,0.8660254037844385,1
402,404,0.0,-1.0,0
1,3,-1.0,0.0,0
274,315,0.8660254037844389,0.4999999999999998,1
582,623,0.8660254037844393,0.499999999999999,0
383,388,0.5000000000000002,0.8660254037844385,1
382,421,0.4999999999999995,-0.8660254037844389,1
187,188,0.4999999999999999,-0.8660254037844387,0
668,705,0.8660254037844393,-0.499999999999999,1
773,776,0.8660254037844393,0.499999999999999,0
69,117,0.5000000000000001,0.8660254037844386,1
692,731,0.500000000000001,0.866025403784438,1
791,831,1.0,0.0,0
450,451,-0.8660254037844384,0.5000000000000006,1
302,303,-0.8660254037844389,0.4999999999999998,0
219,221,0.0,1.0,0
214,253,0.5000000000000002,-0.8660254037844385,0
647,652,0.4999999999999995,0.8660254037844389,0
62,68,-1.0,0.0,0
605,606,0.4999999999999995,0.8660254037844389,1
714,715,-0.8660254037844384,0.5000000000000006,1
664,703,0.500000000000001,0.866025403784438,0
217,218,0.4999999999999999,0.8660254037844387,1
162,201,0.4999999999999999,-0.8660254037844387,1
212,249,0.8660254037844389,-0.4999999999999998,0
25,93,1.0,0.0,0
205,206,0.4999999999999999,0.8660254037844387,1
586,588,0.0,-1.0,0
252,289,0.8660254037844389,-0.4999999999999998,0
762,763,-0.8660254037844393,0.499999999999999,1
774,777,-0.500000000000001,0.866025403784438,1
665,668,0.8660254037844384,0.5000000000000006,0
605,608,0.8660254037844384,0.5000000000000006,0
420,457,0.8660254037844384,-0.5000000000000006,0
706,747,0.8660254037844393,0.499999999999999,1
55,60,-0.8660254037844387,0.5000000000000001,1
1,7,-0.5,0.8660254037844387,0
30,33,0.0,1.0,1
200,237,0.8660254037844386,-0.5000000000000001,0
307,312,0.5000000000000002,0.8660254037844385,0
500,537,0.8660254037844393,-0.499999999999999,0
362,364,0.0,-1.0,0
337,338,0.5000000000000002,0.8660254037844385,1
751,753,0.0,1.0,0
724,759,-0.03037283696153931,0.9995386389604495,0
358,359,-0.8660254037844389,0.4999999999999998,0
190,191,-0.8660254037844386,0.5000000000000001,1
550,551,-0.8660254037844384,0.5000000000000006,1
335,337,0.0,1.0,1
183,185,0.0,1.0,0
436,476,1.0,0.0,0
492,532,1.0,0.0,1
226,228,0.0,-1.0,0
49,56,0.8660254037844387,0.5000000000000001,0
350,351,-0.8660254037844389,0.4999999999999998,1
407,409,0.0,1.0,1
219,224,0.4999999999999999,0.8660254037844387,1
214,255,0.8660254037844389,0.4999999999999998,0
341,381,1.0,0.0,1
248,285,0.8660254037844389,-0.4999999999999998,1
379,419,1.0,0.0,1
118,158,1.0,0.0,1
318,319,-0.8660254037844389,0.4999999999999998,0
490,492,0.0,-1.0,1
376,413,0.8660254037844384,-0.5000000000000006,0
512,549,0.8660254037844393,-0.499999999999999,1
218,257,0.5000000000000002,-0.8660254037844385,0
61,110,1.0,0.0,1
418,419,-0.8660254037844384,0.5000000000000006,1
182,185,-0.4999999999999999,0.8660254037844387,1
66,67,-0.8660254037844387,-0.5000000000000001,1
10,15,0.0,1.0,1
538,581,0.4999999999999995,0.8660254037844389,0
634,637,-0.4999999999999995,0.8660254037844389,1
388,427,0.4999999999999995,0.8660254037844389,0
544,581,0.8660254037844384,-0.5000000000000006,0
283,284,0.5000000000000002,-0.8660254037844385,1
770,773,-0.500000000000001,0.866025403784438,1
210,213,-0.4999999999999999,0.8660254037844387,0
73,74,-0.8660254037844387,0.5000000000000001,0
546,589,0.4999999999999995,0.8660254037844389,0
286,287,-0.8660254037844389,0.4999999999999998,0
90,91,-0.8660254037844386,0.5000000000000001,1
837,838,0.500000000000001,0.866025403784438,0
138,139,-0.8660254037844386,0.5000000000000001,0
506,545,0.500000000000001,-0.866025403784438,1
767,772,0.500000000000001,0.866025403784438,0
582,622,1.0,0.0,1
262,305,0.5000000000000002,0.8660254037844385,1
636,673,0.8660254037844384,-0.5000000000000006,0
694,695,-0.8660254037844384,0.5000000000000006,1
771,776,0.500000000000001,0.866025403784438,1
168,203,0.4999999999999999,-0.8660254037844387,1
453,454,0.4999999999999995,0.8660254037844389,1
601,604,0.8660254037844384,0.5000000000000006,1
335,336,0.5000000000000002,-0.8660254037844385,1
790,831,0.8660254037844393,0.499999999999999,0
744,784,1.0,0.0,1
162,163,-0.8660254037844386,0.5000000000000001,0
662,664,0.0,-1.0,1
370,410,1.0,0.0,0
354,395,0.8660254037844384,0.5000000000000006,0
446,486,1.0,0.0,1
64,111,0.5000000000000001,0.8660254037844386,1
595,596,0.4999999999999995,-0.8660254037844389,0
222,223,-0.8660254037844386,0.5000000000000001,0
252,287,0.5000000000000002,-0.8660254037844385,1
490,531,0.8660254037844393,0.499999999999999,1
285,288,0.8660254037844389,0.4999999999999998,1
298,300,0.0,-1.0,1
75,76,0.0,-1.0,0
616,653,0.8660254037844384,-0.5000000000000006,0
718,720,0.0,-1.0,1
364,401,0.8660254037844384,-0.5000000000000006,0
766,807,0.8660254037844393,0.499999999999999,1
543,545,0.0,1.0,0
198,201,0.03037283696153934,-0.9995386389604495,1
208,245,0.8660254037844389,-0.4999999999999998,1
399,400,0.5000000000000002,-0.8660254037844385,0
305,308,0.8660254037844389,0.4999999999999998,0
135,140,0.4999999999999999,0.8660254037844387,0
608,648,1.0,0.0,1
261,301,1.0,0.0,0
523,524,0.4999999999999995,-0.8660254037844389,1
309,312,0.8660254037844389,0.4999999999999998,1
581,584,0.8660254037844384,0.5000000000000006,1
140,175,0.5000000000000002,-0.8660254037844385,0
480,517,0.8660254037844393,-0.499999999999999,1
175,177,0.0,1.0,1
819,821,0.0,1.0,1
401,441,1.0,0.0,1
779,781,0.0,1.0,0
280,317,0.8660254037844389,-0.4999999999999998,1
455,460,0.4999999999999995,0.8660254037844389,1
717,720,0.8660254037844384,0.5000000000000006,0
786,788,0.0,-1.0,0
666,669,-0.4999999999999995,0.8660254037844389,1
182,221,0.4999999999999999,-0.8660254037844387,0
756,793,0.8660254037844384,-0.5000000000000006,0
351,353,0.0,1.0,0
478,480,0.0,-1.0,0
304,339,0.4999999999999995,-0.8660254037844389,0
330,369,0.4999999999999995,-0.8660254037844389,0
379,381,0.0,1.0,0
364,439,0.03037283696153931,0.9995386389604495,0
644,683,0.500000000000001,0.866025403784438,0
629,632,0.8660254037844384,0.5000000000000006,1
184,224,1.0,0.0,1
518,557,0.500000000000001,-0.866025403784438,0
735,737,0.0,1.0,0
274,276,0.0,-1.0,0
438,439,-0.8660254037844384,0.5000000000000006,0
404,479,0.03037283696153931,0.9995386389604495,0
459,464,0.4999999999999995,0.8660254037844389,0
746,748,0.0,-1.0,0
590,629,0.500000000000001,-0.866025403784438,1
512,552,1.0,0.0,0
813,814,0.500000000000001,0.866025403784438,0
344,381,0.8660254037844384,-0.5000000000000006,1
542,583,0.8660254037844384,0.5000000000000006,1
186,188,0.0,-1.0,0
302,343,0.8660254037844384,0.5000000000000006,1
558,599,0.8660254037844384,0.5000000000000006,0
806,807,-0.8660254037844393,0.499999999999999,0
758,797,0.4999999999999995,-0.8660254037844389,0
546,586,1.0,0.0,0
668,703,0.500000000000001,-0.866025403784438,0
56,103,0.5000000000000001,-0.8660254037844386,1
352,391,0.4999999999999995,0.8660254037844389,1
138,177,0.5000000000000002,-0.8660254037844385,0
154,156,0.0,-1.0,1
334,375,0.8660254037844384,0.5000000000000006,0
313,316,0.8660254037844389,0.4999999999999998,0
9,16,0.8660254037844387,0.5000000000000001,0
283,285,0.0,1.0,0
384,423,0.4999999999999995,0.8660254037844389,1
575,576,0.4999999999999995,-0.8660254037844389,1
38,39,-0.8660254037844387,-0.5000000000000001,0
514,515,-0.8660254037844384,0.5000000000000006,1
442,483,0.8660254037844393,0.499999999999999,1
270,273,-0.5000000000000002,0.8660254037844385,1
642,682,1.0,0.0,1
139,141,0.0,1.0,1
138,179,0.8660254037844389,0.4999999999999998,0
102,145,0.4999999999999999,0.8660254037844387,1
62,65,0.0,1.0,0
678,680,0.0,-1.0,0
65,72,0.8660254037844387,0.5000000000000001,1
422,463,0.8660254037844384,0.5000000000000006,1
614,616,0.0,-1.0,1
390,392,0.0,-1.0,0
762,801,0.500000000000001,-0.866025403784438,1
13,89,0.5000000000000001,0.8660254037844386,1
252,292,1.0,0.0,1
601,639,0.0,1.0,0
446,485,0.500000000000001,-0.866025403784438,1
630,632,0.0,-1.0,0
293,296,0.8660254037844389,0.4999999999999998,0
600,635,0.500000000000001,-0.866025403784438,0
214,217,-0.4999999999999999,0.8660254037844387,0
101,104,0.8660254037844386,0.5000000000000001,1
633,634,0.4999999999999995,0.8660254037844389,1
209,249,1.0,0.0,0
278,279,-0.8660254037844389,0.4999999999999998,0
706,707,-0.8660254037844384,0.5000000000000006,0
654,694,1.0,0.0,1
238,239,-0.8660254037844386,0.5000000000000001,1
190,231,0.8660254037844386,0.5000000000000001,1
580,617,0.8660254037844393,-0.499999999999999,1
283,288,0.5000000000000002,0.8660254037844385,1
592,629,0.8660254037844393,-0.499999999999999,0
380,415,0.4999999999999995,-0.8660254037844389,1
418,458,1.0,0.0,1
595,597,0.0,1.0,0
250,251,-0.8660254037844389,0.4999999999999998,0
90,133,0.4999999999999999,0.8660254037844387,1
638,640,0.0,-1.0,1
644,681,0.8660254037844393,-0.499999999999999,1
150,152,0.0,-1.0,1
506,507,-0.8660254037844384,0.5000000000000006,1
520,555,0.500000000000001,-0.866025403784438,0
341,344,0.8660254037844389,0.4999999999999998,1
95,97,0.0,1.0,1
308,343,0.4999999999999995,-0.8660254037844389,0
47,52,-0.8660254037844387,0.5000000000000001,1
13,16,0.0,-1.0,0
778,780,0.0,-1.0,1
562,603,0.8660254037844393,0.499999999999999,1
510,512,0.0,-1.0,0
378,418,1.0,0.0,1
681,719,0.0,1.0,1
468,503,0.500000000000001,-0.866025403784438,1
454,457,-0.4999999999999995,0.8660254037844389,0
458,498,1.0,0.0,0
784,821,0.8660254037844393,-0.499999999999999,1
716,753,0.8660254037844393,-0.499999999999999,0
208,248,1.0,0.0,1
596,631,0.500000000000001,-0.866025403784438,1
636,676,1.0,0.0,0
50,55,0.0,1.0,0
9,11,-1.0,0.0,1
107,109,0.0,1.0,0
153,154,0.4999999999999999,0.8660254037844387,0
95,96,0.4999999999999999,-0.8660254037844387,1
181,184,0.8660254037844386,0.5000000000000001,0
13,14,-0.8660254037844387,0.5000000000000001,0
326,328,0.0,-1.0,1
206,247,0.8660254037844389,0.4999999999999998,0
106,107,-0.8660254037844386,0.5000000000000001,1
17,19,-1.0,0.0,1
702,703,-0.8660254037844384,0.5000000000000006,1
328,368,1.0,0.0,0
282,284,0.0,-1.0,0
586,626,1.0,0.0,0
783,823,1.0,0.0,0
333,336,0.8660254037844389,0.4999999999999998,1
594,634,1.0,0.0,0
17,18,-0.8660254037844387,0.5000000000000001,0
379,380,0.5000000000000002,-0.8660254037844385,1
437,440,0.8660254037844384,0.5000000000000006,1
378,380,0.0,-1.0,1
666,707,0.8660254037844393,0.499999999999999,1
100,137,0.8660254037844386,-0.5000000000000001,0
499,501,0.0,1.0,1
559,560,0.4999999999999995,-0.8660254037844389,0
120,157,0.8660254037844386,-0.5000000000000001,1
521,558,0.03037283696153931,0.9995386389604495,0
752,787,0.4999999999999995,-0.8660254037844389,0
81,119,0.0,1.0,0
122,124,0.0,-1.0,0
189,229,1.0,0.0,1
422,461,0.4999999999999995,-0.8660254037844389,0
734,737,-0.4999999999999995,0.8660254037844389,1
343,345,0.0,1.0,1
817,820,0.8660254037844393,0.499999999999999,1
329,332,0.8660254037844389,0.4999999999999998,0
704,741,0.8660254037844393,-0.499999999999999,1
80,115,0.5000000000000001,-0.8660254037844386,0
201,239,0.0,1.0,1
69,115,0.8660254037844386,0.4999999999999999,1
337,377,1.0,0.0,1
548,587,0.4999999999999995,0.8660254037844389,0
645,648,0.8660254037844384,0.5000000000000006,0
213,253,1.0,0.0,0
210,249,0.5000000000000002,-0.8660254037844385,1
77,119,0.8660254037844386,0.4999999999999999,0
303,304,0.5000000000000002,-0.8660254037844385,0
29,95,0.8660254037844386,0.4999999999999999,1
430,471,0.8660254037844384,0.5000000000000006,0
796,836,1.0,0.0,0
321,359,0.0,1.0,0
240,277,0.8660254037844389,-0.4999999999999998,1
171,173,0.0,1.0,1
482,483,-0.8660254037844384,0.5000000000000006,0
226,267,0.8660254037844389,0.4999999999999998,1
468,508,1.0,0.0,0
527,528,0.4999999999999995,-0.8660254037844389,1
161,198,0.03037283696153934,0.9995386389604495,0
316,351,0.4999999999999995,-0.8660254037844389,0
612,649,0.8660254037844384,-0.5000000000000006,0
442,485,0.500000000000001,0.866025403784438,1
140,177,0.8660254037844389,-0.4999999999999998,1
692,732,1.0,0.0,1
62,63,-0.8660254037844387,-0.5000000000000001,0
703,708,0.4999999999999995,0.8660254037844389,0
193,196,0.8660254037844386,0.5000000000000001,1
547,549,0.0,1.0,0
469,470,0.4999999999999995,0.8660254037844389,1
533,573,1.0,0.0,0
742,783,0.8660254037844384,0.5000000000000006,0
285,286,0.5000000000000002,0.8660254037844385,1
257,258,0.5000000000000002,0.8660254037844385,1
109,110,0.4999999999999999,0.8660254037844387,0
74,80,1.0,0.0,1
698,700,0.0,-1.0,0
634,635,-0.8660254037844384,0.5000000000000006,0
311,316,0.5000000000000002,0.8660254037844385,1
476,511,0.500000000000001,-0.866025403784438,0
147,152,0.4999999999999999,0.8660254037844387,0
485,488,0.8660254037844384,0.5000000000000006,0
134,136,0.0,-1.0,1
787,789,0.0,1.0,1
818,820,0.0,-1.0,0
142,183,0.8660254037844389,0.4999999999999998,1
99,101,0.0,1.0,1
290,292,0.0,-1.0,0
165,168,0.8660254037844386,0.5000000000000001,0
821,822,0.500000000000001,0.866025403784438,1
464,499,0.500000000000001,-0.866025403784438,1
297,300,0.8660254037844389,0.4999999999999998,1
206,249,0.5000000000000002,0.8660254037844385,1
276,311,0.5000000000000002,-0.8660254037844385,0
764,839,0.030372836961539435,0.9995386389604495,0
119,120,0.4999999999999999,-0.8660254037844387,1
563,603,1.0,0.0,0
813,816,0.8660254037844393,0.499999999999999,0
480,520,1.0,0.0,1
116,155,0.4999999999999999,0.8660254037844387,0
38,41,0.0,1.0,0
117,157,1.0,0.0,1
721,758,0.03037283696153931,0.9995386389604495,0
308,345,0.8660254037844384,-0.5000000000000006,0
459,461,0.0,1.0,1
156,191,0.5000000000000002,-0.8660254037844385,0
752,789,0.8660254037844384,-0.5000000000000006,1
649,652,0.8660254037844384,0.5000000000000006,1
147,187,1.0,0.0,1
558,559,-0.8660254037844384,0.5000000000000006,1
586,627,0.8660254037844393,0.499999999999999,0
366,409,0.4999999999999995,0.8660254037844389,0
375,377,0.0,1.0,1
154,193,0.5000000000000002,-0.8660254037844385,1
626,667,0.8660254037844384,0.5000000000000006,1
376,416,1.0,0.0,0
39,44,-0.8660254037844387,0.5000000000000001,0
444,481,0.8660254037844393,-0.499999999999999,1
336,373,0.8660254037844384,-0.5000000000000006,1
474,517,0.500000000000001,0.866025403784438,1
589,592,0.8660254037844384,0.5000000000000006,1
334,374,1.0,0.0,1
391,393,0.0,1.0,1
94,134,1.0,0.0,0
692,729,0.8660254037844393,-0.499999999999999,1
180,219,0.4999999999999999,0.8660254037844387,0
69,70,-0.8660254037844387,0.5000000000000001,0
538,579,0.8660254037844384,0.5000000000000006,1
660,697,0.8660254037844393,-0.499999999999999,0
455,457,0.0,1.0,0
513,553,1.0,0.0,0
253,256,0.8660254037844389,0.4999999999999998,1
111,151,1.0,0.0,0
7,9,0.5,0.8660254037844387,1
659,699,1.0,0.0,0
300,337,0.8660254037844384,-0.5000000000000006,1
674,676,0.0,-1.0,1
507,509,0.0,1.0,1
711,713,0.0,1.0,0
760,797,0.8660254037844384,-0.5000000000000006,1
284,321,0.8660254037844384,-0.5000000000000006,1
389,392,0.8660254037844389,0.4999999999999998,0
38,44,-1.0,0.0,0
690,691,-0.8660254037844384,0.5000000000000006,0
506,508,0.0,-1.0,1
63,67,-0.5,0.8660254037844387,1
688,725,0.8660254037844393,-0.499999999999999,0
490,533,0.500000000000001,0.866025403784438,1
566,567,-0.8660254037844384,0.5000000000000006,0
430,431,-0.8660254037844384,0.5000000000000006,1
258,299,0.8660254037844389,0.4999999999999998,1
110,150,1.0,0.0,0
495,535,1.0,0.0,0
667,669,0.0,1.0,1
131,133,0.0,1.0,1
128,165,0.8660254037844389,-0.4999999999999998,0
222,263,0.8660254037844389,0.4999999999999998,0
210,212,0.0,-1.0,1
172,209,0.8660254037844386,-0.5000000000000001,0
306,309,-0.5000000000000002,0.8660254037844385,1
452,489,0.8660254037844393,-0.499999999999999,0
201,202,0.4999999999999999,0.8660254037844387,0
226,269,0.5000000000000002,0.8660254037844385,0
502,504,0.0,-1.0,0
298,341,0.4999999999999995,0.8660254037844389,1
77,80,0.0,-1.0,1
209,212,0.8660254037844386,0.5000000000000001,0
490,491,-0.8660254037844384,0.5000000000000006,1
264,299,0.5000000000000002,-0.8660254037844385,1
702,745,0.500000000000001,0.866025403784438,1
86,127,0.8660254037844386,0.5000000000000001,1
51,52,0.0,-1.0,0
13,85,0.5000000000000001,-0.8660254037844386,0
266,268,0.0,-1.0,0
498,499,-0.8660254037844384,0.5000000000000006,1
645,685,1.0,0.0,0
315,317,0.0,1.0,1
415,420,0.4999999999999995,0.8660254037844389,1
763,768,0.500000000000001,0.866025403784438,0
205,208,0.8660254037844386,0.5000000000000001,0
796,833,0.8660254037844393,-0.499999999999999,1
286,327,0.8660254037844384,0.5000000000000006,1
823,824,0.500000000000001,-0.866025403784438,0
727,729,0.0,1.0,1
456,493,0.8660254037844393,-0.499999999999999,0
418,461,0.4999999999999995,0.8660254037844389,1
598,600,0.0,-1.0,0
378,379,-0.8660254037844389,0.4999999999999998,0
434,436,0.0,-1.0,0
737,777,1.0,0.0,0
230,269,0.5000000000000002,-0.8660254037844385,0
358,399,0.8660254037844384,0.5000000000000006,1
509,549,1.0,0.0,1
175,176,0.4999999999999999,-0.8660254037844387,0
669,672,0.8660254037844384,0.5000000000000006,0
243,245,0.0,1.0,0
392,431,0.4999999999999995,0.8660254037844389,0
8,81,0.8660254037844386,-0.4999999999999999,1
454,493,0.500000000000001,-0.866025403784438,1
470,511,0.8660254037844393,0.499999999999999,1
238,279,0.8660254037844389,0.4999999999999998,1
673,676,0.8660254037844384,0.5000000000000006,1
586,625,0.500000000000001,-0.866025403784438,1
158,160,0.0,-1.0,1
794,795,-0.8660254037844393,0.499999999999999,1
438,440,0.0,-1.0,1
70,115,1.0,0.0,0
777,817,1.0,0.0,0
550,552,0.0,-1.0,1
423,424,0.4999999999999995,-0.8660254037844389,0
698,739,0.8660254037844393,0.499999999999999,0
789,792,0.8660254037844393,0.499999999999999,0
282,285,-0.5000000000000002,0.8660254037844385,0
134,135,-0.8660254037844386,0.5000000000000001,1
294,295,-0.8660254037844389,0.4999999999999998,0
473,513,1.0,0.0,0
322,323,-0.8660254037844389,0.4999999999999998,1
699,701,0.0,1.0,0
561,599,0.0,1.0,1
749,752,0.8660254037844384,0.5000000000000006,1
492,529,0.8660254037844393,-0.499999999999999,1
588,625,0.8660254037844393,-0.499999999999999,0
143,148,0.4999999999999999,0.8660254037844387,0
5,9,-0.5,0.8660254037844387,1
675,715,1.0,0.0,0
602,603,-0.8660254037844384,0.5000000000000006,1
564,639,0.030372836961539435,0.9995386389604495,1
546,587,0.8660254037844384,0.5000000000000006,1
269,272,0.8660254037844389,0.4999999999999998,1
819,820,0.500000000000001,-0.866025403784438,1
460,497,0.8660254037844393,-0.499999999999999,0
310,351,0.8660254037844384,0.5000000000000006,1
622,661,0.4999999999999995,-0.8660254037844389,0
46,52,-1.0,0.0,1
688,727,0.500000000000001,0.866025403784438,0
688,723,0.500000000000001,-0.866025403784438,1
462,464,0.0,-1.0,1
476,513,0.8660254037844393,-0.499999999999999,0
177,180,0.8660254037844386,0.5000000000000001,1
145,148,0.8660254037844386,0.5000000000000001,1
314,357,0.4999999999999995,0.8660254037844389,0
233,234,0.4999999999999999,0.8660254037844387,1
225,228,0.8660254037844386,0.5000000000000001,0
372,407,0.4999999999999995,-0.8660254037844389,0
700,735,0.500000000000001,-0.866025403784438,0
174,217,0.4999999999999999,0.8660254037844387,0
658,660,0.0,-1.0,0
621,622,0.4999999999999995,0.8660254037844389,0
162,203,0.8660254037844386,0.5000000000000001,0
331,332,0.5000000000000002,-0.8660254037844385,1
635,637,0.0,1.0,1
593,596,0.8660254037844384,0.5000000000000006,1
148,185,0.8660254037844389,-0.4999999999999998,1
348,385,0.8660254037844384,-0.5000000000000006,0
747,749,0.0,1.0,1
3,4,0.0,-1.0,0
615,616,0.4999999999999995,-0.8660254037844389,1
526,528,0.0,-1.0,1
320,357,0.8660254037844384,-0.5000000000000006,1
353,356,0.8660254037844389,0.4999999999999998,1
679,680,0.4999999999999995,-0.8660254037844389,1
174,215,0.8660254037844386,0.5000000000000001,0
686,727,0.8660254037844393,0.499999999999999,1
750,791,0.8660254037844384,0.5000000000000006,0
714,754,1.0,0.0,0
554,594,1.0,0.0,1
142,143,-0.8660254037844386,0.5000000000000001,0
798,800,0.0,-1.0,1
488,527,0.500000000000001,0.866025403784438,1
795,797,0.0,1.0,1
400,437,0.8660254037844384,-0.5000000000000006,1
74,79,0.0,1.0,1
505,545,1.0,0.0,0
403,405,0.0,1.0,1
287,289,0.0,1.0,0
797,800,0.8660254037844393,0.499999999999999,0
215,217,0.0,1.0,0
45,46,-0.8660254037844387,0.5000000000000001,0
454,495,0.8660254037844393,0.499999999999999,1
289,329,1.0,0.0,1
809,810,0.500000000000001,0.866025403784438,1
82,121,0.4999999999999999,-0.8660254037844387,0
570,609,0.500000000000001,-0.866025403784438,0
462,503,0.8660254037844393,0.499999999999999,0
146,186,1.0,0.0,0
543,583,1.0,0.0,1
349,352,0.8660254037844389,0.4999999999999998,0
290,331,0.8660254037844384,0.5000000000000006,1
324,364,1.0,0.0,1
270,311,0.8660254037844389,0.4999999999999998,0
246,249,-0.5000000000000002,0.8660254037844385,0
561,601,1.0,0.0,0
810,812,0.0,-1.0,0
521,561,1.0,0.0,1
811,813,0.0,1.0,1
774,776,0.0,-1.0,1
429,469,1.0,0.0,0
38,48,0.5,0.8660254037844387,1
192,229,0.8660254037844386,-0.5000000000000001,1
29,32,0.0,-1.0,0
342,383,0.8660254037844384,0.5000000000000006,0
70,73,0.0,1.0,1
522,525,-0.4999999999999995,0.8660254037844389,1
582,585,-0.4999999999999995,0.8660254037844389,0
54,60,-1.0,0.0,0
82,84,0.0,-1.0,1
526,566,1.0,0.0,0
380,417,0.8660254037844384,-0.5000000000000006,1
279,319,1.0,0.0,0
772,811,0.500000000000001,0.866025403784438,0
615,617,0.0,1.0,1
142,181,0.5000000000000002,-0.8660254037844385,0
738,739,-0.8660254037844384,0.5000000000000006,1
168,205,0.8660254037844386,-0.5000000000000001,1
784,823,0.500000000000001,0.866025403784438,1
54,55,-0.8660254037844387,-0.5000000000000001,0
674,675,-0.8660254037844384,0.5000000000000006,1
594,597,-0.4999999999999995,0.8660254037844389,1
188,225,0.8660254037844386,-0.5000000000000001,0
543,548,0.4999999999999995,0.8660254037844389,1
449,489,1.0,0.0,0
13,87,0.8660254037844386,0.4999999999999999,0
503,505,0.0,1.0,1
672,709,0.8660254037844393,-0.499999999999999,0
625,628,0.8660254037844384,0.5000000000000006,1
691,693,0.0,1.0,0
86,125,0.4999999999999999,-0.8660254037844387,1
9,85,1.0,0.0,1
343,344,0.5000000000000002,-0.8660254037844385,1
232,269,0.8660254037844389,-0.4999999999999998,1
446,487,0.8660254037844393,0.499999999999999,1
49,50,-0.8660254037844387,0.5000000000000001,0
220,257,0.8660254037844389,-0.4999999999999998,1
801,839,0.0,1.0,0
55,57,0.5,0.8660254037844387,1
110,153,0.4999999999999999,0.8660254037844387,0
21,91,0.8660254037844386,0.4999999999999999,1
436,473,0.8660254037844384,-0.5000000000000006,0
244,281,0.8660254037844389,-0.4999999999999998,0
697,737,1.0,0.0,1
331,371,1.0,0.0,0
442,445,-0.4999999999999995,0.8660254037844389,0
190,229,0.4999999999999999,-0.8660254037844387,1
555,557,0.0,1.0,0
234,277,0.5000000000000002,0.8660254037844385,1
438,479,0.8660254037844384,0.5000000000000006,0
329,330,0.5000000000000002,0.8660254037844385,0
810,811,-0.8660254037844393,0.499999999999999,0
280,319,0.5000000000000002,0.8660254037844385,0
131,132,0.4999999999999999,-0.8660254037844387,1
426,428,0.0,-1.0,1
622,624,0.0,-1.0,1
202,245,0.5000000000000002,0.8660254037844385,1
418,459,0.8660254037844384,0.5000000000000006,1
698,741,0.500000000000001,0.866025403784438,0
379,384,0.5000000000000002,0.8660254037844385,0
487,489,0.0,1.0,0
762,803,0.8660254037844393,0.499999999999999,1
654,655,-0.8660254037844384,0.5000000000000006,1
395,397,0.0,1.0,0
214,215,-0.8660254037844386,0.5000000000000001,1
348,383,0.4999999999999995,-0.8660254037844389,0
616,656,1.0,0.0,0
365,368,0.8660254037844389,0.4999999999999998,1
458,459,-0.8660254037844384,0.5000000000000006,0
4,79,0.029344151364252714,0.9995693676682533,0
386,427,0.8660254037844384,0.5000000000000006,0
6,12,-1.0,0.0,0
237,240,0.8660254037844386,0.5000000000000001,0
713,716,0.8660254037844384,0.5000000000000006,0
238,278,1.0,0.0,1
425,428,0.8660254037844384,0.5000000000000006,0
92,129,0.8660254037844386,-0.5000000000000001,1
726,766,1.0,0.0,1
58,60,-0.5,-0.8660254037844387,1
452,491,0.500000000000001,0.866025403784438,1
556,596,1.0,0.0,0
542,543,-0.8660254037844384,0.5000000000000006,0
765,768,0.8660254037844393,0.499999999999999,1
198,239,0.8660254037844386,0.5000000000000001,1
515,555,1.0,0.0,0
486,488,0.0,-1.0,1
794,796,0.0,-1.0,1
366,407,0.8660254037844384,0.5000000000000006,0
410,412,0.0,-1.0,1
282,283,-0.8660254037844389,0.4999999999999998,1
41,43,-1.0,0.0,0
706,708,0.0,-1.0,1
339,379,1.0,0.0,0
633,636,0.8660254037844384,0.5000000000000006,1
202,203,-0.8660254037844386,0.5000000000000001,0
489,492,0.8660254037844384,0.5000000000000006,1
583,585,0.0,1.0,1
301,341,1.0,0.0,1
594,595,-0.8660254037844384,0.5000000000000006,1
422,424,0.0,-1.0,1
295,297,0.0,1.0,1
452,492,1.0,0.0,1
