677,680,0.8660254037844384,0.5000000000000006,0
510,512,0.0,-1.0,1
18,59,0.8660254037844386,0.4999999999999999,0
769,772,0.8660254037844393,0.499999999999999,1
419,421,0.0,1.0,0
110,151,0.8660254037844389,0.4999999999999998,1
698,739,0.8660254037844384,0.5000000000000006,1
478,479,-0.8660254037844384,0.5000000000000006,0
511,513,0.0,1.0,1
720,757,0.8660254037844384,-0.5000000000000006,1
570,571,-0.8660254037844384,0.5000000000000006,1
192,229,0.8660254037844389,-0.4999999999999998,0
603,605,0.0,1.0,1
42,43,-0.8660254037844386,0.5000000000000001,1
74,75,-0.8660254037844386,0.5000000000000001,1
662,663,-0.8660254037844384,0.5000000000000006,0
620,657,0.8660254037844393,-0.499999999999999,0
45,48,0.8660254037844386,0.5000000000000001,1
134,135,-0.8660254037844386,0.5000000000000001,0
182,184,0.0,-1.0,0
92,129,0.8660254037844389,-0.4999999999999998,0
754,755,-0.8660254037844393,0.499999999999999,1
712,749,0.8660254037844384,-0.5000000000000006,0
274,276,0.0,-1.0,1
318,319,-0.8660254037844389,0.4999999999999998,1
366,368,0.0,-1.0,1
289,292,0.8660254037844389,0.4999999999999998,0
215,217,0.0,1.0,1
625,628,0.8660254037844384,0.5000000000000006,0
410,411,-0.8660254037844384,0.5000000000000006,1
554,595,0.8660254037844393,0.499999999999999,0
307,309,0.0,1.0,1
717,720,0.8660254037844384,0.5000000000000006,1
518,520,0.0,-1.0,0
550,552,0.0,-1.0,1
58,99,0.8660254037844386,0.5000000000000001,0
367,369,0.0,1.0,1
610,612,0.0,-1.0,0
118,159,0.8660254037844389,0.4999999999999998,0
281,284,0.8660254037844389,0.4999999999999998,0
459,461,0.0,1.0,1
491,493,0.0,1.0,0
702,704,0.0,-1.0,1
210,251,0.8660254037844389,0.4999999999999998,0
373,376,0.8660254037844384,0.5000000000000006,1
551,553,0.0,1.0,0
794,796,0.0,-1.0,1
302,343,0.8660254037844384,0.5000000000000006,1
82,83,-0.8660254037844386,0.5000000000000001,1
601,639,0.0,1.0,0
394,435,0.8660254037844384,0.5000000000000006,0
735,737,0.0,1.0,1
174,175,-0.8660254037844386,0.5000000000000001,0
132,169,0.8660254037844386,-0.5000000000000001,0
795,797,0.0,1.0,0
486,527,0.8660254037844384,0.5000000000000006,1
234,235,-0.8660254037844389,0.4999999999999998,1
476,513,0.8660254037844393,-0.499999999999999,0
237,240,0.8660254037844389,0.4999999999999998,0
326,327,-0.8660254037844389,0.4999999999999998,0
374,376,0.0,-1.0,1
284,321,0.8660254037844384,-0.5000000000000006,1
358,359,-0.8660254037844389,0.4999999999999998,0
418,419,-0.8660254037844384,0.5000000000000006,1
466,468,0.0,-1.0,1
376,413,0.8660254037844384,-0.5000000000000006,1
450,451,-0.8660254037844384,0.5000000000000006,1
137,140,0.8660254037844386,0.5000000000000001,0
6,47,0.8660254037844386,0.4999999999999999,1
510,511,-0.8660254037844384,0.5000000000000006,0
35,794,0.9998904409747467,-0.014802231160433426,0
66,107,0.8660254037844386,0.5000000000000001,1
468,505,0.8660254037844393,-0.499999999999999,0
407,409,0.0,1.0,0
30,32,0.0,-1.0,1
602,603,-0.8660254037844384,0.5000000000000006,1
650,652,0.0,-1.0,0
560,597,0.8660254037844393,-0.499999999999999,1
321,324,0.8660254037844389,0.4999999999999998,1
121,159,0.0,1.0,0
122,124,0.0,-1.0,0
694,695,-0.8660254037844384,0.5000000000000006,0
591,593,0.0,1.0,0
214,216,0.0,-1.0,0
310,351,0.8660254037844384,0.5000000000000006,1
63,65,0.0,1.0,0
473,476,0.8660254037844384,0.5000000000000006,1
683,685,0.0,1.0,1
306,308,0.0,-1.0,0
402,443,0.8660254037844393,0.499999999999999,0
155,157,0.0,1.0,0
434,475,0.8660254037844393,0.499999999999999,0
775,777,0.0,1.0,0
424,461,0.8660254037844393,-0.499999999999999,0
657,660,0.8660254037844384,0.5000000000000006,1
274,275,-0.8660254037844389,0.4999999999999998,1
232,269,0.8660254037844389,-0.4999999999999998,1
749,752,0.8660254037844393,0.499999999999999,1
366,367,-0.8660254037844384,0.5000000000000006,0
458,459,-0.8660254037844384,0.5000000000000006,1
15,774,0.9998904409747467,-0.014802231160433426,0
550,551,-0.8660254037844384,0.5000000000000006,1
22,23,-0.8660254037844387,0.5000000000000001,0
610,611,-0.8660254037844384,0.5000000000000006,0
642,643,-0.8660254037844384,0.5000000000000006,0
658,660,0.0,-1.0,1
329,332,0.8660254037844389,0.4999999999999998,0
198,239,0.8660254037844389,0.4999999999999998,0
114,115,-0.8660254037844386,0.5000000000000001,1
162,164,0.0,-1.0,0
702,703,-0.8660254037844384,0.5000000000000006,1
258,299,0.8660254037844384,0.5000000000000006,0
11,13,0.0,1.0,1
421,424,0.8660254037844384,0.5000000000000006,0
206,207,-0.8660254037844389,0.4999999999999998,1
794,795,-0.8660254037844393,0.499999999999999,1
254,256,0.0,-1.0,1
752,789,0.8660254037844393,-0.499999999999999,0
350,391,0.8660254037844384,0.5000000000000006,1
103,105,0.0,1.0,1
691,693,0.0,1.0,1
573,576,0.8660254037844384,0.5000000000000006,1
442,483,0.8660254037844393,0.499999999999999,0
195,197,0.0,1.0,0
783,785,0.0,1.0,1
605,608,0.8660254037844384,0.5000000000000006,0
406,408,0.0,-1.0,1
502,543,0.8660254037844384,0.5000000000000006,1
255,257,0.0,1.0,0
665,668,0.8660254037844384,0.5000000000000006,0
534,575,0.8660254037844393,0.499999999999999,1
287,289,0.0,1.0,1
697,700,0.8660254037844384,0.5000000000000006,1
498,500,0.0,-1.0,1
594,635,0.8660254037844384,0.5000000000000006,0
347,349,0.0,1.0,1
757,760,0.8660254037844393,0.499999999999999,0
626,667,0.8660254037844393,0.499999999999999,1
590,592,0.0,-1.0,0
686,727,0.8660254037844384,0.5000000000000006,0
531,533,0.0,1.0,1
558,559,-0.8660254037844384,0.5000000000000006,0
30,31,-0.8660254037844387,0.5000000000000001,1
623,625,0.0,1.0,1
650,651,-0.8660254037844384,0.5000000000000006,0
608,645,0.8660254037844393,-0.499999999999999,1
122,123,-0.8660254037844386,0.5000000000000001,1
170,172,0.0,-1.0,1
80,117,0.8660254037844386,-0.5000000000000001,0
154,155,-0.8660254037844386,0.5000000000000001,1
742,743,-0.8660254037844393,0.499999999999999,1
700,737,0.8660254037844384,-0.5000000000000006,1
214,215,-0.8660254037844389,0.4999999999999998,0
262,264,0.0,-1.0,1
760,797,0.8660254037844393,-0.499999999999999,0
111,113,0.0,1.0,1
306,307,-0.8660254037844389,0.4999999999999998,1
25,28,0.8660254037844387,0.5000000000000001,0
203,205,0.0,1.0,1
414,416,0.0,-1.0,1
398,399,-0.8660254037844384,0.5000000000000006,1
613,616,0.8660254037844384,0.5000000000000006,1
446,448,0.0,-1.0,1
542,583,0.8660254037844393,0.499999999999999,0
117,120,0.8660254037844386,0.5000000000000001,0
295,297,0.0,1.0,0
705,708,0.8660254037844384,0.5000000000000006,1
538,540,0.0,-1.0,1
177,180,0.8660254037844386,0.5000000000000001,1
387,389,0.0,1.0,1
797,800,0.8660254037844393,0.499999999999999,0
598,600,0.0,-1.0,0
630,632,0.0,-1.0,0
447,449,0.0,1.0,1
138,179,0.8660254037844386,0.5000000000000001,0
666,707,0.8660254037844393,0.499999999999999,0
726,767,0.8660254037844393,0.499999999999999,0
128,165,0.8660254037844386,-0.5000000000000001,0
782,784,0.0,-1.0,0
43,45,0.0,1.0,1
70,71,-0.8660254037844386,0.5000000000000001,1
28,65,0.8660254037844386,-0.4999999999999999,1
102,103,-0.8660254037844386,0.5000000000000001,1
723,725,0.0,1.0,0
162,163,-0.8660254037844386,0.5000000000000001,1
120,157,0.8660254037844389,-0.4999999999999998,1
212,249,0.8660254037844389,-0.4999999999999998,0
362,364,0.0,-1.0,0
272,309,0.8660254037844384,-0.5000000000000006,1
33,36,0.8660254037844387,0.5000000000000001,1
65,68,0.8660254037844386,0.5000000000000001,0
454,456,0.0,-1.0,1
364,401,0.8660254037844384,-0.5000000000000006,0
125,128,0.8660254037844386,0.5000000000000001,0
498,499,-0.8660254037844384,0.5000000000000006,0
546,548,0.0,-1.0,0
456,493,0.8660254037844393,-0.499999999999999,0
54,95,0.8660254037844386,0.5000000000000001,1
217,220,0.8660254037844389,0.4999999999999998,0
86,127,0.8660254037844389,0.4999999999999998,1
395,397,0.0,1.0,0
590,591,-0.8660254037844384,0.5000000000000006,1
50,52,0.0,-1.0,0
638,640,0.0,-1.0,1
277,280,0.8660254037844389,0.4999999999999998,1
548,585,0.8660254037844393,-0.499999999999999,1
309,312,0.8660254037844389,0.4999999999999998,0
487,489,0.0,1.0,1
730,732,0.0,-1.0,1
238,279,0.8660254037844389,0.4999999999999998,0
640,677,0.8660254037844393,-0.499999999999999,1
401,404,0.8660254037844384,0.5000000000000006,1
579,581,0.0,1.0,0
790,792,0.0,-1.0,0
490,491,-0.8660254037844384,0.5000000000000006,0
298,339,0.8660254037844384,0.5000000000000006,0
461,464,0.8660254037844384,0.5000000000000006,0
493,496,0.8660254037844384,0.5000000000000006,0
671,673,0.0,1.0,0
390,431,0.8660254037844384,0.5000000000000006,1
731,733,0.0,1.0,1
422,463,0.8660254037844393,0.499999999999999,0
763,765,0.0,1.0,1
235,237,0.0,1.0,1
514,555,0.8660254037844384,0.5000000000000006,0
294,295,-0.8660254037844389,0.4999999999999998,1
354,355,-0.8660254037844389,0.4999999999999998,0
312,349,0.8660254037844384,-0.5000000000000006,1
386,387,-0.8660254037844384,0.5000000000000006,1
446,447,-0.8660254037844384,0.5000000000000006,1
2,43,0.8660254037844386,0.4999999999999999,1
3,762,0.9998904409747467,-0.014802231160433426,1
165,168,0.8660254037844386,0.5000000000000001,1
464,501,0.8660254037844393,-0.499999999999999,0
538,539,-0.8660254037844384,0.5000000000000006,0
496,533,0.8660254037844384,-0.5000000000000006,1
94,135,0.8660254037844389,0.4999999999999998,0
10,11,-0.8660254037844387,0.5000000000000001,1
58,60,0.0,-1.0,0
556,593,0.8660254037844393,-0.499999999999999,0
630,631,-0.8660254037844384,0.5000000000000006,1
317,320,0.8660254037844389,0.4999999999999998,0
186,227,0.8660254037844389,0.4999999999999998,1
118,120,0.0,-1.0,0
349,352,0.8660254037844389,0.4999999999999998,0
150,152,0.0,-1.0,0
648,685,0.8660254037844393,-0.499999999999999,0
409,412,0.8660254037844384,0.5000000000000006,1
210,212,0.0,-1.0,1
441,444,0.8660254037844384,0.5000000000000006,1
782,783,-0.8660254037844393,0.499999999999999,0
242,244,0.0,-1.0,0
740,777,0.8660254037844393,-0.499999999999999,0
91,93,0.0,1.0,1
501,504,0.8660254037844384,0.5000000000000006,1
370,411,0.8660254037844384,0.5000000000000006,0
302,304,0.0,-1.0,0
334,336,0.0,-1.0,1
151,153,0.0,1.0,1
183,185,0.0,1.0,0
29,792,0.9998904409747467,0.014802231160433426,0
462,503,0.8660254037844393,0.499999999999999,0
593,596,0.8660254037844384,0.5000000000000006,1
682,683,-0.8660254037844384,0.5000000000000006,0
243,245,0.0,1.0,0
653,656,0.8660254037844384,0.5000000000000006,1
522,563,0.8660254037844393,0.499999999999999,1
201,239,0.0,1.0,0
774,775,-0.8660254037844393,0.499999999999999,1
486,488,0.0,-1.0,0
674,715,0.8660254037844393,0.499999999999999,0
335,337,0.0,1.0,0
614,655,0.8660254037844393,0.499999999999999,0
777,780,0.8660254037844393,0.499999999999999,1
706,747,0.8660254037844384,0.5000000000000006,0
412,449,0.8660254037844393,-0.499999999999999,1
11,770,0.9998904409747467,-0.014802231160433426,1
6,8,0.0,-1.0,1
504,541,0.8660254037844384,-0.5000000000000006,1
578,579,-0.8660254037844384,0.5000000000000006,1
265,268,0.8660254037844389,0.4999999999999998,1
611,613,0.0,1.0,1
638,639,-0.8660254037844384,0.5000000000000006,0
98,100,0.0,-1.0,0
8,45,0.8660254037844386,-0.4999999999999999,0
596,633,0.8660254037844384,-0.5000000000000006,0
357,360,0.8660254037844389,0.4999999999999998,1
68,105,0.8660254037844386,-0.5000000000000001,1
190,192,0.0,-1.0,0
688,725,0.8660254037844384,-0.5000000000000006,1
286,327,0.8660254037844384,0.5000000000000006,0
449,452,0.8660254037844384,0.5000000000000006,0
250,252,0.0,-1.0,0
160,197,0.8660254037844386,-0.5000000000000001,1
282,284,0.0,-1.0,1
99,101,0.0,1.0,0
541,544,0.8660254037844384,0.5000000000000006,1
342,344,0.0,-1.0,1
13,16,0.8660254037844387,0.5000000000000001,1
191,193,0.0,1.0,0
470,511,0.8660254037844393,0.499999999999999,0
601,604,0.8660254037844384,0.5000000000000006,0
633,636,0.8660254037844384,0.5000000000000006,1
434,436,0.0,-1.0,1
344,381,0.8660254037844384,-0.5000000000000006,0
105,108,0.8660254037844386,0.5000000000000001,0
562,603,0.8660254037844384,0.5000000000000006,1
241,279,0.0,1.0,1
693,696,0.8660254037844384,0.5000000000000006,1
197,200,0.8660254037844386,0.5000000000000001,1
785,788,0.8660254037844393,0.499999999999999,1
375,377,0.0,1.0,1
126,167,0.8660254037844386,0.5000000000000001,0
714,755,0.8660254037844384,0.5000000000000006,1
467,469,0.0,1.0,1
678,680,0.0,-1.0,0
218,259,0.8660254037844389,0.4999999999999998,1
770,772,0.0,-1.0,1
619,621,0.0,1.0,0
58,59,-0.8660254037844386,0.5000000000000001,0
16,53,0.8660254037844386,-0.4999999999999999,1
90,91,-0.8660254037844386,0.5000000000000001,1
711,713,0.0,1.0,0
198,200,0.0,-1.0,0
108,145,0.8660254037844389,-0.4999999999999998,1
696,733,0.8660254037844384,-0.5000000000000006,1
457,460,0.8660254037844384,0.5000000000000006,0
242,243,-0.8660254037844389,0.4999999999999998,1
290,292,0.0,-1.0,0
549,552,0.8660254037844384,0.5000000000000006,1
260,297,0.8660254037844384,-0.5000000000000006,1
334,335,-0.8660254037844389,0.4999999999999998,0
382,384,0.0,-1.0,0
292,329,0.8660254037844384,-0.5000000000000006,1
670,671,-0.8660254037844384,0.5000000000000006,1
53,56,0.8660254037844386,0.5000000000000001,0
641,644,0.8660254037844384,0.5000000000000006,1
142,143,-0.8660254037844386,0.5000000000000001,1
442,444,0.0,-1.0,0
352,389,0.8660254037844384,-0.5000000000000006,1
762,763,-0.8660254037844393,0.499999999999999,0
113,116,0.8660254037844386,0.5000000000000001,0
384,421,0.8660254037844384,-0.5000000000000006,1
474,476,0.0,-1.0,1
486,487,-0.8660254037844384,0.5000000000000006,0
570,611,0.8660254037844384,0.5000000000000006,0
534,536,0.0,-1.0,0
444,481,0.8660254037844393,-0.499999999999999,1
42,83,0.8660254037844386,0.5000000000000001,1
205,208,0.8660254037844389,0.4999999999999998,1
662,703,0.8660254037844393,0.499999999999999,1
38,40,0.0,-1.0,1
626,628,0.0,-1.0,0
536,573,0.8660254037844393,-0.499999999999999,1
297,300,0.8660254037844389,0.4999999999999998,1
166,207,0.8660254037844389,0.4999999999999998,1
475,477,0.0,1.0,0
507,509,0.0,1.0,1
754,795,0.8660254037844393,0.499999999999999,1
718,720,0.0,-1.0,0
628,665,0.8660254037844393,-0.499999999999999,0
226,267,0.8660254037844389,0.4999999999999998,0
389,392,0.8660254037844384,0.5000000000000006,0
567,569,0.0,1.0,1
318,359,0.8660254037844384,0.5000000000000006,1
71,73,0.0,1.0,0
481,484,0.8660254037844384,0.5000000000000006,0
659,661,0.0,1.0,1
98,99,-0.8660254037844386,0.5000000000000001,1
618,620,0.0,-1.0,0
56,93,0.8660254037844386,-0.5000000000000001,1
131,133,0.0,1.0,0
410,451,0.8660254037844393,0.499999999999999,1
190,191,-0.8660254037844386,0.5000000000000001,0
148,185,0.8660254037844386,-0.5000000000000001,0
61,64,0.8660254037844386,0.5000000000000001,0
153,156,0.8660254037844386,0.5000000000000001,0
526,527,-0.8660254037844384,0.5000000000000006,1
574,576,0.0,-1.0,0
484,521,0.8660254037844384,-0.5000000000000006,0
82,123,0.8660254037844389,0.4999999999999998,0
46,48,0.0,-1.0,0
544,581,0.8660254037844393,-0.499999999999999,0
305,308,0.8660254037844389,0.4999999999999998,0
174,215,0.8660254037844389,0.4999999999999998,0
138,140,0.0,-1.0,1
426,427,-0.8660254037844384,0.5000000000000006,1
636,673,0.8660254037844393,-0.499999999999999,0
758,760,0.0,-1.0,1
397,400,0.8660254037844384,0.5000000000000006,0
429,432,0.8660254037844384,0.5000000000000006,1
230,232,0.0,-1.0,0
518,519,-0.8660254037844384,0.5000000000000006,1
728,765,0.8660254037844393,-0.499999999999999,1
326,367,0.8660254037844384,0.5000000000000006,1
489,492,0.8660254037844384,0.5000000000000006,1
358,399,0.8660254037844384,0.5000000000000006,1
738,740,0.0,-1.0,0
418,459,0.8660254037844393,0.499999999999999,0
171,173,0.0,1.0,0
581,584,0.8660254037844384,0.5000000000000006,1
17,780,0.9998904409747467,0.014802231160433426,1
231,233,0.0,1.0,1
510,551,0.8660254037844384,0.5000000000000006,0
323,325,0.0,1.0,0
281,319,0.0,1.0,1
765,768,0.8660254037844393,0.499999999999999,1
340,377,0.8660254037844384,-0.5000000000000006,1
415,417,0.0,1.0,0
694,735,0.8660254037844384,0.5000000000000006,0
474,475,-0.8660254037844384,0.5000000000000006,1
253,256,0.8660254037844389,0.4999999999999998,1
38,39,-0.8660254037844387,0.5000000000000001,0
584,621,0.8660254037844384,-0.5000000000000006,1
345,348,0.8660254037844389,0.4999999999999998,1
88,125,0.8660254037844389,-0.4999999999999998,1
274,315,0.8660254037844384,0.5000000000000006,0
27,29,0.0,1.0,1
437,440,0.8660254037844384,0.5000000000000006,0
466,467,-0.8660254037844384,0.5000000000000006,0
238,240,0.0,-1.0,1
676,713,0.8660254037844393,-0.499999999999999,1
270,272,0.0,-1.0,1
366,407,0.8660254037844384,0.5000000000000006,0
330,332,0.0,-1.0,1
618,619,-0.8660254037844384,0.5000000000000006,0
1,4,0.8660254037844387,0.5000000000000001,1
179,181,0.0,1.0,1
458,499,0.8660254037844393,0.499999999999999,1
621,624,0.8660254037844384,0.5000000000000006,0
710,711,-0.8660254037844384,0.5000000000000006,0
681,684,0.8660254037844384,0.5000000000000006,1
713,716,0.8660254037844384,0.5000000000000006,0
514,516,0.0,-1.0,0
22,63,0.8660254037844386,0.4999999999999999,1
185,188,0.8660254037844386,0.5000000000000001,0
773,776,0.8660254037844393,0.499999999999999,1
321,359,0.0,1.0,1
322,324,0.0,-1.0,1
114,155,0.8660254037844389,0.4999999999999998,0
455,457,0.0,1.0,0
607,609,0.0,1.0,0
4,41,0.8660254037844386,-0.4999999999999999,0
36,73,0.8660254037844386,-0.4999999999999999,1
624,661,0.8660254037844393,-0.499999999999999,0
699,701,0.0,1.0,0
138,139,-0.8660254037844386,0.5000000000000001,1
186,188,0.0,-1.0,1
230,231,-0.8660254037844389,0.4999999999999998,0
188,225,0.8660254037844389,-0.4999999999999998,0
127,129,0.0,1.0,0
248,285,0.8660254037844384,-0.5000000000000006,0
370,372,0.0,-1.0,0
280,317,0.8660254037844384,-0.5000000000000006,1
658,659,-0.8660254037844384,0.5000000000000006,0
41,44,0.8660254037844386,0.5000000000000001,1
219,221,0.0,1.0,1
629,632,0.8660254037844384,0.5000000000000006,1
462,464,0.0,-1.0,0
101,104,0.8660254037844386,0.5000000000000001,1
372,409,0.8660254037844384,-0.5000000000000006,0
133,136,0.8660254037844386,0.5000000000000001,0
311,313,0.0,1.0,0
193,196,0.8660254037844386,0.5000000000000001,0
62,103,0.8660254037844386,0.5000000000000001,1
650,691,0.8660254037844393,0.499999999999999,1
225,228,0.8660254037844389,0.4999999999999998,0
403,405,0.0,1.0,0
26,28,0.0,-1.0,1
361,399,0.0,1.0,1
122,163,0.8660254037844386,0.5000000000000001,0
742,783,0.8660254037844393,0.499999999999999,1
495,497,0.0,1.0,0
706,708,0.0,-1.0,1
214,255,0.8660254037844389,0.4999999999999998,1
377,380,0.8660254037844384,0.5000000000000006,1
555,557,0.0,1.0,0
469,472,0.8660254037844384,0.5000000000000006,0
647,649,0.0,1.0,0
606,608,0.0,-1.0,0
44,81,0.8660254037844386,-0.5000000000000001,0
739,741,0.0,1.0,1
734,775,0.8660254037844393,0.499999999999999,0
698,700,0.0,-1.0,1
136,173,0.8660254037844386,-0.5000000000000001,1
547,549,0.0,1.0,1
196,233,0.8660254037844389,-0.4999999999999998,0
270,271,-0.8660254037844389,0.4999999999999998,0
228,265,0.8660254037844389,-0.4999999999999998,0
78,79,-0.8660254037844386,0.5000000000000001,1
320,357,0.8660254037844384,-0.5000000000000006,1
170,171,-0.8660254037844386,0.5000000000000001,0
380,417,0.8660254037844384,-0.5000000000000006,1
141,144,0.8660254037844386,0.5000000000000001,1
173,176,0.8660254037844386,0.5000000000000001,1
514,515,-0.8660254037844384,0.5000000000000006,0
562,564,0.0,-1.0,1
472,509,0.8660254037844393,-0.499999999999999,0
102,143,0.8660254037844389,0.4999999999999998,0
34,36,0.0,-1.0,0
162,203,0.8660254037844389,0.4999999999999998,1
325,328,0.8660254037844389,0.4999999999999998,0
503,505,0.0,1.0,1
414,415,-0.8660254037844384,0.5000000000000006,1
385,388,0.8660254037844384,0.5000000000000006,0
254,295,0.8660254037844384,0.5000000000000006,0
417,420,0.8660254037844384,0.5000000000000006,0
595,597,0.0,1.0,0
218,220,0.0,-1.0,1
477,480,0.8660254037844384,0.5000000000000006,0
687,689,0.0,1.0,0
406,447,0.8660254037844393,0.499999999999999,1
690,691,-0.8660254037844384,0.5000000000000006,1
569,572,0.8660254037844384,0.5000000000000006,1
5,768,0.9998904409747467,0.014802231160433426,0
144,181,0.8660254037844386,-0.5000000000000001,0
498,539,0.8660254037844384,0.5000000000000006,0
251,253,0.0,1.0,0
661,664,0.8660254037844384,0.5000000000000006,0
798,800,0.0,-1.0,1
236,273,0.8660254037844389,-0.4999999999999998,1
59,61,0.0,1.0,1
328,365,0.8660254037844384,-0.5000000000000006,0
420,457,0.8660254037844393,-0.499999999999999,0
19,778,0.9998904409747467,-0.014802231160433426,0
734,735,-0.8660254037844393,0.499999999999999,0
26,27,-0.8660254037844387,0.5000000000000001,1
74,76,0.0,-1.0,1
362,363,-0.8660254037844384,0.5000000000000006,1
572,609,0.8660254037844384,-0.5000000000000006,1
333,336,0.8660254037844389,0.4999999999999998,0
604,641,0.8660254037844393,-0.499999999999999,0
365,368,0.8660254037844384,0.5000000000000006,1
166,168,0.0,-1.0,1
664,701,0.8660254037844393,-0.499999999999999,1
15,17,0.0,1.0,0
425,428,0.8660254037844384,0.5000000000000006,0
294,335,0.8660254037844384,0.5000000000000006,1
756,793,0.8660254037844393,-0.499999999999999,0
107,109,0.0,1.0,0
18,19,-0.8660254037844387,0.5000000000000001,0
386,427,0.8660254037844384,0.5000000000000006,0
446,487,0.8660254037844393,0.499999999999999,0
609,612,0.8660254037844384,0.5000000000000006,0
410,412,0.0,-1.0,1
698,699,-0.8660254037844384,0.5000000000000006,0
656,693,0.8660254037844393,-0.499999999999999,0
259,261,0.0,1.0,0
790,791,-0.8660254037844393,0.499999999999999,0
10,51,0.8660254037844386,0.4999999999999999,0
351,353,0.0,1.0,1
630,671,0.8660254037844393,0.499999999999999,1
310,312,0.0,-1.0,1
779,781,0.0,1.0,0
402,404,0.0,-1.0,0
530,571,0.8660254037844393,0.499999999999999,0
520,557,0.8660254037844384,-0.5000000000000006,1
343,345,0.0,1.0,0
753,756,0.8660254037844393,0.499999999999999,1
24,61,0.8660254037844386,-0.4999999999999999,0
612,649,0.8660254037844393,-0.499999999999999,1
435,437,0.0,1.0,0
682,723,0.8660254037844384,0.5000000000000006,1
84,121,0.8660254037844389,-0.4999999999999998,1
116,153,0.8660254037844389,-0.4999999999999998,1
218,219,-0.8660254037844389,0.4999999999999998,0
266,268,0.0,-1.0,1
176,213,0.8660254037844389,-0.4999999999999998,1
554,555,-0.8660254037844384,0.5000000000000006,1
646,647,-0.8660254037844384,0.5000000000000006,1
118,119,-0.8660254037844386,0.5000000000000001,0
649,652,0.8660254037844384,0.5000000000000006,0
450,452,0.0,-1.0,0
89,92,0.8660254037844386,0.5000000000000001,1
360,397,0.8660254037844384,-0.5000000000000006,1
738,739,-0.8660254037844393,0.499999999999999,1
121,124,0.8660254037844386,0.5000000000000001,1
299,301,0.0,1.0,1
210,211,-0.8660254037844389,0.4999999999999998,0
798,799,-0.8660254037844393,0.499999999999999,0
258,260,0.0,-1.0,1
578,619,0.8660254037844384,0.5000000000000006,0
302,303,-0.8660254037844389,0.4999999999999998,1
350,352,0.0,-1.0,1
273,276,0.8660254037844389,0.4999999999999998,1
730,771,0.8660254037844393,0.499999999999999,1
478,519,0.8660254037844393,0.499999999999999,0
441,479,0.0,1.0,0
202,243,0.8660254037844389,0.4999999999999998,0
291,293,0.0,1.0,0
701,704,0.8660254037844384,0.5000000000000006,0
502,504,0.0,-1.0,0
635,637,0.0,1.0,0
722,763,0.8660254037844393,0.499999999999999,1
166,167,-0.8660254037844386,0.5000000000000001,0
124,161,0.8660254037844386,-0.5000000000000001,0
535,537,0.0,1.0,0
216,253,0.8660254037844389,-0.4999999999999998,0
276,313,0.8660254037844384,-0.5000000000000006,1
308,345,0.8660254037844384,-0.5000000000000006,1
69,72,0.8660254037844386,0.5000000000000001,1
746,747,-0.8660254037844393,0.499999999999999,0
368,405,0.8660254037844384,-0.5000000000000006,1
129,132,0.8660254037844386,0.5000000000000001,0
161,164,0.8660254037844386,0.5000000000000001,0
250,251,-0.8660254037844389,0.4999999999999998,1
460,497,0.8660254037844393,-0.499999999999999,1
90,131,0.8660254037844389,0.4999999999999998,1
22,24,0.0,-1.0,1
310,311,-0.8660254037844389,0.4999999999999998,1
642,644,0.0,-1.0,1
552,589,0.8660254037844393,-0.499999999999999,0
150,191,0.8660254037844386,0.5000000000000001,0
313,316,0.8660254037844389,0.4999999999999998,0
114,116,0.0,-1.0,1
405,408,0.8660254037844384,0.5000000000000006,1
206,208,0.0,-1.0,1
494,495,-0.8660254037844384,0.5000000000000006,0
542,544,0.0,-1.0,0
465,468,0.8660254037844384,0.5000000000000006,0
334,375,0.8660254037844384,0.5000000000000006,0
14,16,0.0,-1.0,1
586,587,-0.8660254037844384,0.5000000000000006,0
670,711,0.8660254037844393,0.499999999999999,0
634,636,0.0,-1.0,0
147,149,0.0,1.0,1
142,183,0.8660254037844386,0.5000000000000001,0
483,485,0.0,1.0,1
557,560,0.8660254037844384,0.5000000000000006,1
106,108,0.0,-1.0,1
234,275,0.8660254037844389,0.4999999999999998,1
575,577,0.0,1.0,0
786,788,0.0,-1.0,0
770,771,-0.8660254037844393,0.499999999999999,1
224,261,0.8660254037844389,-0.4999999999999998,1
47,49,0.0,1.0,0
667,669,0.0,1.0,0
139,141,0.0,1.0,1
727,729,0.0,1.0,0
77,80,0.8660254037844386,0.5000000000000001,0
198,199,-0.8660254037844386,0.5000000000000001,1
408,445,0.8660254037844393,-0.499999999999999,0
169,172,0.8660254037844386,0.5000000000000001,0
290,291,-0.8660254037844389,0.4999999999999998,0
500,537,0.8660254037844384,-0.5000000000000006,1
98,139,0.8660254037844389,0.4999999999999998,1
350,351,-0.8660254037844389,0.4999999999999998,1
154,156,0.0,-1.0,0
64,101,0.8660254037844386,-0.5000000000000001,1
442,443,-0.8660254037844384,0.5000000000000006,0
3,5,0.0,1.0,0
413,416,0.8660254037844384,0.5000000000000006,0
282,323,0.8660254037844384,0.5000000000000006,1
502,503,-0.8660254037844384,0.5000000000000006,1
534,535,-0.8660254037844384,0.5000000000000006,1
744,781,0.8660254037844393,-0.499999999999999,1
95,97,0.0,1.0,0
594,595,-0.8660254037844384,0.5000000000000006,0
54,56,0.0,-1.0,1
641,679,0.0,1.0,1
626,627,-0.8660254037844384,0.5000000000000006,0
674,676,0.0,-1.0,0
597,600,0.8660254037844384,0.5000000000000006,1
146,148,0.0,-1.0,0
686,687,-0.8660254037844384,0.5000000000000006,1
644,681,0.8660254037844393,-0.499999999999999,0
718,719,-0.8660254037844384,0.5000000000000006,0
734,736,0.0,-1.0,1
778,779,-0.8660254037844393,0.499999999999999,1
736,773,0.8660254037844393,-0.499999999999999,1
87,89,0.0,1.0,1
298,300,0.0,-1.0,0
767,769,0.0,1.0,0
25,788,0.9998904409747467,0.014802231160433426,0
390,392,0.0,-1.0,1
589,592,0.8660254037844384,0.5000000000000006,0
518,559,0.8660254037844384,0.5000000000000006,0
331,333,0.0,1.0,0
610,651,0.8660254037844393,0.499999999999999,0
102,104,0.0,-1.0,0
600,637,0.8660254037844384,-0.5000000000000006,1
423,425,0.0,1.0,0
361,364,0.8660254037844384,0.5000000000000006,1
72,109,0.8660254037844386,-0.5000000000000001,1
482,483,-0.8660254037844384,0.5000000000000006,0
692,729,0.8660254037844384,-0.5000000000000006,1
7,766,0.9998904409747467,-0.014802231160433426,0
2,4,0.0,-1.0,0
164,201,0.8660254037844389,-0.4999999999999998,0
574,575,-0.8660254037844384,0.5000000000000006,0
14,15,-0.8660254037844387,0.5000000000000001,0
545,548,0.8660254037844384,0.5000000000000006,0
346,348,0.0,-1.0,0
94,96,0.0,-1.0,1
256,293,0.8660254037844384,-0.5000000000000006,1
17,20,0.8660254037844387,0.5000000000000001,0
634,635,-0.8660254037844384,0.5000000000000006,0
474,515,0.8660254037844393,0.499999999999999,0
666,667,-0.8660254037844384,0.5000000000000006,1
726,727,-0.8660254037844393,0.499999999999999,1
684,721,0.8660254037844384,-0.5000000000000006,0
109,112,0.8660254037844386,0.5000000000000001,1
786,787,-0.8660254037844393,0.499999999999999,0
246,248,0.0,-1.0,0
156,193,0.8660254037844386,-0.5000000000000001,1
566,607,0.8660254037844384,0.5000000000000006,0
38,79,0.8660254037844386,0.4999999999999999,1
789,792,0.8660254037844393,0.499999999999999,1
537,540,0.8660254037844384,0.5000000000000006,1
338,340,0.0,-1.0,0
33,796,0.9998904409747467,0.014802231160433426,1
430,432,0.0,-1.0,0
689,692,0.8660254037844384,0.5000000000000006,1
558,599,0.8660254037844393,0.499999999999999,0
618,659,0.8660254037844393,0.499999999999999,1
710,751,0.8660254037844384,0.5000000000000006,0
463,465,0.0,1.0,1
112,149,0.8660254037844389,-0.4999999999999998,0
523,525,0.0,1.0,0
204,241,0.8660254037844389,-0.4999999999999998,0
615,617,0.0,1.0,0
386,388,0.0,-1.0,0
57,60,0.8660254037844386,0.5000000000000001,0
146,147,-0.8660254037844386,0.5000000000000001,0
194,196,0.0,-1.0,1
737,740,0.8660254037844393,0.499999999999999,1
286,288,0.0,-1.0,1
209,212,0.8660254037844389,0.4999999999999998,1
298,299,-0.8660254037844389,0.4999999999999998,1
330,331,-0.8660254037844389,0.4999999999999998,0
378,380,0.0,-1.0,0
637,640,0.8660254037844384,0.5000000000000006,0
348,385,0.8660254037844384,-0.5000000000000006,0
422,423,-0.8660254037844384,0.5000000000000006,0
470,472,0.0,-1.0,1
530,532,0.0,-1.0,0
440,477,0.8660254037844393,-0.499999999999999,1
39,798,0.9998904409747467,-0.014802231160433426,1
1,39,0.0,1.0,1
201,204,0.8660254037844389,0.4999999999999998,1
658,699,0.8660254037844393,0.499999999999999,1
622,624,0.0,-1.0,1
135,137,0.0,1.0,1
293,296,0.8660254037844389,0.4999999999999998,1
471,473,0.0,1.0,0
750,791,0.8660254037844393,0.499999999999999,1
682,684,0.0,-1.0,0
152,189,0.8660254037844386,-0.5000000000000001,0
563,565,0.0,1.0,1
774,776,0.0,-1.0,1
35,37,0.0,1.0,0
244,281,0.8660254037844384,-0.5000000000000006,0
314,355,0.8660254037844384,0.5000000000000006,1
304,341,0.8660254037844384,-0.5000000000000006,0
52,89,0.8660254037844386,-0.5000000000000001,0
715,717,0.0,1.0,1
747,749,0.0,1.0,0
396,433,0.8660254037844384,-0.5000000000000006,0
157,160,0.8660254037844386,0.5000000000000001,0
246,247,-0.8660254037844389,0.4999999999999998,0
278,279,-0.8660254037844389,0.4999999999999998,1
488,525,0.8660254037844384,-0.5000000000000006,1
338,339,-0.8660254037844389,0.4999999999999998,1
370,371,-0.8660254037844384,0.5000000000000006,1
430,431,-0.8660254037844384,0.5000000000000006,1
388,425,0.8660254037844384,-0.5000000000000006,1
149,152,0.8660254037844386,0.5000000000000001,0
570,572,0.0,-1.0,1
78,119,0.8660254037844386,0.5000000000000001,1
241,244,0.8660254037844389,0.4999999999999998,0
42,44,0.0,-1.0,0
582,583,-0.8660254037844384,0.5000000000000006,1
170,211,0.8660254037844389,0.4999999999999998,1
706,707,-0.8660254037844384,0.5000000000000006,0
393,396,0.8660254037844384,0.5000000000000006,1
262,303,0.8660254037844384,0.5000000000000006,0
226,228,0.0,-1.0,0
724,761,0.8660254037844393,-0.499999999999999,0
322,363,0.8660254037844384,0.5000000000000006,1
485,488,0.8660254037844384,0.5000000000000006,0
663,665,0.0,1.0,0
695,697,0.0,1.0,0
577,580,0.8660254037844384,0.5000000000000006,1
787,789,0.0,1.0,1
436,473,0.8660254037844393,-0.499999999999999,0
506,547,0.8660254037844384,0.5000000000000006,1
669,672,0.8660254037844384,0.5000000000000006,0
286,287,-0.8660254037844389,0.4999999999999998,1
598,639,0.8660254037844384,0.5000000000000006,1
336,373,0.8660254037844384,-0.5000000000000006,0
680,717,0.8660254037844393,-0.499999999999999,1
31,33,0.0,1.0,0
530,531,-0.8660254037844384,0.5000000000000006,1
81,119,0.0,1.0,1
82,84,0.0,-1.0,0
580,617,0.8660254037844384,-0.5000000000000006,1
5,8,0.8660254037844387,0.5000000000000001,1
654,655,-0.8660254037844384,0.5000000000000006,1
126,127,-0.8660254037844386,0.5000000000000001,1
714,715,-0.8660254037844384,0.5000000000000006,1
174,176,0.0,-1.0,0
672,709,0.8660254037844393,-0.499999999999999,0
23,25,0.0,1.0,0
433,436,0.8660254037844384,0.5000000000000006,1
234,236,0.0,-1.0,0
26,67,0.8660254037844386,0.4999999999999999,1
362,403,0.8660254037844384,0.5000000000000006,1
115,117,0.0,1.0,1
525,528,0.8660254037844384,0.5000000000000006,1
326,328,0.0,-1.0,1
175,177,0.0,1.0,0
21,784,0.9998904409747467,0.014802231160433426,1
617,620,0.8660254037844384,0.5000000000000006,0
418,420,0.0,-1.0,0
104,144,1.0,0.0,1
466,469,-0.4999999999999995,0.8660254037844389,1
347,387,1.0,0.0,1
196,236,1.0,0.0,0
35,795,1.0,0.0,0
180,219,0.5000000000000002,0.8660254037844385,0
439,479,1.0,0.0,1
629,630,0.4999999999999995,0.8660254037844389,0
137,177,1.0,0.0,0
101,102,0.4999999999999999,0.8660254037844387,1
710,713,-0.4999999999999995,0.8660254037844389,0
721,722,0.500000000000001,0.866025403784438,0
623,663,1.0,0.0,1
22,65,0.5000000000000001,0.8660254037844386,0
472,512,1.0,0.0,0
41,78,0.03037283696153934,0.9995386389604495,0
642,685,0.500000000000001,0.866025403784438,0
170,210,1.0,0.0,1
9,769,1.0,0.0,0
114,157,0.5000000000000002,0.8660254037844385,0
154,193,0.4999999999999999,-0.8660254037844387,0
381,421,1.0,0.0,1
15,16,0.5,-0.8660254037844387,1
206,249,0.5000000000000002,0.8660254037844385,1
111,151,1.0,0.0,1
75,76,0.4999999999999999,-0.8660254037844387,1
306,345,0.4999999999999995,-0.8660254037844389,1
354,394,1.0,0.0,0
469,470,0.4999999999999995,0.8660254037844389,0
565,605,1.0,0.0,1
44,79,-0.03037283696153934,0.9995386389604495,0
52,92,1.0,0.0,0
167,168,0.4999999999999999,-0.8660254037844387,0
624,663,0.500000000000001,0.866025403784438,0
196,231,0.5000000000000002,-0.8660254037844385,0
280,319,0.4999999999999995,0.8660254037844389,1
539,579,1.0,0.0,0
16,776,1.0,0.0,0
380,415,0.4999999999999995,-0.8660254037844389,0
388,428,1.0,0.0,0
141,142,0.4999999999999999,0.8660254037844387,1
222,225,-0.5000000000000002,0.8660254037844385,0
604,644,1.0,0.0,0
406,409,-0.4999999999999995,0.8660254037844389,1
385,386,0.4999999999999995,0.8660254037844389,0
664,704,1.0,0.0,0
417,418,0.4999999999999995,0.8660254037844389,0
545,585,1.0,0.0,0
477,478,0.4999999999999995,0.8660254037844389,1
346,385,0.4999999999999995,-0.8660254037844389,1
605,645,1.0,0.0,1
406,445,0.500000000000001,-0.866025403784438,1
5,766,0.999015263178192,0.04436782547080569,1
207,208,0.5000000000000002,-0.8660254037844385,1
167,172,0.4999999999999999,0.8660254037844387,1
787,792,0.500000000000001,0.866025403784438,1
299,300,0.5000000000000002,-0.8660254037844385,1
259,264,0.5000000000000002,0.8660254037844385,1
578,618,1.0,0.0,0
228,267,0.5000000000000002,0.8660254037844385,1
391,392,0.4999999999999995,-0.8660254037844389,1
351,356,0.5000000000000002,0.8660254037844385,0
328,363,0.4999999999999995,-0.8660254037844389,0
320,359,0.4999999999999995,0.8660254037844389,0
388,423,0.4999999999999995,-0.8660254037844389,1
480,515,0.500000000000001,-0.866025403784438,1
262,265,-0.5000000000000002,0.8660254037844385,0
603,604,0.4999999999999995,-0.8660254037844389,0
671,711,1.0,0.0,0
143,183,1.0,0.0,0
333,334,0.5000000000000002,0.8660254037844385,1
425,426,0.4999999999999995,0.8660254037844389,0
254,297,0.4999999999999995,0.8660254037844389,1
553,593,1.0,0.0,0
115,120,0.4999999999999999,0.8660254037844387,1
598,601,0.03037283696153931,-0.9995386389604495,0
215,216,0.5000000000000002,-0.8660254037844385,1
446,485,0.500000000000001,-0.866025403784438,0
669,670,0.4999999999999995,0.8660254037844389,1
360,400,1.0,0.0,0
177,217,1.0,0.0,1
630,669,0.500000000000001,-0.866025403784438,1
690,729,0.4999999999999995,-0.8660254037844389,1
210,250,1.0,0.0,0
428,463,0.500000000000001,-0.866025403784438,0
19,780,0.999015263178192,-0.04436782547080569,0
520,555,0.4999999999999995,-0.8660254037844389,1
643,644,0.4999999999999995,-0.8660254037844389,1
334,374,1.0,0.0,0
32,72,1.0,0.0,1
243,283,1.0,0.0,0
76,115,0.4999999999999999,0.8660254037844387,1
712,752,1.0,0.0,0
294,337,0.4999999999999995,0.8660254037844389,1
176,211,0.5000000000000002,-0.8660254037844385,1
184,224,1.0,0.0,0
386,429,0.4999999999999995,0.8660254037844389,0
65,105,1.0,0.0,0
29,30,0.5,0.8660254037844387,1
308,348,1.0,0.0,1
125,165,1.0,0.0,1
519,559,1.0,0.0,0
709,710,0.4999999999999995,0.8660254037844389,1
578,617,0.4999999999999995,-0.8660254037844389,0
18,57,0.5000000000000001,-0.8660254037844386,0
249,289,1.0,0.0,1
66,106,1.0,0.0,0
10,53,0.5000000000000001,0.8660254037844386,0
181,182,0.4999999999999999,0.8660254037844387,0
460,500,1.0,0.0,0
638,677,0.500000000000001,-0.866025403784438,1
110,149,0.5000000000000002,-0.8660254037844385,0
273,274,0.5000000000000002,0.8660254037844385,0
552,592,1.0,0.0,0
190,230,1.0,0.0,0
7,47,1.0,0.0,1
491,496,0.4999999999999995,0.8660254037844389,0
730,769,0.500000000000001,-0.866025403784438,1
250,290,1.0,0.0,1
3,4,0.5,-0.8660254037844387,0
591,592,0.4999999999999995,-0.8660254037844389,0
282,322,1.0,0.0,1
530,573,0.500000000000001,0.866025403784438,0
63,64,0.4999999999999999,-0.8660254037844387,0
683,684,0.4999999999999995,-0.8660254037844389,1
675,680,0.4999999999999995,0.8660254037844389,1
585,625,1.0,0.0,0
155,156,0.4999999999999999,-0.8660254037844387,1
434,474,1.0,0.0,0
775,776,0.500000000000001,-0.866025403784438,0
483,488,0.4999999999999995,0.8660254037844389,1
84,123,0.5000000000000002,0.8660254037844385,1
124,159,-0.03037283696153934,0.9995386389604495,1
526,566,1.0,0.0,0
575,580,0.4999999999999995,0.8660254037844389,1
375,415,1.0,0.0,0
586,626,1.0,0.0,0
339,340,0.5000000000000002,-0.8660254037844385,1
435,475,1.0,0.0,0
678,718,1.0,0.0,1
408,448,1.0,0.0,0
210,213,-0.5000000000000002,0.8660254037844385,0
257,297,1.0,0.0,1
168,207,0.5000000000000002,0.8660254037844385,0
468,508,1.0,0.0,0
221,222,0.5000000000000002,0.8660254037844385,1
500,540,1.0,0.0,1
711,751,1.0,0.0,0
349,389,1.0,0.0,1
37,797,1.0,0.0,1
394,397,-0.4999999999999995,0.8660254037844389,0
11,12,0.5,-0.8660254037844387,0
290,330,1.0,0.0,0
405,406,0.4999999999999995,0.8660254037844389,0
652,692,1.0,0.0,1
570,613,0.4999999999999995,0.8660254037844389,0
557,558,0.4999999999999995,0.8660254037844389,0
224,259,0.5000000000000002,-0.8660254037844385,1
339,344,0.5000000000000002,0.8660254037844385,0
77,78,0.4999999999999999,0.8660254037844387,0
308,347,0.4999999999999995,0.8660254037844389,1
6,45,0.5000000000000001,-0.8660254037844386,1
416,456,1.0,0.0,0
169,170,0.4999999999999999,0.8660254037844387,1
98,137,0.5000000000000002,-0.8660254037844385,0
261,262,0.5000000000000002,0.8660254037844385,0
131,171,1.0,0.0,1
751,791,1.0,0.0,0
321,322,0.5000000000000002,0.8660254037844385,1
12,52,1.0,0.0,0
600,640,1.0,0.0,0
353,354,0.5000000000000002,0.8660254037844385,0
692,732,1.0,0.0,1
164,204,1.0,0.0,1
342,381,0.4999999999999995,-0.8660254037844389,0
670,713,0.500000000000001,0.866025403784438,0
586,589,-0.4999999999999995,0.8660254037844389,0
482,522,1.0,0.0,0
105,145,1.0,0.0,1
644,679,-0.03037283696153931,0.9995386389604495,0
526,565,0.500000000000001,-0.866025403784438,0
234,277,0.5000000000000002,0.8660254037844385,1
484,559,0.03037283696153931,0.9995386389604495,0
197,237,1.0,0.0,0
666,706,1.0,0.0,1
25,786,0.999015263178192,0.04436782547080569,0
758,798,1.0,0.0,1
408,447,0.500000000000001,0.866025403784438,0
518,557,0.4999999999999995,-0.8660254037844389,1
258,261,-0.5000000000000002,0.8660254037844385,1
43,44,0.4999999999999999,-0.8660254037844387,1
290,293,-0.5000000000000002,0.8660254037844385,0
1,38,0.03037283696153935,0.9995386389604495,1
10,770,1.0,0.0,0
759,799,1.0,0.0,1
723,724,0.500000000000001,-0.866025403784438,1
442,445,-0.4999999999999995,0.8660254037844389,1
282,325,0.4999999999999995,0.8660254037844389,1
744,783,0.500000000000001,0.866025403784438,1
204,244,1.0,0.0,1
615,620,0.4999999999999995,0.8660254037844389,0
415,455,1.0,0.0,1
715,716,0.4999999999999995,-0.8660254037844389,1
296,336,1.0,0.0,1
356,396,1.0,0.0,1
109,110,0.4999999999999999,0.8660254037844387,1
718,721,0.03037283696153931,-0.9995386389604495,1
274,317,0.4999999999999995,0.8660254037844389,0
237,277,1.0,0.0,1
736,775,0.500000000000001,0.866025403784438,1
540,580,1.0,0.0,0
718,757,0.4999999999999995,-0.8660254037844389,1
27,67,1.0,0.0,0
330,370,1.0,0.0,0
271,311,1.0,0.0,1
482,485,-0.4999999999999995,0.8660254037844389,0
363,403,1.0,0.0,0
204,239,-0.030372836961539373,0.9995386389604495,0
14,17,-0.5,0.8660254037844387,0
455,495,1.0,0.0,0
25,26,0.5,0.8660254037844387,1
296,331,0.4999999999999995,-0.8660254037844389,1
304,344,1.0,0.0,0
726,729,-0.500000000000001,0.866025403784438,0
607,647,1.0,0.0,1
209,210,0.5000000000000002,0.8660254037844385,0
4,79,0.03037283696153936,0.9995386389604495,0
138,177,0.4999999999999999,-0.8660254037844387,1
637,638,0.4999999999999995,0.8660254037844389,1
466,509,0.500000000000001,0.866025403784438,1
729,730,0.500000000000001,0.866025403784438,0
127,167,1.0,0.0,1
91,92,0.4999999999999999,-0.8660254037844387,0
732,772,1.0,0.0,1
130,169,0.4999999999999999,-0.8660254037844387,0
183,184,0.4999999999999999,-0.8660254037844387,1
673,713,1.0,0.0,0
112,151,0.5000000000000002,0.8660254037844385,0
222,261,0.5000000000000002,-0.8660254037844385,0
201,238,0.030372836961539373,0.9995386389604495,0
275,276,0.5000000000000002,-0.8660254037844385,1
7,772,0.999015263178192,0.04436782547080569,1
54,57,-0.4999999999999999,0.8660254037844387,1
304,339,0.4999999999999995,-0.8660254037844389,1
495,535,1.0,0.0,1
175,176,0.4999999999999999,-0.8660254037844387,1
665,705,1.0,0.0,0
647,687,1.0,0.0,1
86,125,0.5000000000000002,-0.8660254037844385,1
606,646,1.0,0.0,0
298,301,-0.5000000000000002,0.8660254037844385,0
419,420,0.4999999999999995,-0.8660254037844389,0
33,793,1.0,0.0,0
390,393,-0.4999999999999995,0.8660254037844389,1
60,100,1.0,0.0,1
348,387,0.4999999999999995,0.8660254037844389,0
270,309,0.4999999999999995,-0.8660254037844389,1
31,36,0.5,0.8660254037844387,0
529,569,1.0,0.0,0
732,767,0.500000000000001,-0.866025403784438,0
6,766,1.0,0.0,1
493,494,0.4999999999999995,0.8660254037844389,0
70,113,0.4999999999999999,0.8660254037844387,1
130,173,0.4999999999999999,0.8660254037844387,1
632,667,0.500000000000001,-0.866025403784438,0
222,265,0.5000000000000002,0.8660254037844385,1
275,280,0.5000000000000002,0.8660254037844385,1
244,283,0.4999999999999995,0.8660254037844389,1
314,357,0.4999999999999995,0.8660254037844389,0
503,543,1.0,0.0,1
21,778,0.999015263178192,-0.04436782547080569,1
13,774,0.999015263178192,0.04436782547080569,0
414,453,0.500000000000001,-0.866025403784438,1
40,800,1.0,0.0,0
218,258,1.0,0.0,1
436,471,0.500000000000001,-0.866025403784438,0
267,272,0.5000000000000002,0.8660254037844385,1
687,727,1.0,0.0,0
488,527,0.4999999999999995,0.8660254037844389,1
349,350,0.5000000000000002,0.8660254037844385,0
459,460,0.4999999999999995,-0.8660254037844389,1
419,424,0.4999999999999995,0.8660254037844389,1
680,715,0.500000000000001,-0.866025403784438,0
761,798,0.030372836961539435,0.9995386389604495,1
192,232,1.0,0.0,1
480,519,0.500000000000001,0.866025403784438,0
533,534,0.4999999999999995,0.8660254037844389,0
580,615,0.4999999999999995,-0.8660254037844389,1
462,501,0.500000000000001,-0.866025403784438,0
572,611,0.4999999999999995,0.8660254037844389,1
672,707,0.500000000000001,-0.866025403784438,0
706,709,-0.4999999999999995,0.8660254037844389,1
26,65,0.5000000000000001,-0.8660254037844386,1
525,526,0.4999999999999995,0.8660254037844389,1
166,206,1.0,0.0,0
5,765,1.0,0.0,1
414,457,0.500000000000001,0.866025403784438,0
215,220,0.5000000000000002,0.8660254037844385,0
194,197,-0.4999999999999999,0.8660254037844387,0
454,493,0.500000000000001,-0.866025403784438,0
226,266,1.0,0.0,0
546,585,0.500000000000001,-0.866025403784438,0
307,312,0.5000000000000002,0.8660254037844385,0
286,289,-0.5000000000000002,0.8660254037844385,0
318,358,1.0,0.0,1
606,645,0.500000000000001,-0.866025403784438,0
769,770,0.500000000000001,0.866025403784438,0
407,408,0.4999999999999995,-0.8660254037844389,1
8,43,0.5000000000000001,-0.8660254037844386,1
199,239,1.0,0.0,0
48,88,1.0,0.0,1
751,752,0.500000000000001,-0.866025403784438,1
690,733,0.4999999999999995,0.8660254037844389,1
746,786,1.0,0.0,1
27,788,0.999015263178192,-0.04436782547080569,0
192,227,0.5000000000000002,-0.8660254037844385,1
310,350,1.0,0.0,1
39,799,1.0,0.0,0
562,565,-0.4999999999999995,0.8660254037844389,0
34,37,-0.5,0.8660254037844387,0
45,46,0.4999999999999999,0.8660254037844387,1
743,744,0.500000000000001,-0.866025403784438,1
703,708,0.4999999999999995,0.8660254037844389,0
344,379,0.4999999999999995,-0.8660254037844389,0
126,129,-0.4999999999999999,0.8660254037844387,1
233,273,1.0,0.0,0
476,516,1.0,0.0,0
284,324,1.0,0.0,1
84,159,0.030372836961539373,0.9995386389604495,1
218,257,0.5000000000000002,-0.8660254037844385,1
266,306,1.0,0.0,0
554,593,0.500000000000001,-0.866025403784438,1
18,61,0.5000000000000001,0.8660254037844386,1
358,398,1.0,0.0,1
499,504,0.4999999999999995,0.8660254037844389,1
258,298,1.0,0.0,1
599,600,0.4999999999999995,-0.8660254037844389,1
192,231,0.5000000000000002,0.8660254037844385,0
302,341,0.4999999999999995,-0.8660254037844389,1
240,280,1.0,0.0,0
691,692,0.4999999999999995,-0.8660254037844389,0
40,75,0.5000000000000001,-0.8660254037844386,0
74,77,-0.4999999999999999,0.8660254037844387,0
694,734,1.0,0.0,1
783,784,0.500000000000001,-0.866025403784438,1
653,693,1.0,0.0,0
92,131,0.5000000000000002,0.8660254037844385,1
166,169,-0.4999999999999999,0.8660254037844387,1
145,146,0.4999999999999999,0.8660254037844387,0
476,511,0.500000000000001,-0.866025403784438,1
184,223,0.5000000000000002,0.8660254037844385,0
137,138,0.4999999999999999,0.8660254037844387,1
668,708,1.0,0.0,1
66,105,0.4999999999999999,-0.8660254037844387,0
229,230,0.5000000000000002,0.8660254037844385,0
719,759,1.0,0.0,0
568,608,1.0,0.0,1
746,785,0.500000000000001,-0.866025403784438,0
250,289,0.4999999999999995,-0.8660254037844389,1
660,700,1.0,0.0,1
11,16,0.5,0.8660254037844387,0
473,474,0.4999999999999995,0.8660254037844389,1
103,108,0.4999999999999999,0.8660254037844387,0
691,696,0.4999999999999995,0.8660254037844389,0
40,79,0.5000000000000001,0.8660254037844386,1
394,437,0.4999999999999995,0.8660254037844389,1
783,788,0.500000000000001,0.866025403784438,1
583,623,1.0,0.0,0
132,171,0.4999999999999999,0.8660254037844387,1
486,529,0.4999999999999995,0.8660254037844389,1
675,715,1.0,0.0,0
347,352,0.5000000000000002,0.8660254037844385,1
483,523,1.0,0.0,1
418,421,-0.4999999999999995,0.8660254037844389,0
416,451,0.500000000000001,-0.866025403784438,1
450,453,-0.4999999999999995,0.8660254037844389,1
667,707,1.0,0.0,0
66,109,0.4999999999999999,0.8660254037844387,0
29,69,1.0,0.0,1
98,141,0.5000000000000002,0.8660254037844385,1
329,330,0.5000000000000002,0.8660254037844385,0
121,161,1.0,0.0,0
694,697,-0.4999999999999995,0.8660254037844389,0
652,691,0.500000000000001,0.866025403784438,1
513,514,0.4999999999999995,0.8660254037844389,1
361,398,0.03037283696153931,0.9995386389604495,0
9,770,0.999015263178192,0.04436782547080569,0
402,445,0.500000000000001,0.866025403784438,1
442,481,0.500000000000001,-0.866025403784438,1
434,477,0.500000000000001,0.866025403784438,0
791,796,0.500000000000001,0.866025403784438,1
3,43,1.0,0.0,1
495,496,0.4999999999999995,-0.8660254037844389,0
701,741,1.0,0.0,1
54,94,1.0,0.0,1
387,392,0.4999999999999995,0.8660254037844389,1
398,438,1.0,0.0,1
686,725,0.4999999999999995,-0.8660254037844389,0
458,461,-0.4999999999999995,0.8660254037844389,0
547,548,0.4999999999999995,-0.8660254037844389,1
339,379,1.0,0.0,1
298,338,1.0,0.0,1
550,553,-0.4999999999999995,0.8660254037844389,0
22,25,-0.5,0.8660254037844387,1
390,430,1.0,0.0,1
161,201,1.0,0.0,0
372,412,1.0,0.0,1
331,371,1.0,0.0,1
172,207,0.5000000000000002,-0.8660254037844385,1
760,795,0.500000000000001,-0.866025403784438,0
350,393,0.4999999999999995,0.8660254037844389,1
553,554,0.4999999999999995,0.8660254037844389,1
272,312,1.0,0.0,0
442,485,0.500000000000001,0.866025403784438,1
482,521,0.4999999999999995,-0.8660254037844389,0
474,517,0.500000000000001,0.866025403784438,1
534,577,0.500000000000001,0.866025403784438,0
213,253,1.0,0.0,0
177,178,0.4999999999999999,0.8660254037844387,1
456,496,1.0,0.0,0
626,669,0.500000000000001,0.866025403784438,0
34,794,1.0,0.0,0
287,327,1.0,0.0,1
246,286,1.0,0.0,1
587,588,0.4999999999999995,-0.8660254037844389,1
23,784,0.999015263178192,-0.04436782547080569,1
547,552,0.4999999999999995,0.8660254037844389,1
489,529,1.0,0.0,0
59,60,0.4999999999999999,-0.8660254037844387,0
679,680,0.4999999999999995,-0.8660254037844389,1
320,360,1.0,0.0,1
771,772,0.500000000000001,-0.866025403784438,1
731,736,0.500000000000001,0.866025403784438,1
120,155,0.5000000000000002,-0.8660254037844385,0
700,739,0.4999999999999995,0.8660254037844389,0
214,217,-0.5000000000000002,0.8660254037844385,1
261,301,1.0,0.0,1
760,799,0.500000000000001,0.866025403784438,0
335,336,0.5000000000000002,-0.8660254037844385,1
523,563,1.0,0.0,0
125,126,0.4999999999999999,0.8660254037844387,0
615,655,1.0,0.0,1
253,293,1.0,0.0,0
707,747,1.0,0.0,0
277,278,0.5000000000000002,0.8660254037844385,1
146,185,0.4999999999999999,-0.8660254037844387,1
194,234,1.0,0.0,1
15,775,1.0,0.0,0
298,337,0.4999999999999995,-0.8660254037844389,0
461,462,0.4999999999999995,0.8660254037844389,0
330,369,0.4999999999999995,-0.8660254037844389,1
120,159,0.5000000000000002,0.8660254037844385,1
7,767,1.0,0.0,1
220,255,0.5000000000000002,-0.8660254037844385,1
622,662,1.0,0.0,0
714,754,1.0,0.0,0
427,432,0.4999999999999995,0.8660254037844389,0
2,41,0.5000000000000001,-0.8660254037844386,0
404,439,-0.03037283696153931,0.9995386389604495,1
464,499,0.500000000000001,-0.866025403784438,0
498,501,-0.4999999999999995,0.8660254037844389,0
504,544,1.0,0.0,0
556,591,0.500000000000001,-0.866025403784438,1
596,636,1.0,0.0,1
409,410,0.4999999999999995,0.8660254037844389,1
537,577,1.0,0.0,1
740,775,0.500000000000001,-0.866025403784438,1
50,90,1.0,0.0,1
501,502,0.4999999999999995,0.8660254037844389,1
9,49,1.0,0.0,1
629,669,1.0,0.0,0
191,196,0.4999999999999999,0.8660254037844387,1
441,478,0.03037283696153931,0.9995386389604495,1
490,529,0.4999999999999995,-0.8660254037844389,1
220,259,0.5000000000000002,0.8660254037844385,0
662,702,1.0,0.0,0
24,64,1.0,0.0,0
116,156,1.0,0.0,1
404,443,0.500000000000001,0.866025403784438,1
567,568,0.4999999999999995,-0.8660254037844389,1
75,115,1.0,0.0,1
10,13,-0.5,0.8660254037844387,0
596,631,0.4999999999999995,-0.8660254037844389,0
656,691,0.500000000000001,-0.866025403784438,1
438,441,0.030372836961539435,-0.9995386389604495,0
696,736,1.0,0.0,1
160,195,0.4999999999999999,-0.8660254037844387,0
200,240,1.0,0.0,0
378,417,0.4999999999999995,-0.8660254037844389,1
541,542,0.4999999999999995,0.8660254037844389,0
260,300,1.0,0.0,1
13,14,0.5,0.8660254037844387,1
601,602,0.4999999999999995,0.8660254037844389,1
37,798,0.999015263178192,0.04436782547080569,0
352,392,1.0,0.0,0
105,106,0.4999999999999999,0.8660254037844387,0
785,786,0.500000000000001,0.866025403784438,0
536,576,1.0,0.0,1
116,151,0.5000000000000002,-0.8660254037844385,1
575,576,0.4999999999999995,-0.8660254037844389,0
11,772,0.999015263178192,-0.04436782547080569,0
567,572,0.4999999999999995,0.8660254037844389,1
115,155,1.0,0.0,0
326,366,1.0,0.0,1
79,80,0.4999999999999999,-0.8660254037844387,0
578,581,-0.4999999999999995,0.8660254037844389,1
14,774,1.0,0.0,0
50,53,-0.4999999999999999,0.8660254037844387,0
569,609,1.0,0.0,0
8,47,0.5000000000000001,0.8660254037844386,1
418,458,1.0,0.0,0
56,96,1.0,0.0,0
131,136,0.4999999999999999,0.8660254037844387,0
759,760,0.500000000000001,-0.866025403784438,1
267,307,1.0,0.0,1
108,143,0.5000000000000002,-0.8660254037844385,1
231,232,0.5000000000000002,-0.8660254037844385,0
168,203,0.5000000000000002,-0.8660254037844385,1
378,421,0.4999999999999995,0.8660254037844389,0
478,517,0.500000000000001,-0.866025403784438,1
29,789,1.0,0.0,1
641,642,0.4999999999999995,0.8660254037844389,0
149,189,1.0,0.0,1
543,583,1.0,0.0,0
113,114,0.4999999999999999,0.8660254037844387,0
344,383,0.4999999999999995,0.8660254037844389,0
392,432,1.0,0.0,1
733,734,0.500000000000001,0.866025403784438,1
241,281,1.0,0.0,1
42,81,0.4999999999999999,-0.8660254037844387,0
205,206,0.5000000000000002,0.8660254037844385,1
793,794,0.500000000000001,0.866025403784438,1
333,373,1.0,0.0,1
536,571,0.500000000000001,-0.866025403784438,1
544,584,1.0,0.0,0
21,781,1.0,0.0,1
393,433,1.0,0.0,1
425,465,1.0,0.0,1
628,663,0.500000000000001,-0.866025403784438,0
226,265,0.5000000000000002,-0.8660254037844385,0
636,676,1.0,0.0,1
27,28,0.5,-0.8660254037844387,1
123,163,1.0,0.0,0
87,88,0.4999999999999999,-0.8660254037844387,0
318,357,0.4999999999999995,-0.8660254037844389,1
16,55,0.5000000000000001,0.8660254037844386,0
410,449,0.500000000000001,-0.866025403784438,1
48,87,0.4999999999999999,0.8660254037844387,1
458,498,1.0,0.0,0
767,768,0.500000000000001,-0.866025403784438,1
669,709,1.0,0.0,1
36,796,1.0,0.0,1
148,183,0.4999999999999999,-0.8660254037844387,1
518,558,1.0,0.0,0
481,518,0.03037283696153931,0.9995386389604495,1
550,590,1.0,0.0,0
331,332,0.5000000000000002,-0.8660254037844385,0
363,364,0.4999999999999995,-0.8660254037844389,1
459,499,1.0,0.0,1
455,456,0.4999999999999995,-0.8660254037844389,0
415,420,0.4999999999999995,0.8660254037844389,1
551,591,1.0,0.0,0
352,391,0.4999999999999995,0.8660254037844389,0
392,427,0.4999999999999995,-0.8660254037844389,1
153,154,0.4999999999999999,0.8660254037844387,0
741,742,0.500000000000001,0.866025403784438,1
452,487,0.500000000000001,-0.866025403784438,0
492,532,1.0,0.0,0
476,515,0.500000000000001,0.866025403784438,1
74,117,0.4999999999999999,0.8660254037844387,1
305,306,0.5000000000000002,0.8660254037844385,1
536,575,0.500000000000001,0.866025403784438,1
337,338,0.5000000000000002,0.8660254037844385,0
754,797,0.500000000000001,0.866025403784438,1
226,269,0.5000000000000002,0.8660254037844385,1
266,305,0.4999999999999995,-0.8660254037844389,0
676,716,1.0,0.0,1
2,762,1.0,0.0,1
87,92,0.4999999999999999,0.8660254037844387,0
17,778,0.999015263178192,0.04436782547080569,0
450,489,0.500000000000001,-0.866025403784438,0
746,789,0.500000000000001,0.866025403784438,1
211,216,0.5000000000000002,0.8660254037844385,0
279,280,0.5000000000000002,-0.8660254037844385,1
271,276,0.5000000000000002,0.8660254037844385,1
181,221,1.0,0.0,1
407,447,1.0,0.0,1
618,658,1.0,0.0,1
273,313,1.0,0.0,0
710,750,1.0,0.0,1
591,631,1.0,0.0,0
214,254,1.0,0.0,0
432,467,0.500000000000001,-0.866025403784438,0
424,463,0.500000000000001,0.866025403784438,0
651,691,1.0,0.0,0
683,723,1.0,0.0,0
484,523,0.4999999999999995,0.8660254037844389,0
524,559,-0.03037283696153931,0.9995386389604495,0
584,619,0.4999999999999995,-0.8660254037844389,1
592,632,1.0,0.0,1
345,346,0.5000000000000002,0.8660254037844385,0
624,664,1.0,0.0,1
739,740,0.500000000000001,-0.866025403784438,0
636,675,0.500000000000001,0.866025403784438,1
437,438,0.4999999999999995,0.8660254037844389,0
366,405,0.4999999999999995,-0.8660254037844389,0
37,77,1.0,0.0,0
280,320,1.0,0.0,1
97,137,1.0,0.0,1
550,589,0.500000000000001,-0.866025403784438,1
22,61,0.5000000000000001,-0.8660254037844386,0
70,110,1.0,0.0,0
281,321,1.0,0.0,1
114,153,0.5000000000000002,-0.8660254037844385,0
750,790,1.0,0.0,0
503,504,0.4999999999999995,-0.8660254037844389,1
463,468,0.4999999999999995,0.8660254037844389,1
11,51,1.0,0.0,1
599,639,1.0,0.0,0
694,737,0.4999999999999995,0.8660254037844389,1
254,294,1.0,0.0,1
103,143,1.0,0.0,0
566,569,-0.4999999999999995,0.8660254037844389,1
67,68,0.4999999999999999,-0.8660254037844387,0
655,656,0.4999999999999995,-0.8660254037844389,1
524,563,0.500000000000001,0.866025403784438,0
510,553,0.4999999999999995,0.8660254037844389,1
467,468,0.4999999999999995,-0.8660254037844389,1
433,473,1.0,0.0,1
19,20,0.5,-0.8660254037844387,1
521,524,0.8660254037844384,0.5000000000000006,0
76,113,0.8660254037844386,-0.5000000000000001,0
478,480,0.0,-1.0,1
252,292,1.0,0.0,0
178,179,-0.8660254037844386,0.5000000000000001,1
694,696,0.0,-1.0,1
143,145,0.0,1.0,0
327,329,0.0,1.0,1
97,100,0.8660254037844386,0.5000000000000001,0
283,323,1.0,0.0,0
278,280,0.0,-1.0,1
438,439,-0.8660254037844384,0.5000000000000006,0
568,605,0.8660254037844384,-0.5000000000000006,1
710,753,0.4999999999999995,0.8660254037844389,1
227,229,0.0,1.0,1
728,763,0.500000000000001,-0.866025403784438,0
294,334,1.0,0.0,0
316,353,0.8660254037844384,-0.5000000000000006,1
550,593,0.500000000000001,0.866025403784438,0
588,625,0.8660254037844384,-0.5000000000000006,0
100,137,0.8660254037844389,-0.4999999999999998,0
597,598,0.4999999999999995,0.8660254037844389,0
332,369,0.8660254037844384,-0.5000000000000006,1
88,123,0.5000000000000002,-0.8660254037844385,0
158,160,0.0,-1.0,1
640,680,1.0,0.0,1
7,9,0.0,1.0,0
100,139,0.5000000000000002,0.8660254037844385,1
275,277,0.0,1.0,0
466,507,0.8660254037844393,0.499999999999999,0
685,688,0.8660254037844384,0.5000000000000006,0
736,771,0.500000000000001,-0.866025403784438,0
656,695,0.500000000000001,0.866025403784438,0
167,169,0.0,1.0,1
229,269,1.0,0.0,0
363,365,0.0,1.0,0
200,237,0.8660254037844389,-0.4999999999999998,1
453,456,0.8660254037844384,0.5000000000000006,0
756,795,0.500000000000001,0.866025403784438,1
1,764,0.9998904409747467,0.014802231160433426,1
468,503,0.500000000000001,-0.866025403784438,0
673,676,0.8660254037844384,0.5000000000000006,1
353,356,0.8660254037844389,0.4999999999999998,1
267,269,0.0,1.0,1
238,239,-0.8660254037844389,0.4999999999999998,1
746,749,-0.500000000000001,0.866025403784438,1
383,423,1.0,0.0,0
438,479,0.8660254037844393,0.499999999999999,1
528,565,0.8660254037844393,-0.499999999999999,1
645,648,0.8660254037844384,0.5000000000000006,0
493,533,1.0,0.0,0
314,353,0.4999999999999995,-0.8660254037844389,1
674,675,-0.8660254037844384,0.5000000000000006,1
354,395,0.8660254037844384,0.5000000000000006,1
84,119,-0.03037283696153934,0.9995386389604495,0
110,111,-0.8660254037844386,0.5000000000000001,0
793,796,0.8660254037844393,0.499999999999999,0
716,753,0.8660254037844384,-0.5000000000000006,1
640,679,0.500000000000001,0.866025403784438,0
497,500,0.8660254037844384,0.5000000000000006,0
115,116,0.4999999999999999,-0.8660254037844387,1
224,263,0.5000000000000002,0.8660254037844385,1
245,285,1.0,0.0,0
250,291,0.8660254037844384,0.5000000000000006,1
74,115,0.8660254037844386,0.5000000000000001,1
718,759,0.8660254037844384,0.5000000000000006,1
15,55,1.0,0.0,0
681,719,0.0,1.0,0
193,233,1.0,0.0,1
732,769,0.8660254037844393,-0.499999999999999,0
254,255,-0.8660254037844389,0.4999999999999998,1
213,216,0.8660254037844389,0.4999999999999998,1
318,320,0.0,-1.0,0
240,275,0.5000000000000002,-0.8660254037844385,0
530,533,-0.4999999999999995,0.8660254037844389,1
369,372,0.8660254037844384,0.5000000000000006,1
126,166,1.0,0.0,1
643,645,0.0,1.0,0
509,512,0.8660254037844384,0.5000000000000006,0
454,455,-0.8660254037844384,0.5000000000000006,0
40,77,0.8660254037844386,-0.4999999999999999,1
515,517,0.0,1.0,0
174,177,-0.4999999999999999,0.8660254037844387,0
658,697,0.500000000000001,-0.866025403784438,1
30,71,0.8660254037844386,0.4999999999999999,0
434,435,-0.8660254037844384,0.5000000000000006,1
751,753,0.0,1.0,0
505,508,0.8660254037844384,0.5000000000000006,0
755,756,0.500000000000001,-0.866025403784438,1
303,305,0.0,1.0,0
351,352,0.5000000000000002,-0.8660254037844385,1
651,652,0.4999999999999995,-0.8660254037844389,1
168,205,0.8660254037844389,-0.4999999999999998,0
50,91,0.8660254037844386,0.5000000000000001,0
462,463,-0.8660254037844384,0.5000000000000006,0
39,79,1.0,0.0,1
222,223,-0.8660254037844389,0.4999999999999998,0
169,209,1.0,0.0,1
390,391,-0.8660254037844384,0.5000000000000006,0
527,532,0.4999999999999995,0.8660254037844389,1
721,759,0.0,1.0,1
130,131,-0.8660254037844386,0.5000000000000001,0
358,360,0.0,-1.0,0
270,310,1.0,0.0,1
106,145,0.5000000000000002,-0.8660254037844385,0
602,605,-0.4999999999999995,0.8660254037844389,0
258,297,0.4999999999999995,-0.8660254037844389,1
512,547,0.4999999999999995,-0.8660254037844389,1
184,221,0.8660254037844389,-0.4999999999999998,1
654,693,0.500000000000001,-0.866025403784438,1
14,53,0.5000000000000001,-0.8660254037844386,0
633,634,0.4999999999999995,0.8660254037844389,1
571,611,1.0,0.0,1
190,231,0.8660254037844389,0.4999999999999998,0
690,731,0.8660254037844384,0.5000000000000006,0
444,484,1.0,0.0,1
282,283,-0.8660254037844389,0.4999999999999998,1
707,709,0.0,1.0,1
399,400,0.4999999999999995,-0.8660254037844389,1
698,737,0.4999999999999995,-0.8660254037844389,0
586,627,0.8660254037844384,0.5000000000000006,1
324,361,0.8660254037844384,-0.5000000000000006,1
21,24,0.8660254037844387,0.5000000000000001,0
41,81,1.0,0.0,1
585,588,0.8660254037844384,0.5000000000000006,1
452,489,0.8660254037844393,-0.499999999999999,0
52,91,0.4999999999999999,0.8660254037844387,1
668,705,0.8660254037844393,-0.499999999999999,0
550,591,0.8660254037844393,0.499999999999999,0
750,752,0.0,-1.0,0
634,675,0.8660254037844393,0.499999999999999,0
654,695,0.8660254037844393,0.499999999999999,1
627,667,1.0,0.0,1
48,85,0.8660254037844386,-0.5000000000000001,1
466,505,0.500000000000001,-0.866025403784438,1
750,751,-0.8660254037844393,0.499999999999999,0
671,676,0.4999999999999995,0.8660254037844389,1
492,529,0.8660254037844384,-0.5000000000000006,1
34,35,-0.8660254037844387,0.5000000000000001,0
486,525,0.4999999999999995,-0.8660254037844389,1
342,345,-0.5000000000000002,0.8660254037844385,0
366,406,1.0,0.0,1
583,585,0.0,1.0,1
579,584,0.4999999999999995,0.8660254037844389,0
562,563,-0.8660254037844384,0.5000000000000006,1
356,393,0.8660254037844384,-0.5000000000000006,1
341,344,0.8660254037844389,0.4999999999999998,0
481,519,0.0,1.0,0
426,467,0.8660254037844393,0.499999999999999,0
96,136,1.0,0.0,0
771,776,0.500000000000001,0.866025403784438,0
517,520,0.8660254037844384,0.5000000000000006,0
9,12,0.8660254037844387,0.5000000000000001,0
766,768,0.0,-1.0,0
781,784,0.8660254037844393,0.499999999999999,0
558,560,0.0,-1.0,1
566,568,0.0,-1.0,1
618,657,0.500000000000001,-0.866025403784438,0
702,743,0.8660254037844384,0.5000000000000006,0
437,477,1.0,0.0,1
83,88,0.4999999999999999,0.8660254037844387,0
283,285,0.0,1.0,0
240,277,0.8660254037844389,-0.4999999999999998,0
754,756,0.0,-1.0,1
729,732,0.8660254037844393,0.499999999999999,0
427,429,0.0,1.0,0
250,253,-0.5000000000000002,0.8660254037844385,1
397,437,1.0,0.0,0
75,80,0.4999999999999999,0.8660254037844387,1
672,711,0.500000000000001,0.866025403784438,1
285,288,0.8660254037844389,0.4999999999999998,0
687,692,0.4999999999999995,0.8660254037844389,0
312,347,0.4999999999999995,-0.8660254037844389,1
206,209,-0.5000000000000002,0.8660254037844385,1
535,536,0.4999999999999995,-0.8660254037844389,1
631,632,0.4999999999999995,-0.8660254037844389,0
603,643,1.0,0.0,1
725,728,0.8660254037844393,0.499999999999999,0
283,288,0.5000000000000002,0.8660254037844385,0
126,128,0.0,-1.0,0
300,337,0.8660254037844384,-0.5000000000000006,0
180,217,0.8660254037844389,-0.4999999999999998,1
378,379,-0.8660254037844384,0.5000000000000006,0
522,523,-0.8660254037844384,0.5000000000000006,0
526,528,0.0,-1.0,0
63,68,0.4999999999999999,0.8660254037844387,1
219,259,1.0,0.0,1
123,125,0.0,1.0,1
283,284,0.5000000000000002,-0.8660254037844385,1
251,252,0.5000000000000002,-0.8660254037844385,1
188,228,1.0,0.0,1
655,657,0.0,1.0,0
37,800,0.9998904409747467,0.014802231160433426,0
189,192,0.8660254037844386,0.5000000000000001,0
382,385,-0.4999999999999995,0.8660254037844389,1
64,104,1.0,0.0,0
73,76,0.8660254037844386,0.5000000000000001,0
590,631,0.8660254037844384,0.5000000000000006,1
681,721,1.0,0.0,1
163,168,0.4999999999999999,0.8660254037844387,0
499,501,0.0,1.0,0
221,224,0.8660254037844389,0.4999999999999998,0
93,96,0.8660254037844386,0.5000000000000001,0
708,748,1.0,0.0,0
582,584,0.0,-1.0,1
46,47,-0.8660254037844386,0.5000000000000001,0
258,259,-0.8660254037844389,0.4999999999999998,1
62,63,-0.8660254037844386,0.5000000000000001,1
763,768,0.500000000000001,0.866025403784438,1
561,599,0.0,1.0,0
619,624,0.4999999999999995,0.8660254037844389,1
646,648,0.0,-1.0,0
222,263,0.8660254037844389,0.4999999999999998,0
334,337,-0.5000000000000002,0.8660254037844385,1
42,82,1.0,0.0,1
158,199,0.8660254037844386,0.5000000000000001,1
688,727,0.4999999999999995,0.8660254037844389,0
378,419,0.8660254037844384,0.5000000000000006,0
338,379,0.8660254037844384,0.5000000000000006,0
791,793,0.0,1.0,0
172,209,0.8660254037844389,-0.4999999999999998,1
677,678,0.4999999999999995,0.8660254037844389,0
742,745,-0.500000000000001,0.866025403784438,0
212,247,0.5000000000000002,-0.8660254037844385,0
359,399,1.0,0.0,0
627,628,0.4999999999999995,-0.8660254037844389,1
497,498,0.4999999999999995,0.8660254037844389,1
736,776,1.0,0.0,0
106,147,0.8660254037844389,0.4999999999999998,1
46,87,0.8660254037844386,0.5000000000000001,1
438,440,0.0,-1.0,0
34,75,0.8660254037844386,0.4999999999999999,0
76,116,1.0,0.0,1
151,152,0.4999999999999999,-0.8660254037844387,0
564,601,0.8660254037844384,-0.5000000000000006,0
37,40,0.8660254037844387,0.5000000000000001,0
724,799,0.030372836961539435,0.9995386389604495,0
188,223,0.5000000000000002,-0.8660254037844385,0
18,20,0.0,-1.0,0
81,121,1.0,0.0,1
726,728,0.0,-1.0,0
7,8,0.5,-0.8660254037844387,1
721,724,0.8660254037844393,0.499999999999999,0
31,792,0.999015263178192,-0.04436782547080569,1
330,371,0.8660254037844384,0.5000000000000006,0
592,627,0.4999999999999995,-0.8660254037844389,1
755,757,0.0,1.0,1
374,375,-0.8660254037844384,0.5000000000000006,0
251,291,1.0,0.0,0
428,465,0.8660254037844393,-0.499999999999999,0
592,629,0.8660254037844384,-0.5000000000000006,0
