692,693,0.8660254037844393,-0.5,0
693,694,0.8660254037844375,0.5,0
681,700,16.454482671904334,0.5,1
570,590,0.0,1.0,0
511,512,0.8660254037844393,-0.5,1
70,71,0.8660254037844384,0.5,0
711,731,0.0,1.0,1
251,252,0.8660254037844393,0.5,1
157,158,0.8660254037844393,-0.5,1
783,784,0.8660254037844388,-0.5,0
713,714,0.8660254037844375,-0.5,0
31,51,0.0,1.0,0
392,393,0.8660254037844393,0.5,1
416,417,0.8660254037844393,-0.5,0
701,720,16.454482671904334,-0.5,0
115,135,0.0,1.0,1
797,798,0.8660254037844393,-0.5,0
129,130,0.8660254037844384,0.5,0
233,234,0.8660254037844375,-0.5,1
564,584,0.0,1.0,0
307,327,0.0,1.0,0
262,263,0.8660254037844386,0.5,1
585,605,0.0,1.0,0
667,687,0.0,1.0,0
337,338,0.8660254037844393,0.5,0
119,120,0.8660254037844393,-0.5,0
475,495,0.0,1.0,1
677,678,0.8660254037844393,-0.5,1
652,653,0.8660254037844393,-0.5,0
316,317,0.8660254037844393,0.5,1
183,184,0.8660254037844388,-0.5,0
225,226,0.8660254037844384,-0.5,0
402,403,0.8660254037844386,-0.5,0
212,213,0.8660254037844393,-0.5,1
292,293,0.8660254037844393,-0.5,1
726,727,0.8660254037844393,-0.5,1
237,257,0.0,1.0,1
393,413,0.0,1.0,0
12,32,0.0,1.0,0
497,498,0.8660254037844393,0.5,0
411,412,0.8660254037844393,0.5,1
722,742,0.0,1.0,1
241,242,0.8660254037844386,0.5,0
563,564,0.8660254037844388,0.5,0
532,533,0.8660254037844393,-0.5,0
357,377,0.0,1.0,1
329,330,0.8660254037844384,0.5,0
341,342,0.8660254037844386,-0.5,1
261,281,0.0,1.0,0
530,550,0.0,1.0,1
495,496,0.8660254037844375,0.5,0
8,28,0.0,1.0,1
553,573,0.0,1.0,1
186,187,0.8660254037844393,0.5,1
344,345,0.8660254037844384,0.5,0
136,156,0.0,1.0,1
349,350,0.8660254037844384,-0.5,1
755,756,0.8660254037844375,-0.5,1
388,389,0.8660254037844384,0.5,1
574,575,0.8660254037844393,-0.5,0
74,75,0.8660254037844393,0.5,1
444,445,0.8660254037844384,-0.5,1
663,664,0.8660254037844388,-0.5,0
472,473,0.8660254037844393,0.5,1
738,739,0.8660254037844375,-0.5,1
336,337,0.8660254037844393,-0.5,0
523,524,0.8660254037844388,0.5,0
105,125,0.0,1.0,0
752,753,0.8660254037844393,0.5,0
486,487,0.8660254037844393,-0.5,1
502,503,0.8660254037844386,0.5,1
296,297,0.8660254037844393,-0.5,0
102,103,0.8660254037844386,0.5,0
41,42,0.8660254037844386,0.5,0
755,775,0.0,1.0,0
377,378,0.8660254037844393,0.5,0
745,765,0.0,1.0,1
89,90,0.8660254037844384,0.5,0
199,200,0.8660254037844393,-0.5,1
535,536,0.8660254037844375,0.5,0
113,133,0.0,1.0,1
116,117,0.8660254037844393,0.5,0
302,303,0.8660254037844386,0.5,1
748,749,0.8660254037844384,0.5,1
501,502,0.8660254037844386,-0.5,0
488,508,0.0,1.0,1
585,586,0.8660254037844384,-0.5,1
387,388,0.8660254037844384,-0.5,1
780,800,0.0,1.0,0
702,703,0.8660254037844386,0.5,0
218,219,0.8660254037844375,-0.5,0
713,733,0.0,1.0,1
225,245,0.0,1.0,1
438,439,0.8660254037844375,0.5,0
216,236,0.0,1.0,1
589,609,0.0,1.0,1
33,53,0.0,1.0,0
695,696,0.8660254037844375,0.5,0
550,551,0.8660254037844384,0.5,1
631,651,0.0,1.0,1
366,386,0.0,1.0,1
428,429,0.8660254037844384,0.5,1
308,309,0.8660254037844384,0.5,1
446,447,0.8660254037844393,-0.5,0
553,554,0.8660254037844375,-0.5,0
236,237,0.8660254037844393,0.5,0
385,386,0.8660254037844384,-0.5,0
178,198,0.0,1.0,1
273,274,0.8660254037844375,-0.5,0
494,514,0.0,1.0,0
479,499,0.0,1.0,0
499,500,0.8660254037844393,0.5,1
83,84,0.8660254037844388,0.5,0
215,216,0.8660254037844375,0.5,1
741,760,16.454482671904334,-0.5,0
628,629,0.8660254037844384,0.5,0
69,89,0.0,1.0,1
376,396,0.0,1.0,0
766,786,0.0,1.0,0
283,284,0.8660254037844388,0.5,0
763,764,0.8660254037844388,0.5,1
522,542,0.0,1.0,0
617,618,0.8660254037844393,0.5,1
608,628,0.0,1.0,1
229,230,0.8660254037844384,-0.5,1
75,76,0.8660254037844375,-0.5,1
587,588,0.8660254037844384,-0.5,0
354,355,0.8660254037844393,0.5,0
285,286,0.8660254037844384,0.5,1
682,702,0.0,1.0,0
761,762,0.8660254037844386,0.5,1
176,177,0.8660254037844393,-0.5,1
117,137,0.0,1.0,1
679,680,0.8660254037844393,-0.5,0
13,14,0.8660254037844375,0.5,0
317,318,0.8660254037844393,-0.5,1
162,182,0.0,1.0,0
773,774,0.8660254037844375,0.5,0
633,634,0.8660254037844375,-0.5,0
303,304,0.8660254037844388,-0.5,0
20,40,0.0,1.0,1
123,124,0.8660254037844388,0.5,1
367,368,0.8660254037844384,0.5,1
379,380,0.8660254037844393,0.5,0
343,344,0.8660254037844388,-0.5,0
207,208,0.8660254037844384,0.5,1
432,433,0.8660254037844393,0.5,0
599,619,0.0,1.0,0
503,523,0.0,1.0,0
764,765,0.8660254037844384,-0.5,0
358,359,0.8660254037844375,0.5,0
707,708,0.8660254037844384,-0.5,1
650,651,0.8660254037844384,-0.5,1
321,340,16.454482671904334,0.5,1
353,354,0.8660254037844375,-0.5,0
141,161,0.0,1.0,0
772,792,0.0,1.0,0
381,401,0.0,1.0,1
709,729,0.0,1.0,1
513,533,0.0,1.0,0
444,464,0.0,1.0,1
681,682,0.8660254037844386,0.5,0
370,371,0.8660254037844384,-0.5,0
546,547,0.8660254037844393,0.5,1
675,676,0.8660254037844375,-0.5,1
75,95,0.0,1.0,0
117,118,0.8660254037844393,-0.5,0
62,63,0.8660254037844386,0.5,0
79,80,0.8660254037844393,-0.5,0
524,544,0.0,1.0,0
747,767,0.0,1.0,0
375,376,0.8660254037844375,0.5,1
242,262,0.0,1.0,0
423,424,0.8660254037844388,-0.5,1
249,250,0.8660254037844384,0.5,1
143,163,0.0,1.0,1
18,19,0.8660254037844375,-0.5,1
82,102,0.0,1.0,0
561,562,0.8660254037844386,0.5,0
81,100,16.454482671904334,0.5,0
570,571,0.8660254037844384,-0.5,0
216,217,0.8660254037844393,-0.5,0
555,556,0.8660254037844375,-0.5,0
736,756,0.0,1.0,1
164,165,0.8660254037844384,-0.5,0
448,449,0.8660254037844384,-0.5,0
277,297,0.0,1.0,0
15,16,0.8660254037844375,0.5,1
607,608,0.8660254037844384,0.5,0
99,100,0.8660254037844393,0.5,1
682,683,0.8660254037844386,-0.5,1
591,592,0.8660254037844393,-0.5,0
534,535,0.8660254037844393,-0.5,1
639,659,0.0,1.0,0
422,423,0.8660254037844386,0.5,0
90,110,0.0,1.0,1
732,752,0.0,1.0,0
452,472,0.0,1.0,0
267,287,0.0,1.0,1
210,230,0.0,1.0,0
708,709,0.8660254037844384,0.5,1
699,700,0.8660254037844393,0.5,0
452,453,0.8660254037844393,-0.5,0
135,136,0.8660254037844375,0.5,1
622,623,0.8660254037844386,0.5,1
583,603,0.0,1.0,0
711,712,0.8660254037844393,-0.5,0
59,60,0.8660254037844393,0.5,1
525,526,0.8660254037844384,0.5,0
565,566,0.8660254037844384,0.5,0
458,478,0.0,1.0,0
137,138,0.8660254037844393,0.5,1
155,156,0.8660254037844375,-0.5,1
284,304,0.0,1.0,0
278,279,0.8660254037844375,0.5,1
587,607,0.0,1.0,1
144,145,0.8660254037844384,0.5,1
473,493,0.0,1.0,0
658,678,0.0,1.0,0
27,28,0.8660254037844384,-0.5,0
170,171,0.8660254037844384,-0.5,0
736,737,0.8660254037844393,-0.5,1
220,240,0.0,1.0,0
189,190,0.8660254037844384,-0.5,1
476,477,0.8660254037844393,0.5,0
156,157,0.8660254037844393,0.5,0
73,74,0.8660254037844375,-0.5,1
131,132,0.8660254037844393,0.5,1
36,37,0.8660254037844393,0.5,1
759,779,0.0,1.0,0
121,140,16.454482671904334,0.5,1
269,289,0.0,1.0,1
349,369,0.0,1.0,0
638,639,0.8660254037844375,0.5,1
793,794,0.8660254037844375,-0.5,0
532,552,0.0,1.0,1
61,81,0.0,1.0,1
350,351,0.8660254037844384,0.5,1
461,480,16.454482671904334,-0.5,1
566,567,0.8660254037844393,-0.5,1
25,45,0.0,1.0,0
5,6,0.8660254037844384,0.5,1
725,726,0.8660254037844384,0.5,0
321,322,0.8660254037844386,0.5,1
301,302,0.8660254037844386,-0.5,0
181,201,0.0,1.0,1
685,686,0.8660254037844384,0.5,1
289,290,0.8660254037844384,0.5,1
338,358,0.0,1.0,1
107,127,0.0,1.0,0
779,780,0.8660254037844393,0.5,1
301,321,0.0,1.0,0
397,417,0.0,1.0,0
406,426,0.0,1.0,0
181,200,16.454482671904334,-0.5,1
112,113,0.8660254037844393,0.5,0
684,685,0.8660254037844384,-0.5,0
770,790,0.0,1.0,1
425,445,0.0,1.0,1
749,750,0.8660254037844384,-0.5,1
774,775,0.8660254037844393,-0.5,1
136,137,0.8660254037844393,-0.5,1
239,240,0.8660254037844393,-0.5,1
462,463,0.8660254037844386,0.5,1
16,36,0.0,1.0,1
592,593,0.8660254037844393,0.5,1
113,114,0.8660254037844375,-0.5,1
751,771,0.0,1.0,0
269,270,0.8660254037844384,-0.5,1
264,265,0.8660254037844384,0.5,0
401,402,0.8660254037844386,0.5,0
650,670,0.0,1.0,1
14,34,0.0,1.0,0
110,111,0.8660254037844384,0.5,1
697,698,0.8660254037844393,0.5,0
47,48,0.8660254037844384,0.5,1
485,486,0.8660254037844384,0.5,1
442,462,0.0,1.0,0
510,511,0.8660254037844384,0.5,0
796,797,0.8660254037844393,0.5,1
757,758,0.8660254037844393,-0.5,0
397,398,0.8660254037844393,-0.5,0
86,87,0.8660254037844393,-0.5,1
511,531,0.0,1.0,0
454,474,0.0,1.0,1
107,108,0.8660254037844384,-0.5,0
51,52,0.8660254037844393,0.5,1
23,43,0.0,1.0,0
791,792,0.8660254037844393,-0.5,0
601,602,0.8660254037844386,0.5,0
149,169,0.0,1.0,0
538,558,0.0,1.0,1
429,449,0.0,1.0,0
568,588,0.0,1.0,1
749,769,0.0,1.0,1
479,480,0.8660254037844393,-0.5,1
459,460,0.8660254037844393,0.5,0
292,312,0.0,1.0,0
677,697,0.0,1.0,0
616,636,0.0,1.0,0
146,147,0.8660254037844393,0.5,1
149,150,0.8660254037844384,-0.5,1
674,675,0.8660254037844393,0.5,1
294,295,0.8660254037844393,-0.5,1
258,259,0.8660254037844375,-0.5,0
309,329,0.0,1.0,0
659,660,0.8660254037844393,0.5,1
189,209,0.0,1.0,1
691,692,0.8660254037844393,0.5,0
126,146,0.0,1.0,1
715,716,0.8660254037844375,-0.5,0
389,409,0.0,1.0,0
488,489,0.8660254037844384,-0.5,0
50,51,0.8660254037844384,-0.5,0
16,17,0.8660254037844393,-0.5,0
109,110,0.8660254037844384,-0.5,0
455,456,0.8660254037844375,0.5,1
470,471,0.8660254037844384,0.5,0
203,204,0.8660254037844388,0.5,1
551,552,0.8660254037844393,-0.5,0
6,7,0.8660254037844393,-0.5,0
424,425,0.8660254037844384,0.5,0
514,515,0.8660254037844393,0.5,0
461,481,0.0,1.0,1
403,404,0.8660254037844388,0.5,0
86,106,0.0,1.0,0
263,264,0.8660254037844388,-0.5,1
307,308,0.8660254037844384,-0.5,1
701,721,0.0,1.0,0
111,112,0.8660254037844393,-0.5,0
635,636,0.8660254037844375,-0.5,0
558,559,0.8660254037844375,0.5,0
399,400,0.8660254037844393,-0.5,0
313,333,0.0,1.0,1
433,453,0.0,1.0,1
656,676,0.0,1.0,0
590,591,0.8660254037844384,0.5,0
690,691,0.8660254037844384,-0.5,1
482,502,0.0,1.0,1
340,360,0.0,1.0,0
615,616,0.8660254037844375,0.5,1
370,390,0.0,1.0,1
518,519,0.8660254037844375,0.5,0
593,613,0.0,1.0,0
10,11,0.8660254037844384,-0.5,1
630,631,0.8660254037844384,0.5,0
334,335,0.8660254037844393,-0.5,0
304,305,0.8660254037844384,0.5,1
42,62,0.0,1.0,0
798,799,0.8660254037844375,0.5,0
155,175,0.0,1.0,0
201,220,16.454482671904334,0.5,0
253,254,0.8660254037844375,0.5,0
604,605,0.8660254037844384,-0.5,0
37,57,0.0,1.0,0
341,360,16.454482671904334,-0.5,0
463,464,0.8660254037844388,-0.5,1
257,258,0.8660254037844393,0.5,0
769,770,0.8660254037844384,0.5,0
217,218,0.8660254037844393,0.5,1
575,576,0.8660254037844375,0.5,0
515,516,0.8660254037844375,-0.5,0
581,600,16.454482671904334,-0.5,0
173,174,0.8660254037844375,0.5,0
151,152,0.8660254037844393,-0.5,1
573,574,0.8660254037844375,0.5,0
250,270,0.0,1.0,0
642,643,0.8660254037844386,-0.5,0
233,253,0.0,1.0,0
751,752,0.8660254037844393,-0.5,1
305,306,0.8660254037844384,-0.5,0
205,206,0.8660254037844384,0.5,0
331,332,0.8660254037844393,0.5,1
10,30,0.0,1.0,1
170,190,0.0,1.0,1
406,407,0.8660254037844393,-0.5,0
412,413,0.8660254037844393,-0.5,0
551,571,0.0,1.0,0
729,730,0.8660254037844384,0.5,1
345,365,0.0,1.0,0
7,8,0.8660254037844384,0.5,0
298,318,0.0,1.0,1
594,595,0.8660254037844393,0.5,0
148,149,0.8660254037844384,0.5,0
382,383,0.8660254037844386,0.5,0
218,238,0.0,1.0,1
184,185,0.8660254037844384,0.5,1
133,134,0.8660254037844375,0.5,1
676,677,0.8660254037844393,0.5,1
706,707,0.8660254037844393,0.5,0
395,396,0.8660254037844375,-0.5,0
410,430,0.0,1.0,0
728,748,0.0,1.0,1
562,582,0.0,1.0,0
154,155,0.8660254037844393,0.5,0
101,120,16.454482671904334,-0.5,1
409,410,0.8660254037844384,0.5,0
159,160,0.8660254037844393,-0.5,1
328,329,0.8660254037844384,-0.5,0
443,444,0.8660254037844388,0.5,0
190,191,0.8660254037844384,0.5,1
712,713,0.8660254037844393,0.5,1
531,532,0.8660254037844393,0.5,1
39,40,0.8660254037844393,-0.5,1
415,416,0.8660254037844375,0.5,1
175,176,0.8660254037844375,0.5,0
2,3,0.8660254037844386,-0.5,0
536,537,0.8660254037844393,-0.5,1
787,788,0.8660254037844384,-0.5,0
742,743,0.8660254037844386,0.5,1
326,346,0.0,1.0,1
55,56,0.8660254037844375,0.5,0
159,179,0.0,1.0,0
478,479,0.8660254037844375,0.5,0
348,349,0.8660254037844384,0.5,1
238,239,0.8660254037844375,0.5,0
741,742,0.8660254037844386,-0.5,0
27,47,0.0,1.0,0
490,510,0.0,1.0,1
529,530,0.8660254037844384,0.5,1
668,669,0.8660254037844384,0.5,0
12,13,0.8660254037844393,-0.5,1
690,710,0.0,1.0,1
151,171,0.0,1.0,0
82,83,0.8660254037844386,-0.5,1
541,542,0.8660254037844386,-0.5,1
768,788,0.0,1.0,1
631,632,0.8660254037844393,-0.5,0
688,689,0.8660254037844384,-0.5,0
509,510,0.8660254037844384,-0.5,1
655,656,0.8660254037844375,0.5,1
168,169,0.8660254037844384,-0.5,1
665,685,0.0,1.0,0
54,55,0.8660254037844393,-0.5,0
172,192,0.0,1.0,1
579,580,0.8660254037844393,0.5,1
168,188,0.0,1.0,1
212,232,0.0,1.0,0
441,460,16.454482671904334,0.5,1
606,626,0.0,1.0,1
673,674,0.8660254037844375,-0.5,1
719,739,0.0,1.0,0
178,179,0.8660254037844375,-0.5,1
378,398,0.0,1.0,1
79,99,0.0,1.0,0
106,107,0.8660254037844393,0.5,1
728,729,0.8660254037844384,-0.5,0
790,791,0.8660254037844384,0.5,1
185,186,0.8660254037844384,-0.5,1
764,784,0.0,1.0,1
58,59,0.8660254037844375,-0.5,1
436,437,0.8660254037844393,0.5,0
383,384,0.8660254037844388,-0.5,0
605,606,0.8660254037844384,0.5,0
342,343,0.8660254037844386,0.5,1
496,516,0.0,1.0,0
721,722,0.8660254037844386,0.5,1
401,420,16.454482671904334,0.5,0
288,289,0.8660254037844384,-0.5,1
456,476,0.0,1.0,1
330,331,0.8660254037844384,-0.5,0
228,229,0.8660254037844384,0.5,1
466,467,0.8660254037844393,0.5,1
475,476,0.8660254037844375,-0.5,0
174,175,0.8660254037844393,-0.5,0
197,198,0.8660254037844393,-0.5,1
145,165,0.0,1.0,0
591,611,0.0,1.0,0
125,126,0.8660254037844384,0.5,1
211,212,0.8660254037844393,0.5,0
182,183,0.8660254037844386,0.5,0
167,168,0.8660254037844384,0.5,1
627,628,0.8660254037844384,-0.5,0
38,39,0.8660254037844375,0.5,0
202,222,0.0,1.0,1
247,248,0.8660254037844384,0.5,1
450,451,0.8660254037844384,-0.5,0
786,787,0.8660254037844393,0.5,1
261,280,16.454482671904334,-0.5,1
69,70,0.8660254037844384,-0.5,0
601,620,16.454482671904334,0.5,0
224,225,0.8660254037844384,0.5,0
672,673,0.8660254037844393,0.5,0
420,440,0.0,1.0,1
662,663,0.8660254037844386,0.5,1
613,614,0.8660254037844375,0.5,1
606,607,0.8660254037844393,-0.5,1
599,600,0.8660254037844393,-0.5,0
460,480,0.0,1.0,1
602,603,0.8660254037844386,-0.5,1
371,372,0.8660254037844393,0.5,1
743,744,0.8660254037844388,-0.5,1
776,796,0.0,1.0,1
766,767,0.8660254037844393,-0.5,0
582,583,0.8660254037844386,0.5,1
734,754,0.0,1.0,1
430,431,0.8660254037844384,0.5,0
673,693,0.0,1.0,0
694,695,0.8660254037844393,-0.5,1
580,600,0.0,1.0,1
71,91,0.0,1.0,1
142,143,0.8660254037844386,0.5,0
209,210,0.8660254037844384,0.5,0
195,196,0.8660254037844375,-0.5,0
323,324,0.8660254037844388,0.5,1
57,58,0.8660254037844393,0.5,1
288,308,0.0,1.0,0
543,563,0.0,1.0,1
4,5,0.8660254037844384,-0.5,0
588,589,0.8660254037844384,0.5,1
90,91,0.8660254037844384,-0.5,0
266,267,0.8660254037844393,0.5,0
722,723,0.8660254037844386,-0.5,0
498,518,0.0,1.0,0
319,320,0.8660254037844393,-0.5,0
647,648,0.8660254037844384,0.5,0
778,798,0.0,1.0,1
355,375,0.0,1.0,0
632,633,0.8660254037844393,0.5,0
114,115,0.8660254037844393,0.5,0
227,247,0.0,1.0,0
609,610,0.8660254037844384,0.5,0
507,527,0.0,1.0,1
101,121,0.0,1.0,1
272,273,0.8660254037844393,0.5,1
435,436,0.8660254037844375,-0.5,0
61,62,0.8660254037844386,-0.5,1
166,186,0.0,1.0,1
161,180,16.454482671904334,0.5,1
256,276,0.0,1.0,1
593,594,0.8660254037844375,-0.5,0
263,283,0.0,1.0,1
578,579,0.8660254037844375,-0.5,0
246,247,0.8660254037844393,-0.5,0
649,650,0.8660254037844384,0.5,0
63,64,0.8660254037844388,-0.5,0
384,385,0.8660254037844384,0.5,0
686,706,0.0,1.0,1
29,49,0.0,1.0,1
416,436,0.0,1.0,1
381,400,16.454482671904334,-0.5,1
176,196,0.0,1.0,1
95,96,0.8660254037844375,0.5,0
621,622,0.8660254037844386,-0.5,1
732,733,0.8660254037844393,-0.5,0
705,706,0.8660254037844384,-0.5,0
165,166,0.8660254037844384,0.5,1
624,625,0.8660254037844384,0.5,0
777,778,0.8660254037844393,0.5,1
248,249,0.8660254037844384,-0.5,0
361,362,0.8660254037844386,0.5,1
245,246,0.8660254037844384,0.5,1
23,24,0.8660254037844388,-0.5,0
213,214,0.8660254037844375,0.5,1
17,18,0.8660254037844393,0.5,1
413,414,0.8660254037844375,0.5,0
517,518,0.8660254037844393,-0.5,1
517,537,0.0,1.0,1
445,446,0.8660254037844384,0.5,0
197,217,0.0,1.0,1
368,388,0.0,1.0,1
378,379,0.8660254037844375,-0.5,1
223,243,0.0,1.0,0
341,361,0.0,1.0,1
96,116,0.0,1.0,1
799,800,0.8660254037844393,-0.5,0
717,737,0.0,1.0,1
134,135,0.8660254037844393,-0.5,0
543,544,0.8660254037844388,-0.5,1
404,424,0.0,1.0,0
792,793,0.8660254037844393,0.5,0
527,528,0.8660254037844384,0.5,1
509,529,0.0,1.0,0
21,22,0.8660254037844386,-0.5,1
183,203,0.0,1.0,1
581,582,0.8660254037844386,-0.5,1
474,475,0.8660254037844393,0.5,0
9,10,0.8660254037844384,0.5,1
597,617,0.0,1.0,1
629,630,0.8660254037844384,-0.5,0
614,634,0.0,1.0,0
402,422,0.0,1.0,0
210,211,0.8660254037844384,-0.5,1
572,592,0.0,1.0,0
496,497,0.8660254037844393,-0.5,1
241,260,16.454482671904334,0.5,1
644,645,0.8660254037844384,-0.5,0
295,296,0.8660254037844375,0.5,1
597,598,0.8660254037844393,-0.5,0
157,177,0.0,1.0,1
425,426,0.8660254037844384,-0.5,0
759,760,0.8660254037844393,-0.5,0
781,782,0.8660254037844386,-0.5,1
521,540,16.454482671904334,0.5,1
88,108,0.0,1.0,1
18,38,0.0,1.0,1
431,432,0.8660254037844393,-0.5,0
21,41,0.0,1.0,1
206,207,0.8660254037844393,-0.5,0
282,283,0.8660254037844386,-0.5,0
364,384,0.0,1.0,1
179,180,0.8660254037844393,0.5,0
493,494,0.8660254037844375,0.5,1
661,662,0.8660254037844386,-0.5,0
260,280,0.0,1.0,1
243,244,0.8660254037844388,0.5,1
28,29,0.8660254037844384,0.5,0
270,271,0.8660254037844384,0.5,1
333,334,0.8660254037844375,0.5,1
4,24,0.0,1.0,1
19,20,0.8660254037844393,0.5,0
172,173,0.8660254037844393,-0.5,0
180,200,0.0,1.0,0
44,45,0.8660254037844384,-0.5,1
56,57,0.8660254037844393,-0.5,0
327,328,0.8660254037844384,0.5,0
191,211,0.0,1.0,0
318,319,0.8660254037844375,0.5,1
526,527,0.8660254037844393,-0.5,0
710,711,0.8660254037844384,0.5,1
610,611,0.8660254037844384,-0.5,1
709,710,0.8660254037844384,-0.5,0
574,594,0.0,1.0,0
721,740,16.454482671904334,0.5,0
313,314,0.8660254037844375,-0.5,1
447,448,0.8660254037844384,0.5,1
621,640,16.454482671904334,-0.5,1
352,353,0.8660254037844393,0.5,1
143,144,0.8660254037844388,-0.5,1
118,119,0.8660254037844375,0.5,1
469,470,0.8660254037844384,-0.5,1
423,443,0.0,1.0,0
315,316,0.8660254037844375,-0.5,1
362,363,0.8660254037844386,-0.5,0
571,572,0.8660254037844393,0.5,1
104,105,0.8660254037844384,0.5,1
363,364,0.8660254037844388,0.5,0
42,43,0.8660254037844386,-0.5,0
465,485,0.0,1.0,0
332,333,0.8660254037844393,-0.5,0
595,596,0.8660254037844375,-0.5,0
548,549,0.8660254037844384,0.5,1
291,292,0.8660254037844393,0.5,0
3,4,0.8660254037844388,0.5,1
91,92,0.8660254037844393,0.5,1
627,647,0.0,1.0,0
191,192,0.8660254037844393,-0.5,1
29,30,0.8660254037844384,-0.5,0
193,213,0.0,1.0,0
694,714,0.0,1.0,1
281,282,0.8660254037844386,0.5,1
654,674,0.0,1.0,0
268,269,0.8660254037844384,0.5,0
293,294,0.8660254037844375,0.5,0
441,442,0.8660254037844386,0.5,1
299,300,0.8660254037844393,0.5,0
414,415,0.8660254037844393,-0.5,1
740,760,0.0,1.0,1
469,489,0.0,1.0,1
195,215,0.0,1.0,0
60,80,0.0,1.0,0
473,474,0.8660254037844375,-0.5,0
276,277,0.8660254037844393,0.5,1
484,485,0.8660254037844384,-0.5,0
311,331,0.0,1.0,1
666,667,0.8660254037844393,0.5,1
164,184,0.0,1.0,0
578,598,0.0,1.0,0
421,422,0.8660254037844386,-0.5,0
374,394,0.0,1.0,1
457,458,0.8660254037844393,0.5,1
688,708,0.0,1.0,1
315,335,0.0,1.0,1
776,777,0.8660254037844393,-0.5,0
758,759,0.8660254037844375,0.5,0
635,655,0.0,1.0,1
756,757,0.8660254037844393,0.5,1
34,35,0.8660254037844393,0.5,0
343,363,0.0,1.0,0
355,356,0.8660254037844375,-0.5,1
153,154,0.8660254037844375,-0.5,0
660,680,0.0,1.0,1
456,457,0.8660254037844393,-0.5,1
369,370,0.8660254037844384,0.5,1
665,666,0.8660254037844384,-0.5,0
505,506,0.8660254037844384,-0.5,0
634,635,0.8660254037844393,0.5,1
44,64,0.0,1.0,1
300,320,0.0,1.0,0
234,235,0.8660254037844393,0.5,0
158,159,0.8660254037844375,0.5,1
324,325,0.8660254037844384,-0.5,0
621,641,0.0,1.0,1
45,46,0.8660254037844384,0.5,0
39,59,0.0,1.0,1
789,790,0.8660254037844384,-0.5,0
491,492,0.8660254037844393,0.5,1
524,525,0.8660254037844384,-0.5,0
541,561,0.0,1.0,0
290,291,0.8660254037844384,-0.5,0
641,642,0.8660254037844386,0.5,1
193,194,0.8660254037844375,-0.5,0
128,148,0.0,1.0,1
515,535,0.0,1.0,1
471,491,0.0,1.0,1
619,620,0.8660254037844393,0.5,1
641,660,16.454482671904334,0.5,0
124,125,0.8660254037844384,-0.5,0
46,47,0.8660254037844393,-0.5,0
162,163,0.8660254037844386,-0.5,0
230,231,0.8660254037844384,0.5,1
43,44,0.8660254037844388,0.5,1
512,513,0.8660254037844393,0.5,1
150,151,0.8660254037844384,0.5,0
513,514,0.8660254037844375,-0.5,0
598,599,0.8660254037844375,0.5,0
67,87,0.0,1.0,1
464,465,0.8660254037844384,0.5,0
604,624,0.0,1.0,1
72,73,0.8660254037844393,0.5,1
557,577,0.0,1.0,0
608,609,0.8660254037844384,-0.5,1
132,133,0.8660254037844393,-0.5,1
214,215,0.8660254037844393,-0.5,0
483,484,0.8660254037844388,0.5,1
519,520,0.8660254037844393,-0.5,0
359,360,0.8660254037844393,-0.5,0
85,86,0.8660254037844384,0.5,1
351,371,0.0,1.0,1
612,613,0.8660254037844393,-0.5,0
646,647,0.8660254037844393,-0.5,0
282,302,0.0,1.0,0
221,240,16.454482671904334,-0.5,0
782,783,0.8660254037844386,0.5,1
376,377,0.8660254037844393,-0.5,1
399,419,0.0,1.0,1
537,538,0.8660254037844393,0.5,0
199,219,0.0,1.0,1
567,568,0.8660254037844384,0.5,1
670,671,0.8660254037844384,0.5,1
648,649,0.8660254037844384,-0.5,1
301,320,16.454482671904334,-0.5,0
547,567,0.0,1.0,1
84,85,0.8660254037844384,-0.5,1
309,310,0.8660254037844384,-0.5,1
187,188,0.8660254037844384,-0.5,0
667,668,0.8660254037844384,-0.5,1
206,226,0.0,1.0,0
122,123,0.8660254037844386,-0.5,1
717,718,0.8660254037844393,-0.5,1
1,2,0.8660254037844386,0.5,1
733,734,0.8660254037844375,0.5,0
734,735,0.8660254037844393,-0.5,1
153,173,0.0,1.0,1
325,326,0.8660254037844384,0.5,1
703,704,0.8660254037844388,-0.5,0
244,264,0.0,1.0,1
761,780,16.454482671904334,0.5,0
56,76,0.0,1.0,1
410,411,0.8660254037844384,-0.5,0
303,323,0.0,1.0,1
345,346,0.8660254037844384,-0.5,1
22,23,0.8660254037844386,0.5,0
762,782,0.0,1.0,0
562,563,0.8660254037844386,-0.5,1
576,577,0.8660254037844393,-0.5,1
521,522,0.8660254037844386,0.5,1
64,65,0.8660254037844384,0.5,0
646,666,0.0,1.0,1
753,754,0.8660254037844375,-0.5,0
52,53,0.8660254037844393,-0.5,0
267,268,0.8660254037844384,-0.5,1
221,241,0.0,1.0,0
387,407,0.0,1.0,0
365,366,0.8660254037844384,0.5,1
421,440,16.454482671904334,-0.5,0
651,652,0.8660254037844393,0.5,0
368,369,0.8660254037844384,-0.5,0
614,615,0.8660254037844393,-0.5,1
271,272,0.8660254037844393,-0.5,1
115,116,0.8660254037844375,-0.5,1
664,665,0.8660254037844384,0.5,0
487,488,0.8660254037844384,0.5,0
100,120,0.0,1.0,0
566,586,0.0,1.0,1
451,452,0.8660254037844393,0.5,0
589,590,0.8660254037844384,-0.5,1
274,275,0.8660254037844393,0.5,0
557,558,0.8660254037844393,-0.5,0
277,278,0.8660254037844393,-0.5,0
385,405,0.0,1.0,1
231,232,0.8660254037844393,-0.5,1
208,228,0.0,1.0,0
439,440,0.8660254037844393,-0.5,1
481,500,16.454482671904334,0.5,1
435,455,0.0,1.0,1
223,224,0.8660254037844388,-0.5,0
467,487,0.0,1.0,1
324,344,0.0,1.0,0
784,785,0.8660254037844384,0.5,1
465,466,0.8660254037844384,-0.5,1
552,553,0.8660254037844393,0.5,0
458,459,0.8660254037844375,-0.5,0
745,746,0.8660254037844384,-0.5,1
347,367,0.0,1.0,0
501,520,16.454482671904334,-0.5,0
356,357,0.8660254037844393,0.5,1
271,291,0.0,1.0,0
275,295,0.0,1.0,0
196,197,0.8660254037844393,0.5,1
746,747,0.8660254037844393,0.5,0
692,712,0.0,1.0,1
482,483,0.8660254037844386,-0.5,0
103,104,0.8660254037844388,-0.5,0
312,313,0.8660254037844393,0.5,1
226,227,0.8660254037844393,0.5,0
109,129,0.0,1.0,0
639,640,0.8660254037844393,-0.5,0
258,278,0.0,1.0,0
77,78,0.8660254037844393,-0.5,0
275,276,0.8660254037844375,-0.5,1
96,97,0.8660254037844393,-0.5,0
595,615,0.0,1.0,1
252,253,0.8660254037844393,-0.5,1
67,68,0.8660254037844384,-0.5,0
661,680,16.454482671904334,-0.5,1
177,178,0.8660254037844393,0.5,1
477,497,0.0,1.0,1
84,104,0.0,1.0,0
744,745,0.8660254037844384,0.5,0
657,658,0.8660254037844393,0.5,0
439,459,0.0,1.0,0
503,504,0.8660254037844388,-0.5,0
287,288,0.8660254037844384,0.5,1
468,469,0.8660254037844384,0.5,1
683,684,0.8660254037844388,0.5,0
704,705,0.8660254037844384,0.5,0
536,556,0.0,1.0,0
540,560,0.0,1.0,0
453,454,0.8660254037844375,0.5,0
25,26,0.8660254037844384,-0.5,0
637,657,0.0,1.0,1
663,683,0.0,1.0,1
724,725,0.8660254037844384,-0.5,1
684,704,0.0,1.0,0
127,128,0.8660254037844384,0.5,1
296,316,0.0,1.0,1
724,744,0.0,1.0,0
528,548,0.0,1.0,0
750,751,0.8660254037844384,0.5,0
73,93,0.0,1.0,1
254,274,0.0,1.0,0
549,569,0.0,1.0,0
437,457,0.0,1.0,1
448,468,0.0,1.0,1
421,441,0.0,1.0,0
330,350,0.0,1.0,1
281,300,16.454482671904334,0.5,1
255,256,0.8660254037844375,0.5,1
636,637,0.8660254037844393,0.5,1
730,731,0.8660254037844384,-0.5,1
654,655,0.8660254037844393,-0.5,1
528,529,0.8660254037844384,-0.5,0
198,199,0.8660254037844375,0.5,0
297,298,0.8660254037844393,0.5,0
726,746,0.0,1.0,0
561,580,16.454482671904334,0.5,0
408,428,0.0,1.0,1
14,15,0.8660254037844393,-0.5,1
703,723,0.0,1.0,1
364,365,0.8660254037844384,-0.5,0
372,373,0.8660254037844393,-0.5,0
768,769,0.8660254037844384,-0.5,0
339,340,0.8660254037844393,0.5,0
134,154,0.0,1.0,0
286,306,0.0,1.0,1
489,490,0.8660254037844384,0.5,0
644,664,0.0,1.0,0
696,716,0.0,1.0,1
544,545,0.8660254037844384,0.5,1
506,507,0.8660254037844393,0.5,1
244,245,0.8660254037844384,-0.5,0
461,462,0.8660254037844386,-0.5,0
669,670,0.8660254037844384,-0.5,1
753,773,0.0,1.0,1
68,69,0.8660254037844384,0.5,0
648,668,0.0,1.0,1
103,123,0.0,1.0,1
612,632,0.0,1.0,1
71,72,0.8660254037844393,-0.5,0
242,243,0.8660254037844386,-0.5,0
30,31,0.8660254037844384,0.5,1
98,118,0.0,1.0,0
743,763,0.0,1.0,1
623,643,0.0,1.0,0
63,83,0.0,1.0,1
381,382,0.8660254037844386,-0.5,1
111,131,0.0,1.0,0
731,732,0.8660254037844393,0.5,1
449,450,0.8660254037844384,0.5,0
11,12,0.8660254037844393,0.5,0
526,546,0.0,1.0,0
735,736,0.8660254037844375,0.5,0
353,373,0.0,1.0,0
545,546,0.8660254037844384,-0.5,1
122,142,0.0,1.0,0
194,195,0.8660254037844393,0.5,0
508,509,0.8660254037844384,0.5,0
686,687,0.8660254037844393,-0.5,1
261,262,0.8660254037844386,-0.5,0
504,505,0.8660254037844384,0.5,0
390,391,0.8660254037844384,0.5,0
235,255,0.0,1.0,0
772,773,0.8660254037844393,-0.5,0
140,160,0.0,1.0,1
61,80,16.454482671904334,-0.5,0
273,293,0.0,1.0,1
625,645,0.0,1.0,1
222,223,0.8660254037844386,0.5,0
77,97,0.0,1.0,0
774,794,0.0,1.0,1
437,438,0.8660254037844393,-0.5,1
414,434,0.0,1.0,1
616,617,0.8660254037844393,-0.5,0
396,397,0.8660254037844393,0.5,0
386,387,0.8660254037844393,0.5,0
53,54,0.8660254037844375,0.5,0
48,68,0.0,1.0,1
516,517,0.8660254037844393,0.5,1
500,520,0.0,1.0,0
311,312,0.8660254037844393,-0.5,0
346,347,0.8660254037844393,0.5,0
781,800,16.454482671904334,-0.5,0
187,207,0.0,1.0,0
689,690,0.8660254037844384,0.5,1
603,604,0.8660254037844388,0.5,0
171,172,0.8660254037844393,0.5,0
714,715,0.8660254037844393,0.5,1
538,539,0.8660254037844375,-0.5,0
161,162,0.8660254037844386,0.5,0
747,748,0.8660254037844384,-0.5,0
426,427,0.8660254037844393,0.5,0
629,649,0.0,1.0,0
653,654,0.8660254037844375,0.5,1
596,597,0.8660254037844393,0.5,0
549,550,0.8660254037844384,-0.5,1
214,234,0.0,1.0,1
124,144,0.0,1.0,1
219,220,0.8660254037844393,0.5,0
716,717,0.8660254037844393,0.5,1
757,777,0.0,1.0,0
347,348,0.8660254037844384,-0.5,0
321,339,15.588457268119894,0.0,0
401,422,0.8660254037844386,1.5,0
719,740,0.8660254037844393,1.5,0
482,501,-0.8660254037844386,1.5,0
182,184,1.7320508075688774,0.0,0
177,179,1.7320508075688767,0.0,0
149,151,1.7320508075688767,0.0,1
9,28,-0.8660254037844384,1.5,1
625,627,1.7320508075688776,0.0,1
433,452,-0.8660254037844393,1.5,0
577,598,0.8660254037844393,1.5,0
627,646,-0.8660254037844393,1.5,1
388,407,-0.8660254037844384,1.5,1
691,693,1.7320508075688785,0.0,1
633,635,1.7320508075688767,0.0,0
202,223,0.8660254037844386,1.5,0
325,327,1.7320508075688776,0.0,1
524,545,0.8660254037844384,1.5,0
591,612,0.8660254037844393,1.5,1
494,513,-0.8660254037844375,1.5,0
298,317,-0.8660254037844393,1.5,0
331,350,-0.8660254037844384,1.5,0
77,96,-0.8660254037844393,1.5,0
344,365,0.8660254037844384,1.5,0
631,633,1.7320508075688785,0.0,1
602,621,-0.8660254037844386,1.5,1
759,778,-0.8660254037844375,1.5,1
98,100,1.7320508075688767,0.0,0
527,529,1.7320508075688767,0.0,0
532,534,1.7320508075688767,0.0,0
119,140,0.8660254037844393,1.5,0
498,517,-0.8660254037844393,1.5,1
797,799,1.7320508075688767,0.0,1
693,714,0.8660254037844375,1.5,0
522,543,0.8660254037844386,1.5,0
385,387,1.7320508075688776,0.0,1
578,599,0.8660254037844375,1.5,0
124,143,-0.8660254037844388,1.5,1
555,557,1.7320508075688767,0.0,0
502,504,1.7320508075688774,0.0,1
83,85,1.7320508075688772,0.0,1
233,254,0.8660254037844375,1.5,0
735,754,-0.8660254037844393,1.5,1
107,126,-0.8660254037844393,1.5,1
418,439,0.8660254037844375,1.5,0
64,85,0.8660254037844384,1.5,1
509,511,1.7320508075688767,0.0,1
176,195,-0.8660254037844375,1.5,1
133,135,1.7320508075688767,0.0,0
108,127,-0.8660254037844384,1.5,1
323,342,-0.8660254037844386,1.5,0
288,307,-0.8660254037844384,1.5,1
558,579,0.8660254037844375,1.5,0
279,298,-0.8660254037844375,1.5,0
478,480,1.7320508075688767,0.0,0
17,19,1.7320508075688767,0.0,1
382,403,0.8660254037844386,1.5,0
355,374,-0.8660254037844393,1.5,0
455,474,-0.8660254037844393,1.5,0
161,200,16.454482671904334,1.5,0
481,483,1.7320508075688772,0.0,1
408,427,-0.8660254037844384,1.5,0
489,510,0.8660254037844384,1.5,1
529,548,-0.8660254037844384,1.5,1
507,528,0.8660254037844384,1.5,1
370,389,-0.8660254037844384,1.5,1
598,600,1.7320508075688767,0.0,0
475,496,0.8660254037844375,1.5,0
236,255,-0.8660254037844375,1.5,0
676,697,0.8660254037844393,1.5,0
311,330,-0.8660254037844384,1.5,0
484,505,0.8660254037844384,1.5,1
633,654,0.8660254037844375,1.5,0
705,724,-0.8660254037844384,1.5,1
544,563,-0.8660254037844388,1.5,1
296,298,1.7320508075688785,0.0,1
573,592,-0.8660254037844393,1.5,1
725,746,0.8660254037844384,1.5,0
29,50,0.8660254037844384,1.5,0
419,440,0.8660254037844393,1.5,1
596,615,-0.8660254037844375,1.5,0
293,314,0.8660254037844375,1.5,0
605,626,0.8660254037844384,1.5,1
586,588,1.7320508075688776,0.0,0
645,647,1.7320508075688776,0.0,1
260,261,-16.454482671904334,1.5,0
53,74,0.8660254037844375,1.5,0
491,493,1.7320508075688785,0.0,0
282,284,1.7320508075688774,0.0,1
103,124,0.8660254037844388,1.5,1
694,715,0.8660254037844393,1.5,0
301,303,1.7320508075688772,0.0,0
49,68,-0.8660254037844384,1.5,1
377,379,1.7320508075688767,0.0,0
76,95,-0.8660254037844375,1.5,1
748,769,0.8660254037844384,1.5,1
154,156,1.7320508075688767,0.0,0
64,83,-0.8660254037844388,1.5,1
217,238,0.8660254037844393,1.5,0
534,553,-0.8660254037844375,1.5,1
782,800,15.588457268119894,0.0,0
193,214,0.8660254037844375,1.5,0
701,719,15.588457268119894,0.0,1
87,108,0.8660254037844384,1.5,0
309,311,1.7320508075688767,0.0,0
551,570,-0.8660254037844384,1.5,0
396,398,1.7320508075688785,0.0,1
28,49,0.8660254037844384,1.5,0
390,411,0.8660254037844384,1.5,1
163,184,0.8660254037844388,1.5,0
792,794,1.7320508075688767,0.0,0
767,788,0.8660254037844384,1.5,1
758,779,0.8660254037844375,1.5,0
672,691,-0.8660254037844393,1.5,1
27,48,0.8660254037844384,1.5,1
33,35,1.7320508075688767,0.0,0
347,366,-0.8660254037844393,1.5,0
496,498,1.7320508075688785,0.0,1
361,363,1.7320508075688772,0.0,0
737,758,0.8660254037844393,1.5,1
184,203,-0.8660254037844388,1.5,0
501,540,16.454482671904334,1.5,1
369,388,-0.8660254037844384,1.5,1
374,395,0.8660254037844393,1.5,1
638,659,0.8660254037844375,1.5,1
346,365,-0.8660254037844384,1.5,1
715,736,0.8660254037844375,1.5,0
244,246,1.7320508075688767,0.0,0
572,574,1.7320508075688767,0.0,1
554,575,0.8660254037844393,1.5,1
175,194,-0.8660254037844393,1.5,1
560,561,-16.454482671904334,1.5,0
372,374,1.7320508075688767,0.0,1
331,333,1.7320508075688785,0.0,0
128,130,1.7320508075688767,0.0,1
311,313,1.7320508075688785,0.0,1
641,680,16.454482671904334,1.5,1
313,315,1.7320508075688767,0.0,1
218,239,0.8660254037844375,1.5,0
392,411,-0.8660254037844393,1.5,0
380,399,-0.8660254037844393,1.5,0
626,628,1.7320508075688776,0.0,0
314,333,-0.8660254037844375,1.5,0
564,566,1.7320508075688767,0.0,1
438,457,-0.8660254037844393,1.5,0
689,708,-0.8660254037844384,1.5,1
81,83,1.7320508075688772,0.0,0
236,257,0.8660254037844393,1.5,1
509,528,-0.8660254037844384,1.5,1
415,417,1.7320508075688767,0.0,1
131,150,-0.8660254037844384,1.5,1
616,618,1.7320508075688785,0.0,1
35,54,-0.8660254037844393,1.5,1
680,681,-16.454482671904334,1.5,0
436,438,1.7320508075688785,0.0,1
144,163,-0.8660254037844388,1.5,1
641,659,15.588457268119894,0.0,0
341,359,15.588457268119894,0.0,0
111,130,-0.8660254037844384,1.5,0
661,663,1.7320508075688772,0.0,1
393,395,1.7320508075688767,0.0,1
643,662,-0.8660254037844386,1.5,0
233,252,-0.8660254037844393,1.5,0
228,247,-0.8660254037844384,1.5,1
647,668,0.8660254037844384,1.5,0
449,468,-0.8660254037844384,1.5,0
718,720,1.7320508075688767,0.0,0
413,415,1.7320508075688767,0.0,0
133,152,-0.8660254037844393,1.5,1
185,204,-0.8660254037844384,1.5,1
462,464,1.7320508075688774,0.0,0
772,774,1.7320508075688767,0.0,1
696,715,-0.8660254037844375,1.5,1
181,220,16.454482671904334,1.5,0
152,171,-0.8660254037844393,1.5,1
102,104,1.7320508075688774,0.0,0
592,594,1.7320508075688767,0.0,0
125,144,-0.8660254037844384,1.5,1
458,479,0.8660254037844375,1.5,0
673,694,0.8660254037844375,1.5,1
612,631,-0.8660254037844393,1.5,1
243,245,1.7320508075688772,0.0,1
255,276,0.8660254037844375,1.5,1
169,190,0.8660254037844384,1.5,0
591,610,-0.8660254037844384,1.5,1
42,61,-0.8660254037844386,1.5,1
348,350,1.7320508075688767,0.0,0
70,89,-0.8660254037844384,1.5,1
389,391,1.7320508075688767,0.0,1
184,205,0.8660254037844384,1.5,1
414,435,0.8660254037844393,1.5,0
116,118,1.7320508075688785,0.0,1
257,278,0.8660254037844393,1.5,0
731,750,-0.8660254037844384,1.5,0
92,94,1.7320508075688767,0.0,0
130,132,1.7320508075688776,0.0,1
654,656,1.7320508075688767,0.0,1
193,212,-0.8660254037844393,1.5,1
415,436,0.8660254037844375,1.5,0
734,755,0.8660254037844393,1.5,1
157,159,1.7320508075688767,0.0,1
226,228,1.7320508075688776,0.0,0
562,580,15.588457268119894,0.0,0
410,431,0.8660254037844384,1.5,0
104,125,0.8660254037844384,1.5,1
727,729,1.7320508075688767,0.0,1
503,505,1.7320508075688772,0.0,0
219,238,-0.8660254037844375,1.5,1
342,361,-0.8660254037844386,1.5,1
93,95,1.7320508075688767,0.0,0
687,708,0.8660254037844384,1.5,1
490,492,1.7320508075688776,0.0,0
269,290,0.8660254037844384,1.5,1
137,139,1.7320508075688767,0.0,0
669,688,-0.8660254037844384,1.5,1
448,467,-0.8660254037844384,1.5,0
431,433,1.7320508075688785,0.0,1
208,229,0.8660254037844384,1.5,1
163,165,1.7320508075688772,0.0,1
335,356,0.8660254037844375,1.5,1
691,712,0.8660254037844393,1.5,1
657,659,1.7320508075688767,0.0,1
23,44,0.8660254037844388,1.5,1
23,42,-0.8660254037844386,1.5,1
250,269,-0.8660254037844384,1.5,0
257,276,-0.8660254037844393,1.5,0
181,202,0.8660254037844386,1.5,1
495,514,-0.8660254037844393,1.5,1
198,219,0.8660254037844375,1.5,1
401,403,1.7320508075688772,0.0,0
642,660,15.588457268119894,0.0,0
771,792,0.8660254037844393,1.5,0
145,147,1.7320508075688776,0.0,0
624,645,0.8660254037844384,1.5,0
323,325,1.7320508075688772,0.0,1
83,104,0.8660254037844388,1.5,0
267,269,1.7320508075688767,0.0,0
654,675,0.8660254037844393,1.5,0
356,375,-0.8660254037844375,1.5,0
102,123,0.8660254037844386,1.5,1
295,314,-0.8660254037844393,1.5,0
741,759,15.588457268119894,0.0,1
82,101,-0.8660254037844386,1.5,0
702,723,0.8660254037844386,1.5,1
767,786,-0.8660254037844393,1.5,1
113,132,-0.8660254037844393,1.5,1
216,218,1.7320508075688785,0.0,1
707,709,1.7320508075688767,0.0,1
60,79,-0.8660254037844393,1.5,0
532,553,0.8660254037844393,1.5,1
7,26,-0.8660254037844393,1.5,0
550,571,0.8660254037844384,1.5,0
632,653,0.8660254037844393,1.5,0
735,737,1.7320508075688767,0.0,0
96,117,0.8660254037844393,1.5,0
364,366,1.7320508075688767,0.0,1
126,128,1.7320508075688776,0.0,1
741,762,0.8660254037844386,1.5,0
450,471,0.8660254037844384,1.5,0
359,378,-0.8660254037844375,1.5,0
637,656,-0.8660254037844393,1.5,1
248,250,1.7320508075688767,0.0,0
430,432,1.7320508075688776,0.0,0
658,660,1.7320508075688767,0.0,0
242,260,15.588457268119894,0.0,0
420,421,-16.454482671904334,1.5,1
75,94,-0.8660254037844393,1.5,1
611,630,-0.8660254037844384,1.5,0
462,481,-0.8660254037844386,1.5,1
177,196,-0.8660254037844393,1.5,0
395,397,1.7320508075688767,0.0,0
754,775,0.8660254037844393,1.5,1
260,279,-0.8660254037844393,1.5,1
740,759,-0.8660254037844393,1.5,1
251,270,-0.8660254037844384,1.5,1
457,459,1.7320508075688767,0.0,0
74,76,1.7320508075688767,0.0,1
345,347,1.7320508075688776,0.0,0
722,724,1.7320508075688774,0.0,0
376,378,1.7320508075688785,0.0,0
618,620,1.7320508075688767,0.0,0
752,754,1.7320508075688767,0.0,1
114,116,1.7320508075688767,0.0,0
726,745,-0.8660254037844384,1.5,0
102,121,-0.8660254037844386,1.5,1
283,304,0.8660254037844388,1.5,0
80,81,-16.454482671904334,1.5,0
178,199,0.8660254037844375,1.5,1
268,270,1.7320508075688767,0.0,1
320,321,-16.454482671904334,1.5,1
429,450,0.8660254037844384,1.5,0
140,159,-0.8660254037844393,1.5,0
596,617,0.8660254037844393,1.5,1
578,580,1.7320508075688767,0.0,0
748,750,1.7320508075688767,0.0,0
604,625,0.8660254037844384,1.5,0
171,190,-0.8660254037844384,1.5,0
684,703,-0.8660254037844388,1.5,0
174,176,1.7320508075688767,0.0,1
663,682,-0.8660254037844386,1.5,0
186,207,0.8660254037844393,1.5,0
570,591,0.8660254037844384,1.5,0
543,564,0.8660254037844388,1.5,1
580,581,-16.454482671904334,1.5,1
137,156,-0.8660254037844393,1.5,0
686,688,1.7320508075688776,0.0,0
441,480,16.454482671904334,1.5,0
423,442,-0.8660254037844386,1.5,1
156,177,0.8660254037844393,1.5,0
628,649,0.8660254037844384,1.5,1
545,547,1.7320508075688776,0.0,1
302,304,1.7320508075688774,0.0,1
577,579,1.7320508075688767,0.0,0
427,446,-0.8660254037844393,1.5,1
249,251,1.7320508075688767,0.0,0
497,516,-0.8660254037844393,1.5,1
109,111,1.7320508075688767,0.0,0
575,594,-0.8660254037844393,1.5,1
760,779,-0.8660254037844393,1.5,0
481,502,0.8660254037844386,1.5,1
165,184,-0.8660254037844384,1.5,0
563,565,1.7320508075688772,0.0,1
23,25,1.7320508075688772,0.0,0
387,408,0.8660254037844384,1.5,0
714,735,0.8660254037844393,1.5,1
585,604,-0.8660254037844384,1.5,0
127,129,1.7320508075688767,0.0,1
485,504,-0.8660254037844384,1.5,1
695,697,1.7320508075688767,0.0,1
575,596,0.8660254037844375,1.5,1
688,690,1.7320508075688767,0.0,1
554,556,1.7320508075688767,0.0,0
726,747,0.8660254037844393,1.5,0
114,135,0.8660254037844393,1.5,1
513,532,-0.8660254037844393,1.5,1
303,324,0.8660254037844388,1.5,0
234,255,0.8660254037844393,1.5,0
605,607,1.7320508075688776,0.0,0
660,679,-0.8660254037844393,1.5,0
515,534,-0.8660254037844393,1.5,0
371,390,-0.8660254037844384,1.5,1
405,424,-0.8660254037844384,1.5,1
450,469,-0.8660254037844384,1.5,1
742,760,15.588457268119894,0.0,1
37,56,-0.8660254037844393,1.5,0
48,69,0.8660254037844384,1.5,1
229,231,1.7320508075688767,0.0,1
367,386,-0.8660254037844393,1.5,1
461,463,1.7320508075688772,0.0,0
219,240,0.8660254037844393,1.5,0
22,43,0.8660254037844386,1.5,0
534,555,0.8660254037844393,1.5,0
601,640,16.454482671904334,1.5,0
407,428,0.8660254037844384,1.5,1
258,279,0.8660254037844375,1.5,0
30,32,1.7320508075688776,0.0,1
128,147,-0.8660254037844384,1.5,1
47,49,1.7320508075688767,0.0,0
506,527,0.8660254037844393,1.5,0
450,452,1.7320508075688776,0.0,1
106,108,1.7320508075688776,0.0,0
599,618,-0.8660254037844375,1.5,1
91,112,0.8660254037844393,1.5,1
557,578,0.8660254037844393,1.5,0
720,721,-16.454482671904334,1.5,1
250,271,0.8660254037844384,1.5,0
24,26,1.7320508075688767,0.0,0
467,488,0.8660254037844384,1.5,0
497,518,0.8660254037844393,1.5,0
4,23,-0.8660254037844388,1.5,0
706,725,-0.8660254037844384,1.5,1
690,711,0.8660254037844384,1.5,0
338,359,0.8660254037844375,1.5,1
700,719,-0.8660254037844393,1.5,0
424,443,-0.8660254037844388,1.5,1
656,675,-0.8660254037844375,1.5,1
313,332,-0.8660254037844393,1.5,1
158,160,1.7320508075688767,0.0,1
376,395,-0.8660254037844375,1.5,1
333,352,-0.8660254037844393,1.5,1
28,47,-0.8660254037844384,1.5,0
774,795,0.8660254037844393,1.5,1
564,585,0.8660254037844384,1.5,0
73,92,-0.8660254037844393,1.5,1
705,707,1.7320508075688776,0.0,0
468,487,-0.8660254037844384,1.5,1
523,542,-0.8660254037844386,1.5,1
568,589,0.8660254037844384,1.5,1
248,269,0.8660254037844384,1.5,0
21,23,1.7320508075688772,0.0,1
155,174,-0.8660254037844393,1.5,1
761,800,16.454482671904334,1.5,0
432,453,0.8660254037844393,1.5,0
160,161,-16.454482671904334,1.5,0
749,770,0.8660254037844384,1.5,1
70,72,1.7320508075688776,0.0,1
688,709,0.8660254037844384,1.5,1
434,455,0.8660254037844393,1.5,1
763,784,0.8660254037844388,1.5,1
223,244,0.8660254037844388,1.5,1
287,289,1.7320508075688767,0.0,0
253,255,1.7320508075688767,0.0,1
624,626,1.7320508075688767,0.0,1
114,133,-0.8660254037844375,1.5,0
770,791,0.8660254037844384,1.5,1
699,720,0.8660254037844393,1.5,0
245,264,-0.8660254037844384,1.5,0
546,567,0.8660254037844393,1.5,0
561,582,0.8660254037844386,1.5,1
117,138,0.8660254037844393,1.5,1
461,479,15.588457268119894,0.0,1
530,532,1.7320508075688776,0.0,1
662,681,-0.8660254037844386,1.5,1
725,727,1.7320508075688776,0.0,1
151,170,-0.8660254037844384,1.5,1
744,746,1.7320508075688767,0.0,1
29,48,-0.8660254037844384,1.5,1
348,367,-0.8660254037844384,1.5,1
730,732,1.7320508075688776,0.0,1
667,688,0.8660254037844384,1.5,0
459,480,0.8660254037844393,1.5,0
589,608,-0.8660254037844384,1.5,1
474,476,1.7320508075688767,0.0,1
171,192,0.8660254037844393,1.5,0
46,67,0.8660254037844393,1.5,1
105,124,-0.8660254037844384,1.5,0
44,65,0.8660254037844384,1.5,1
568,587,-0.8660254037844384,1.5,0
788,790,1.7320508075688767,0.0,1
439,458,-0.8660254037844375,1.5,1
262,281,-0.8660254037844386,1.5,1
601,619,15.588457268119894,0.0,1
158,177,-0.8660254037844393,1.5,1
141,143,1.7320508075688772,0.0,0
34,55,0.8660254037844393,1.5,1
225,244,-0.8660254037844384,1.5,0
421,442,0.8660254037844386,1.5,1
782,784,1.7320508075688774,0.0,1
520,521,-16.454482671904334,1.5,1
151,172,0.8660254037844393,1.5,1
399,420,0.8660254037844393,1.5,1
278,280,1.7320508075688767,0.0,1
419,438,-0.8660254037844375,1.5,1
200,201,-16.454482671904334,1.5,1
285,304,-0.8660254037844384,1.5,0
26,47,0.8660254037844393,1.5,0
464,466,1.7320508075688767,0.0,0
193,195,1.7320508075688767,0.0,1
493,514,0.8660254037844375,1.5,0
632,634,1.7320508075688767,0.0,1
58,79,0.8660254037844375,1.5,1
768,770,1.7320508075688767,0.0,0
761,779,15.588457268119894,0.0,1
703,724,0.8660254037844388,1.5,0
172,174,1.7320508075688767,0.0,0
222,243,0.8660254037844386,1.5,0
266,268,1.7320508075688776,0.0,0
621,623,1.7320508075688772,0.0,0
384,405,0.8660254037844384,1.5,0
404,406,1.7320508075688767,0.0,1
500,519,-0.8660254037844393,1.5,0
682,684,1.7320508075688774,0.0,0
417,419,1.7320508075688767,0.0,0
414,433,-0.8660254037844375,1.5,0
610,612,1.7320508075688776,0.0,0
101,119,15.588457268119894,0.0,1
712,731,-0.8660254037844393,1.5,1
53,55,1.7320508075688767,0.0,0
141,162,0.8660254037844386,1.5,0
277,298,0.8660254037844393,1.5,1
674,693,-0.8660254037844375,1.5,0
507,509,1.7320508075688767,0.0,0
322,340,15.588457268119894,0.0,1
319,338,-0.8660254037844375,1.5,0
68,70,1.7320508075688767,0.0,1
778,780,1.7320508075688767,0.0,0
321,323,1.7320508075688772,0.0,0
196,217,0.8660254037844393,1.5,1
665,686,0.8660254037844384,1.5,0
150,169,-0.8660254037844384,1.5,0
239,260,0.8660254037844393,1.5,0
130,151,0.8660254037844384,1.5,0
619,638,-0.8660254037844375,1.5,0
649,668,-0.8660254037844384,1.5,0
758,760,1.7320508075688767,0.0,1
745,764,-0.8660254037844384,1.5,0
86,107,0.8660254037844393,1.5,1
131,152,0.8660254037844393,1.5,0
138,159,0.8660254037844375,1.5,0
294,313,-0.8660254037844375,1.5,0
64,66,1.7320508075688767,0.0,0
470,489,-0.8660254037844384,1.5,0
479,498,-0.8660254037844375,1.5,1
340,359,-0.8660254037844393,1.5,0
203,224,0.8660254037844388,1.5,0
512,533,0.8660254037844393,1.5,0
122,140,15.588457268119894,0.0,0
502,523,0.8660254037844386,1.5,0
318,339,0.8660254037844375,1.5,1
224,245,0.8660254037844384,1.5,0
466,485,-0.8660254037844384,1.5,0
257,259,1.7320508075688767,0.0,1
456,475,-0.8660254037844375,1.5,0
777,798,0.8660254037844393,1.5,1
243,264,0.8660254037844388,1.5,0
344,346,1.7320508075688767,0.0,0
743,745,1.7320508075688772,0.0,0
775,794,-0.8660254037844393,1.5,1
429,448,-0.8660254037844384,1.5,1
154,175,0.8660254037844393,1.5,1
761,782,0.8660254037844386,1.5,0
612,633,0.8660254037844393,1.5,0
790,792,1.7320508075688776,0.0,0
486,507,0.8660254037844393,1.5,0
723,725,1.7320508075688772,0.0,0
364,383,-0.8660254037844388,1.5,0
645,666,0.8660254037844384,1.5,1
458,477,-0.8660254037844393,1.5,0
487,489,1.7320508075688767,0.0,1
168,170,1.7320508075688767,0.0,1
592,611,-0.8660254037844393,1.5,1
111,132,0.8660254037844393,1.5,1
18,39,0.8660254037844375,1.5,1
289,310,0.8660254037844384,1.5,0
282,301,-0.8660254037844386,1.5,0
538,559,0.8660254037844375,1.5,0
210,212,1.7320508075688776,0.0,0
664,683,-0.8660254037844388,1.5,0
15,17,1.7320508075688767,0.0,1
287,306,-0.8660254037844393,1.5,0
547,566,-0.8660254037844393,1.5,0
411,413,1.7320508075688785,0.0,1
67,69,1.7320508075688767,0.0,1
339,360,0.8660254037844393,1.5,0
211,230,-0.8660254037844384,1.5,1
318,320,1.7320508075688767,0.0,1
516,535,-0.8660254037844375,1.5,1
270,289,-0.8660254037844384,1.5,0
576,578,1.7320508075688785,0.0,1
284,303,-0.8660254037844388,1.5,1
405,426,0.8660254037844384,1.5,0
351,372,0.8660254037844393,1.5,1
363,382,-0.8660254037844386,1.5,0
710,712,1.7320508075688776,0.0,0
135,156,0.8660254037844375,1.5,0
12,31,-0.8660254037844393,1.5,0
209,228,-0.8660254037844384,1.5,1
646,667,0.8660254037844393,1.5,0
453,455,1.7320508075688767,0.0,0
572,593,0.8660254037844393,1.5,0
308,310,1.7320508075688767,0.0,0
6,8,1.7320508075688776,0.0,1
142,161,-0.8660254037844386,1.5,0
332,353,0.8660254037844393,1.5,0
543,562,-0.8660254037844386,1.5,1
22,41,-0.8660254037844386,1.5,0
157,176,-0.8660254037844393,1.5,1
738,759,0.8660254037844375,1.5,1
755,757,1.7320508075688767,0.0,1
274,293,-0.8660254037844375,1.5,1
509,530,0.8660254037844384,1.5,0
442,444,1.7320508075688774,0.0,0
603,624,0.8660254037844388,1.5,0
250,252,1.7320508075688776,0.0,0
336,338,1.7320508075688785,0.0,0
85,87,1.7320508075688776,0.0,0
53,72,-0.8660254037844393,1.5,1
428,449,0.8660254037844384,1.5,0
360,361,-16.454482671904334,1.5,1
469,488,-0.8660254037844384,1.5,1
220,239,-0.8660254037844393,1.5,0
235,256,0.8660254037844375,1.5,0
512,531,-0.8660254037844393,1.5,1
749,768,-0.8660254037844384,1.5,0
330,332,1.7320508075688776,0.0,1
395,416,0.8660254037844375,1.5,0
686,707,0.8660254037844393,1.5,0
157,178,0.8660254037844393,1.5,0
602,604,1.7320508075688774,0.0,1
764,785,0.8660254037844384,1.5,1
585,606,0.8660254037844384,1.5,1
183,202,-0.8660254037844386,1.5,1
618,637,-0.8660254037844393,1.5,1
416,435,-0.8660254037844375,1.5,0
439,460,0.8660254037844393,1.5,1
724,726,1.7320508075688767,0.0,1
777,779,1.7320508075688767,0.0,0
690,709,-0.8660254037844384,1.5,1
747,768,0.8660254037844384,1.5,0
332,351,-0.8660254037844393,1.5,0
286,288,1.7320508075688776,0.0,1
57,59,1.7320508075688767,0.0,0
524,526,1.7320508075688767,0.0,0
490,511,0.8660254037844384,1.5,1
379,398,-0.8660254037844375,1.5,0
27,46,-0.8660254037844393,1.5,0
519,540,0.8660254037844393,1.5,0
112,114,1.7320508075688767,0.0,1
175,177,1.7320508075688767,0.0,1
476,478,1.7320508075688785,0.0,1
381,399,15.588457268119894,0.0,0
237,239,1.7320508075688767,0.0,0
723,744,0.8660254037844388,1.5,0
563,584,0.8660254037844388,1.5,1
718,739,0.8660254037844375,1.5,1
593,595,1.7320508075688767,0.0,0
737,756,-0.8660254037844393,1.5,1
291,310,-0.8660254037844384,1.5,1
141,180,16.454482671904334,1.5,0
61,79,15.588457268119894,0.0,0
503,524,0.8660254037844388,1.5,0
342,363,0.8660254037844386,1.5,1
622,643,0.8660254037844386,1.5,0
109,128,-0.8660254037844384,1.5,1
689,691,1.7320508075688767,0.0,0
231,252,0.8660254037844393,1.5,1
604,606,1.7320508075688767,0.0,1
571,592,0.8660254037844393,1.5,0
502,521,-0.8660254037844386,1.5,0
317,319,1.7320508075688767,0.0,1
249,268,-0.8660254037844384,1.5,1
317,338,0.8660254037844393,1.5,0
307,326,-0.8660254037844393,1.5,1
29,31,1.7320508075688767,0.0,0
522,541,-0.8660254037844386,1.5,0
531,533,1.7320508075688785,0.0,0
24,43,-0.8660254037844388,1.5,0
199,218,-0.8660254037844375,1.5,0
453,472,-0.8660254037844393,1.5,0
149,170,0.8660254037844384,1.5,1
682,700,15.588457268119894,0.0,1
383,404,0.8660254037844388,1.5,1
531,552,0.8660254037844393,1.5,1
756,775,-0.8660254037844375,1.5,1
74,93,-0.8660254037844375,1.5,1
198,217,-0.8660254037844393,1.5,0
427,448,0.8660254037844384,1.5,0
539,558,-0.8660254037844375,1.5,0
143,145,1.7320508075688772,0.0,0
334,353,-0.8660254037844375,1.5,1
590,592,1.7320508075688776,0.0,1
707,726,-0.8660254037844393,1.5,1
432,451,-0.8660254037844393,1.5,1
449,451,1.7320508075688767,0.0,0
44,46,1.7320508075688767,0.0,1
45,47,1.7320508075688776,0.0,1
241,259,15.588457268119894,0.0,1
52,73,0.8660254037844393,1.5,0
549,570,0.8660254037844384,1.5,0
361,382,0.8660254037844386,1.5,1
613,632,-0.8660254037844393,1.5,0
150,171,0.8660254037844384,1.5,0
41,43,1.7320508075688772,0.0,1
117,136,-0.8660254037844393,1.5,1
112,133,0.8660254037844393,1.5,0
695,716,0.8660254037844375,1.5,1
365,386,0.8660254037844384,1.5,0
313,334,0.8660254037844375,1.5,1
591,593,1.7320508075688785,0.0,0
15,36,0.8660254037844375,1.5,0
697,699,1.7320508075688767,0.0,0
192,194,1.7320508075688767,0.0,0
2,23,0.8660254037844386,1.5,1
499,520,0.8660254037844393,1.5,1
589,610,0.8660254037844384,1.5,0
414,416,1.7320508075688767,0.0,0
350,371,0.8660254037844384,1.5,0
365,384,-0.8660254037844384,1.5,1
255,274,-0.8660254037844393,1.5,1
554,573,-0.8660254037844375,1.5,0
230,232,1.7320508075688776,0.0,1
622,640,15.588457268119894,0.0,1
766,787,0.8660254037844393,1.5,1
526,545,-0.8660254037844384,1.5,0
25,46,0.8660254037844384,1.5,1
630,649,-0.8660254037844384,1.5,0
303,305,1.7320508075688772,0.0,1
711,730,-0.8660254037844384,1.5,1
42,60,15.588457268119894,0.0,0
456,477,0.8660254037844393,1.5,1
170,172,1.7320508075688776,0.0,1
627,629,1.7320508075688767,0.0,0
8,10,1.7320508075688767,0.0,0
590,611,0.8660254037844384,1.5,1
266,285,-0.8660254037844384,1.5,0
463,484,0.8660254037844388,1.5,1
63,84,0.8660254037844388,1.5,0
252,254,1.7320508075688767,0.0,1
110,131,0.8660254037844384,1.5,1
655,674,-0.8660254037844393,1.5,1
508,529,0.8660254037844384,1.5,1
22,40,15.588457268119894,0.0,1
62,80,15.588457268119894,0.0,0
475,477,1.7320508075688767,0.0,0
281,299,15.588457268119894,0.0,0
107,128,0.8660254037844384,1.5,1
302,323,0.8660254037844386,1.5,1
662,664,1.7320508075688774,0.0,0
3,5,1.7320508075688772,0.0,0
613,615,1.7320508075688767,0.0,0
526,528,1.7320508075688776,0.0,0
14,35,0.8660254037844393,1.5,0
644,663,-0.8660254037844388,1.5,0
514,535,0.8660254037844393,1.5,0
701,722,0.8660254037844386,1.5,1
149,168,-0.8660254037844384,1.5,1
110,129,-0.8660254037844384,1.5,1
694,696,1.7320508075688767,0.0,1
