2.598076211353316,0.0
7.794228634059947,0.0
8.660254037844386,-0.5
9.526279441628825,0.0
10.392304845413264,-0.5
11.258330249197702,0.0
12.12435565298214,-0.5
12.990381056766578,0.0
13.856406460551018,-0.5
32.042939940024226,0.0
32.90896534380867,-0.5
33.77499074759311,0.0
37.23909236273086,0.0
38.1051177665153,-0.5
38.97114317029974,0.0
39.837168574084174,-0.5
40.703193977868615,0.0
41.569219381653056,-0.5
42.43524478543749,0.0
43.30127018922193,-0.5
44.167295593006365,0.0
45.033320996790806,-0.5
45.89934640057525,0.0
46.76537180435968,-0.5
58.88972745734183,-0.5
59.75575286112626,0.0
60.6217782649107,-0.5
61.48780366869514,0.0
77.94228634059948,-0.5
79.67433714816835,-0.5
80.5403625519528,0.0
81.40638795573723,-0.5
82.27241335952166,0.0
83.13843876330611,-0.5
84.00446416709055,0.0
0.8660254037844386,1.0
1.7320508075688772,1.5
2.598076211353316,1.0
3.4641016151377544,1.5
6.06217782649107,1.0
6.928203230275509,1.5
7.794228634059947,1.0
8.660254037844386,1.5
9.526279441628825,1.0
10.392304845413264,1.5
11.258330249197702,1.0
12.12435565298214,1.5
12.990381056766578,1.0
13.856406460551018,1.5
14.722431864335457,1.0
15.588457268119894,1.5
16.454482671904334,1.0
17.32050807568877,1.5
18.186533479473212,1.0
19.05255888325765,1.5
22.516660498395403,1.5
23.38268590217984,1.0
24.24871130596428,1.5
25.11473670974872,1.0
25.980762113533157,1.5
26.846787517317598,1.0
27.712812921102035,1.5
31.17691453623979,1.5
32.042939940024226,1.0
32.90896534380867,1.5
33.77499074759311,1.0
34.64101615137754,1.5
36.373066958946424,1.5
37.23909236273086,1.0
38.1051177665153,1.5
38.97114317029974,1.0
39.837168574084174,1.5
40.703193977868615,1.0
41.569219381653056,1.5
42.43524478543749,1.0
43.30127018922193,1.5
44.167295593006365,1.0
45.033320996790806,1.5
45.89934640057525,1.0
46.76537180435968,1.5
47.63139720814412,1.0
48.49742261192856,1.5
55.42562584220407,1.5
56.29165124598851,1.0
57.157676649772945,1.5
58.023702053557386,1.0
58.88972745734183,1.5
59.75575286112626,1.0
60.6217782649107,1.5
61.48780366869514,1.0
62.35382907247958,1.5
63.21985447626402,1.0
64.08587988004845,1.5
64.9519052838329,1.0
69.28203230275508,1.5
76.2102355330306,1.5
77.07626093681503,1.0
77.94228634059948,1.5
78.80831174438391,1.0
79.67433714816835,1.5
80.5403625519528,1.0
81.40638795573723,1.5
82.27241335952166,1.0
83.13843876330611,1.5
84.00446416709055,1.0
84.87048957087498,1.5
1.7320508075688772,2.5
2.598076211353316,3.0
3.4641016151377544,2.5
4.330127018922193,3.0
5.196152422706632,2.5
6.06217782649107,3.0
6.928203230275509,2.5
7.794228634059947,3.0
8.660254037844386,2.5
9.526279441628825,3.0
10.392304845413264,2.5
11.258330249197702,3.0
12.12435565298214,2.5
12.990381056766578,3.0
13.856406460551018,2.5
14.722431864335457,3.0
15.588457268119894,2.5
16.454482671904334,3.0
17.32050807568877,2.5
18.186533479473212,3.0
19.05255888325765,2.5
21.650635094610966,3.0
22.516660498395403,2.5
23.38268590217984,3.0
24.24871130596428,2.5
25.11473670974872,3.0
25.980762113533157,2.5
26.846787517317598,3.0
28.578838324886473,3.0
29.444863728670914,2.5
30.31088913245535,3.0
31.17691453623979,2.5
32.042939940024226,3.0
32.90896534380867,2.5
33.77499074759311,3.0
34.64101615137754,2.5
35.50704155516198,3.0
36.373066958946424,2.5
37.23909236273086,3.0
38.1051177665153,2.5
38.97114317029974,3.0
39.837168574084174,2.5
40.703193977868615,3.0
41.569219381653056,2.5
42.43524478543749,3.0
43.30127018922193,2.5
44.167295593006365,3.0
45.033320996790806,2.5
45.89934640057525,3.0
46.76537180435968,2.5
47.63139720814412,3.0
48.49742261192856,2.5
49.363448015713,3.0
50.22947341949744,2.5
54.55960043841963,3.0
55.42562584220407,2.5
56.29165124598851,3.0
57.157676649772945,2.5
58.023702053557386,3.0
58.88972745734183,2.5
59.75575286112626,3.0
60.6217782649107,2.5
61.48780366869514,3.0
62.35382907247958,2.5
63.21985447626402,3.0
64.08587988004845,2.5
64.9519052838329,3.0
65.81793068761733,2.5
66.68395609140177,3.0
67.54998149518622,2.5
68.41600689897065,3.0
69.28203230275508,2.5
70.14805770653953,3.0
71.01408311032397,2.5
71.8801085141084,3.0
72.74613391789285,2.5
75.34421012924616,3.0
76.2102355330306,2.5
77.07626093681503,3.0
77.94228634059948,2.5
78.80831174438391,3.0
79.67433714816835,2.5
80.5403625519528,3.0
81.40638795573723,2.5
82.27241335952166,3.0
83.13843876330611,2.5
84.00446416709055,3.0
84.87048957087498,2.5
86.60254037844386,2.5
87.4685657822283,3.0
2.598076211353316,4.0
3.4641016151377544,4.5
4.330127018922193,4.0
5.196152422706632,4.5
6.06217782649107,4.0
6.928203230275509,4.5
7.794228634059947,4.0
8.660254037844386,4.5
9.526279441628825,4.0
10.392304845413264,4.5
11.258330249197702,4.0
12.12435565298214,4.5
12.990381056766578,4.0
13.856406460551018,4.5
14.722431864335457,4.0
15.588457268119894,4.5
16.454482671904334,4.0
17.32050807568877,4.5
18.186533479473212,4.0
20.784609690826528,4.5
21.650635094610966,4.0
22.516660498395403,4.5
23.38268590217984,4.0
24.24871130596428,4.5
25.11473670974872,4.0
25.980762113533157,4.5
26.846787517317598,4.0
27.712812921102035,4.5
28.578838324886473,4.0
29.444863728670914,4.5
30.31088913245535,4.0
31.17691453623979,4.5
32.042939940024226,4.0
32.90896534380867,4.5
33.77499074759311,4.0
34.64101615137754,4.5
35.50704155516198,4.0
36.373066958946424,4.5
37.23909236273086,4.0
40.703193977868615,4.0
41.569219381653056,4.5
42.43524478543749,4.0
43.30127018922193,4.5
44.167295593006365,4.0
45.033320996790806,4.5
45.89934640057525,4.0
46.76537180435968,4.5
47.63139720814412,4.0
48.49742261192856,4.5
49.363448015713,4.0
55.42562584220407,4.5
57.157676649772945,4.5
58.023702053557386,4.0
58.88972745734183,4.5
59.75575286112626,4.0
60.6217782649107,4.5
61.48780366869514,4.0
62.35382907247958,4.5
63.21985447626402,4.0
64.08587988004845,4.5
64.9519052838329,4.0
65.81793068761733,4.5
66.68395609140177,4.0
67.54998149518622,4.5
68.41600689897065,4.0
69.28203230275508,4.5
70.14805770653953,4.0
71.01408311032397,4.5
71.8801085141084,4.0
72.74613391789285,4.5
73.61215932167728,4.0
74.47818472546172,4.5
75.34421012924616,4.0
76.2102355330306,4.5
77.07626093681503,4.0
77.94228634059948,4.5
78.80831174438391,4.0
79.67433714816835,4.5
80.5403625519528,4.0
81.40638795573723,4.5
82.27241335952166,4.0
83.13843876330611,4.5
84.00446416709055,4.0
84.87048957087498,4.5
85.73651497465941,4.0
86.60254037844386,4.5
87.4685657822283,4.0
88.33459118601273,4.5
3.4641016151377544,5.5
4.330127018922193,6.0
5.196152422706632,5.5
6.06217782649107,6.0
6.928203230275509,5.5
7.794228634059947,6.0
8.660254037844386,5.5
9.526279441628825,6.0
10.392304845413264,5.5
11.258330249197702,6.0
12.12435565298214,5.5
12.990381056766578,6.0
13.856406460551018,5.5
14.722431864335457,6.0
15.588457268119894,5.5
17.32050807568877,5.5
19.918584287042087,6.0
20.784609690826528,5.5
21.650635094610966,6.0
22.516660498395403,5.5
23.38268590217984,6.0
24.24871130596428,5.5
25.11473670974872,6.0
25.980762113533157,5.5
27.712812921102035,5.5
28.578838324886473,6.0
29.444863728670914,5.5
30.31088913245535,6.0
31.17691453623979,5.5
32.042939940024226,6.0
32.90896534380867,5.5
33.77499074759311,6.0
34.64101615137754,5.5
35.50704155516198,6.0
36.373066958946424,5.5
37.23909236273086,6.0
38.97114317029974,6.0
39.837168574084174,5.5
40.703193977868615,6.0
41.569219381653056,5.5
42.43524478543749,6.0
43.30127018922193,5.5
44.167295593006365,6.0
45.033320996790806,5.5
45.89934640057525,6.0
46.76537180435968,5.5
48.49742261192856,5.5
49.363448015713,6.0
50.22947341949744,5.5
51.09549882328188,6.0
51.96152422706631,5.5
52.827549630850754,6.0
53.693575034635195,5.5
54.55960043841963,6.0
56.29165124598851,6.0
57.157676649772945,5.5
58.023702053557386,6.0
58.88972745734183,5.5
59.75575286112626,6.0
60.6217782649107,5.5
61.48780366869514,6.0
62.35382907247958,5.5
63.21985447626402,6.0
64.08587988004845,5.5
64.9519052838329,6.0
65.81793068761733,5.5
66.68395609140177,6.0
67.54998149518622,5.5
68.41600689897065,6.0
69.28203230275508,5.5
70.14805770653953,6.0
71.01408311032397,5.5
71.8801085141084,6.0
72.74613391789285,5.5
73.61215932167728,6.0
74.47818472546172,5.5
75.34421012924616,6.0
76.2102355330306,5.5
77.07626093681503,6.0
77.94228634059948,5.5
78.80831174438391,6.0
79.67433714816835,5.5
81.40638795573723,5.5
82.27241335952166,6.0
83.13843876330611,5.5
84.00446416709055,6.0
84.87048957087498,5.5
85.73651497465941,6.0
86.60254037844386,5.5
87.4685657822283,6.0
88.33459118601273,5.5
89.20061658979718,6.0
4.330127018922193,7.0
5.196152422706632,7.5
6.06217782649107,7.0
6.928203230275509,7.5
7.794228634059947,7.0
8.660254037844386,7.5
9.526279441628825,7.0
10.392304845413264,7.5
11.258330249197702,7.0
12.12435565298214,7.5
12.990381056766578,7.0
13.856406460551018,7.5
14.722431864335457,7.0
15.588457268119894,7.5
16.454482671904334,7.0
17.32050807568877,7.5
18.186533479473212,7.0
19.05255888325765,7.5
19.918584287042087,7.0
20.784609690826528,7.5
21.650635094610966,7.0
22.516660498395403,7.5
23.38268590217984,7.0
24.24871130596428,7.5
25.11473670974872,7.0
28.578838324886473,7.0
29.444863728670914,7.5
30.31088913245535,7.0
31.17691453623979,7.5
32.042939940024226,7.0
32.90896534380867,7.5
33.77499074759311,7.0
34.64101615137754,7.5
35.50704155516198,7.0
36.373066958946424,7.5
37.23909236273086,7.0
38.1051177665153,7.5
38.97114317029974,7.0
39.837168574084174,7.5
40.703193977868615,7.0
41.569219381653056,7.5
43.30127018922193,7.5
44.167295593006365,7.0
45.033320996790806,7.5
45.89934640057525,7.0
46.76537180435968,7.5
48.49742261192856,7.5
49.363448015713,7.0
50.22947341949744,7.5
51.09549882328188,7.0
51.96152422706631,7.5
52.827549630850754,7.0
53.693575034635195,7.5
54.55960043841963,7.0
55.42562584220407,7.5
56.29165124598851,7.0
58.023702053557386,7.0
58.88972745734183,7.5
59.75575286112626,7.0
60.6217782649107,7.5
61.48780366869514,7.0
62.35382907247958,7.5
63.21985447626402,7.0
64.08587988004845,7.5
64.9519052838329,7.0
65.81793068761733,7.5
66.68395609140177,7.0
67.54998149518622,7.5
68.41600689897065,7.0
69.28203230275508,7.5
70.14805770653953,7.0
71.01408311032397,7.5
71.8801085141084,7.0
73.61215932167728,7.0
74.47818472546172,7.5
75.34421012924616,7.0
76.2102355330306,7.5
77.07626093681503,7.0
77.94228634059948,7.5
78.80831174438391,7.0
79.67433714816835,7.5
80.5403625519528,7.0
81.40638795573723,7.5
82.27241335952166,7.0
83.13843876330611,7.5
84.00446416709055,7.0
84.87048957087498,7.5
85.73651497465941,7.0
86.60254037844386,7.5
87.4685657822283,7.0
88.33459118601273,7.5
89.20061658979718,7.0
90.06664199358161,7.5
5.196152422706632,8.5
6.06217782649107,9.0
6.928203230275509,8.5
7.794228634059947,9.0
8.660254037844386,8.5
9.526279441628825,9.0
10.392304845413264,8.5
11.258330249197702,9.0
12.12435565298214,8.5
12.990381056766578,9.0
13.856406460551018,8.5
14.722431864335457,9.0
15.588457268119894,8.5
16.454482671904334,9.0
17.32050807568877,8.5
18.186533479473212,9.0
19.05255888325765,8.5
19.918584287042087,9.0
20.784609690826528,8.5
21.650635094610966,9.0
22.516660498395403,8.5
23.38268590217984,9.0
24.24871130596428,8.5
25.11473670974872,9.0
25.980762113533157,8.5
26.846787517317598,9.0
27.712812921102035,8.5
28.578838324886473,9.0
29.444863728670914,8.5
30.31088913245535,9.0
31.17691453623979,8.5
32.042939940024226,9.0
32.90896534380867,8.5
33.77499074759311,9.0
34.64101615137754,8.5
35.50704155516198,9.0
36.373066958946424,8.5
37.23909236273086,9.0
38.1051177665153,8.5
38.97114317029974,9.0
39.837168574084174,8.5
40.703193977868615,9.0
41.569219381653056,8.5
42.43524478543749,9.0
43.30127018922193,8.5
44.167295593006365,9.0
45.033320996790806,8.5
45.89934640057525,9.0
46.76537180435968,8.5
47.63139720814412,9.0
49.363448015713,9.0
50.22947341949744,8.5
51.09549882328188,9.0
51.96152422706631,8.5
52.827549630850754,9.0
53.693575034635195,8.5
54.55960043841963,9.0
55.42562584220407,8.5
58.023702053557386,9.0
58.88972745734183,8.5
59.75575286112626,9.0
60.6217782649107,8.5
61.48780366869514,9.0
62.35382907247958,8.5
63.21985447626402,9.0
64.08587988004845,8.5
64.9519052838329,9.0
65.81793068761733,8.5
66.68395609140177,9.0
67.54998149518622,8.5
68.41600689897065,9.0
69.28203230275508,8.5
72.74613391789285,8.5
73.61215932167728,9.0
74.47818472546172,8.5
75.34421012924616,9.0
76.2102355330306,8.5
77.07626093681503,9.0
77.94228634059948,8.5
78.80831174438391,9.0
79.67433714816835,8.5
80.5403625519528,9.0
81.40638795573723,8.5
82.27241335952166,9.0
83.13843876330611,8.5
84.00446416709055,9.0
84.87048957087498,8.5
85.73651497465941,9.0
86.60254037844386,8.5
87.4685657822283,9.0
90.06664199358161,8.5
90.93266739736605,9.0
6.06217782649107,10.0
6.928203230275509,10.5
7.794228634059947,10.0
8.660254037844386,10.5
9.526279441628825,10.0
10.392304845413264,10.5
11.258330249197702,10.0
12.12435565298214,10.5
12.990381056766578,10.0
13.856406460551018,10.5
14.722431864335457,10.0
15.588457268119894,10.5
16.454482671904334,10.0
17.32050807568877,10.5
18.186533479473212,10.0
19.05255888325765,10.5
19.918584287042087,10.0
20.784609690826528,10.5
21.650635094610966,10.0
22.516660498395403,10.5
23.38268590217984,10.0
24.24871130596428,10.5
25.11473670974872,10.0
25.980762113533157,10.5
26.846787517317598,10.0
27.712812921102035,10.5
28.578838324886473,10.0
29.444863728670914,10.5
30.31088913245535,10.0
31.17691453623979,10.5
32.042939940024226,10.0
32.90896534380867,10.5
33.77499074759311,10.0
34.64101615137754,10.5
35.50704155516198,10.0
36.373066958946424,10.5
37.23909236273086,10.0
38.1051177665153,10.5
38.97114317029974,10.0
39.837168574084174,10.5
40.703193977868615,10.0
41.569219381653056,10.5
42.43524478543749,10.0
43.30127018922193,10.5
45.033320996790806,10.5
45.89934640057525,10.0
46.76537180435968,10.5
47.63139720814412,10.0
48.49742261192856,10.5
49.363448015713,10.0
50.22947341949744,10.5
51.09549882328188,10.0
51.96152422706631,10.5
52.827549630850754,10.0
53.693575034635195,10.5
54.55960043841963,10.0
55.42562584220407,10.5
59.75575286112626,10.0
60.6217782649107,10.5
61.48780366869514,10.0
62.35382907247958,10.5
63.21985447626402,10.0
64.08587988004845,10.5
64.9519052838329,10.0
65.81793068761733,10.5
66.68395609140177,10.0
67.54998149518622,10.5
68.41600689897065,10.0
69.28203230275508,10.5
70.14805770653953,10.0
72.74613391789285,10.5
73.61215932167728,10.0
74.47818472546172,10.5
75.34421012924616,10.0
76.2102355330306,10.5
77.07626093681503,10.0
78.80831174438391,10.0
79.67433714816835,10.5
80.5403625519528,10.0
81.40638795573723,10.5
82.27241335952166,10.0
83.13843876330611,10.5
84.00446416709055,10.0
84.87048957087498,10.5
85.73651497465941,10.0
86.60254037844386,10.5
87.4685657822283,10.0
88.33459118601273,10.5
89.20061658979718,10.0
90.06664199358161,10.5
90.93266739736605,10.0
91.7986928011505,10.5
6.928203230275509,11.5
7.794228634059947,12.0
8.660254037844386,11.5
9.526279441628825,12.0
10.392304845413264,11.5
11.258330249197702,12.0
12.12435565298214,11.5
12.990381056766578,12.0
13.856406460551018,11.5
14.722431864335457,12.0
15.588457268119894,11.5
17.32050807568877,11.5
18.186533479473212,12.0
19.05255888325765,11.5
19.918584287042087,12.0
20.784609690826528,11.5
21.650635094610966,12.0
22.516660498395403,11.5
23.38268590217984,12.0
24.24871130596428,11.5
25.11473670974872,12.0
25.980762113533157,11.5
26.846787517317598,12.0
27.712812921102035,11.5
28.578838324886473,12.0
29.444863728670914,11.5
30.31088913245535,12.0
31.17691453623979,11.5
32.042939940024226,12.0
32.90896534380867,11.5
34.64101615137754,11.5
35.50704155516198,12.0
36.373066958946424,11.5
37.23909236273086,12.0
38.1051177665153,11.5
38.97114317029974,12.0
40.703193977868615,12.0
41.569219381653056,11.5
42.43524478543749,12.0
43.30127018922193,11.5
44.167295593006365,12.0
45.033320996790806,11.5
45.89934640057525,12.0
46.76537180435968,11.5
47.63139720814412,12.0
48.49742261192856,11.5
49.363448015713,12.0
50.22947341949744,11.5
51.96152422706631,11.5
52.827549630850754,12.0
53.693575034635195,11.5
54.55960043841963,12.0
55.42562584220407,11.5
56.29165124598851,12.0
57.157676649772945,11.5
58.023702053557386,12.0
58.88972745734183,11.5
59.75575286112626,12.0
60.6217782649107,11.5
61.48780366869514,12.0
62.35382907247958,11.5
63.21985447626402,12.0
64.08587988004845,11.5
64.9519052838329,12.0
65.81793068761733,11.5
66.68395609140177,12.0
67.54998149518622,11.5
68.41600689897065,12.0
69.28203230275508,11.5
70.14805770653953,12.0
71.8801085141084,12.0
72.74613391789285,11.5
73.61215932167728,12.0
74.47818472546172,11.5
75.34421012924616,12.0
76.2102355330306,11.5
77.07626093681503,12.0
77.94228634059948,11.5
78.80831174438391,12.0
79.67433714816835,11.5
80.5403625519528,12.0
81.40638795573723,11.5
82.27241335952166,12.0
83.13843876330611,11.5
84.00446416709055,12.0
84.87048957087498,11.5
85.73651497465941,12.0
86.60254037844386,11.5
87.4685657822283,12.0
88.33459118601273,11.5
89.20061658979718,12.0
90.06664199358161,11.5
7.794228634059947,13.0
8.660254037844386,13.5
9.526279441628825,13.0
10.392304845413264,13.5
11.258330249197702,13.0
12.12435565298214,13.5
12.990381056766578,13.0
13.856406460551018,13.5
14.722431864335457,13.0
15.588457268119894,13.5
16.454482671904334,13.0
17.32050807568877,13.5
18.186533479473212,13.0
19.05255888325765,13.5
19.918584287042087,13.0
20.784609690826528,13.5
21.650635094610966,13.0
22.516660498395403,13.5
23.38268590217984,13.0
24.24871130596428,13.5
25.11473670974872,13.0
25.980762113533157,13.5
26.846787517317598,13.0
27.712812921102035,13.5
28.578838324886473,13.0
29.444863728670914,13.5
30.31088913245535,13.0
31.17691453623979,13.5
32.042939940024226,13.0
32.90896534380867,13.5
33.77499074759311,13.0
34.64101615137754,13.5
35.50704155516198,13.0
36.373066958946424,13.5
37.23909236273086,13.0
38.1051177665153,13.5
38.97114317029974,13.0
39.837168574084174,13.5
40.703193977868615,13.0
41.569219381653056,13.5
42.43524478543749,13.0
43.30127018922193,13.5
44.167295593006365,13.0
45.033320996790806,13.5
45.89934640057525,13.0
46.76537180435968,13.5
47.63139720814412,13.0
48.49742261192856,13.5
49.363448015713,13.0
51.96152422706631,13.5
52.827549630850754,13.0
53.693575034635195,13.5
54.55960043841963,13.0
55.42562584220407,13.5
56.29165124598851,13.0
57.157676649772945,13.5
58.023702053557386,13.0
58.88972745734183,13.5
59.75575286112626,13.0
66.68395609140177,13.0
67.54998149518622,13.5
68.41600689897065,13.0
69.28203230275508,13.5
70.14805770653953,13.0
71.01408311032397,13.5
71.8801085141084,13.0
72.74613391789285,13.5
73.61215932167728,13.0
74.47818472546172,13.5
76.2102355330306,13.5
77.07626093681503,13.0
77.94228634059948,13.5
78.80831174438391,13.0
79.67433714816835,13.5
80.5403625519528,13.0
81.40638795573723,13.5
82.27241335952166,13.0
83.13843876330611,13.5
84.00446416709055,13.0
84.87048957087498,13.5
85.73651497465941,13.0
86.60254037844386,13.5
87.4685657822283,13.0
88.33459118601273,13.5
89.20061658979718,13.0
90.06664199358161,13.5
90.93266739736605,13.0
8.660254037844386,14.5
9.526279441628825,15.0
10.392304845413264,14.5
11.258330249197702,15.0
12.12435565298214,14.5
12.990381056766578,15.0
13.856406460551018,14.5
14.722431864335457,15.0
15.588457268119894,14.5
17.32050807568877,14.5
18.186533479473212,15.0
19.05255888325765,14.5
19.918584287042087,15.0
20.784609690826528,14.5
21.650635094610966,15.0
22.516660498395403,14.5
23.38268590217984,15.0
24.24871130596428,14.5
25.11473670974872,15.0
25.980762113533157,14.5
26.846787517317598,15.0
27.712812921102035,14.5
28.578838324886473,15.0
29.444863728670914,14.5
30.31088913245535,15.0
31.17691453623979,14.5
32.042939940024226,15.0
32.90896534380867,14.5
33.77499074759311,15.0
34.64101615137754,14.5
35.50704155516198,15.0
36.373066958946424,14.5
37.23909236273086,15.0
38.1051177665153,14.5
38.97114317029974,15.0
39.837168574084174,14.5
40.703193977868615,15.0
41.569219381653056,14.5
42.43524478543749,15.0
43.30127018922193,14.5
44.167295593006365,15.0
45.033320996790806,14.5
45.89934640057525,15.0
46.76537180435968,14.5
47.63139720814412,15.0
48.49742261192856,14.5
49.363448015713,15.0
51.96152422706631,14.5
52.827549630850754,15.0
53.693575034635195,14.5
54.55960043841963,15.0
55.42562584220407,14.5
56.29165124598851,15.0
57.157676649772945,14.5
58.023702053557386,15.0
58.88972745734183,14.5
59.75575286112626,15.0
60.6217782649107,14.5
61.48780366869514,15.0
62.35382907247958,14.5
63.21985447626402,15.0
64.08587988004845,14.5
64.9519052838329,15.0
66.68395609140177,15.0
67.54998149518622,14.5
68.41600689897065,15.0
69.28203230275508,14.5
70.14805770653953,15.0
71.01408311032397,14.5
72.74613391789285,14.5
73.61215932167728,15.0
74.47818472546172,14.5
75.34421012924616,15.0
76.2102355330306,14.5
77.07626093681503,15.0
77.94228634059948,14.5
78.80831174438391,15.0
79.67433714816835,14.5
80.5403625519528,15.0
81.40638795573723,14.5
82.27241335952166,15.0
83.13843876330611,14.5
84.00446416709055,15.0
84.87048957087498,14.5
85.73651497465941,15.0
86.60254037844386,14.5
87.4685657822283,15.0
88.33459118601273,14.5
89.20061658979718,15.0
90.06664199358161,14.5
90.93266739736605,15.0
91.7986928011505,14.5
92.66471820493493,15.0
93.53074360871936,14.5
9.526279441628825,16.0
10.392304845413264,16.5
11.258330249197702,16.0
12.12435565298214,16.5
12.990381056766578,16.0
13.856406460551018,16.5
14.722431864335457,16.0
16.454482671904334,16.0
17.32050807568877,16.5
18.186533479473212,16.0
19.05255888325765,16.5
19.918584287042087,16.0
20.784609690826528,16.5
24.24871130596428,16.5
25.11473670974872,16.0
25.980762113533157,16.5
26.846787517317598,16.0
27.712812921102035,16.5
28.578838324886473,16.0
29.444863728670914,16.5
30.31088913245535,16.0
31.17691453623979,16.5
32.042939940024226,16.0
32.90896534380867,16.5
33.77499074759311,16.0
34.64101615137754,16.5
35.50704155516198,16.0
36.373066958946424,16.5
37.23909236273086,16.0
38.1051177665153,16.5
38.97114317029974,16.0
39.837168574084174,16.5
40.703193977868615,16.0
41.569219381653056,16.5
42.43524478543749,16.0
43.30127018922193,16.5
44.167295593006365,16.0
45.033320996790806,16.5
45.89934640057525,16.0
46.76537180435968,16.5
47.63139720814412,16.0
48.49742261192856,16.5
49.363448015713,16.0
52.827549630850754,16.0
53.693575034635195,16.5
54.55960043841963,16.0
55.42562584220407,16.5
56.29165124598851,16.0
57.157676649772945,16.5
58.023702053557386,16.0
58.88972745734183,16.5
59.75575286112626,16.0
60.6217782649107,16.5
61.48780366869514,16.0
62.35382907247958,16.5
63.21985447626402,16.0
64.08587988004845,16.5
64.9519052838329,16.0
65.81793068761733,16.5
66.68395609140177,16.0
67.54998149518622,16.5
68.41600689897065,16.0
69.28203230275508,16.5
70.14805770653953,16.0
73.61215932167728,16.0
74.47818472546172,16.5
75.34421012924616,16.0
76.2102355330306,16.5
77.07626093681503,16.0
77.94228634059948,16.5
78.80831174438391,16.0
79.67433714816835,16.5
80.5403625519528,16.0
82.27241335952166,16.0
83.13843876330611,16.5
84.00446416709055,16.0
84.87048957087498,16.5
85.73651497465941,16.0
86.60254037844386,16.5
87.4685657822283,16.0
88.33459118601273,16.5
89.20061658979718,16.0
90.06664199358161,16.5
90.93266739736605,16.0
91.7986928011505,16.5
92.66471820493493,16.0
94.39676901250381,16.0
95.26279441628824,16.5
10.392304845413264,17.5
11.258330249197702,18.0
12.12435565298214,17.5
12.990381056766578,18.0
13.856406460551018,17.5
14.722431864335457,18.0
15.588457268119894,17.5
16.454482671904334,18.0
17.32050807568877,17.5
18.186533479473212,18.0
19.05255888325765,17.5
24.24871130596428,17.5
25.980762113533157,17.5
26.846787517317598,18.0
27.712812921102035,17.5
28.578838324886473,18.0
29.444863728670914,17.5
30.31088913245535,18.0
31.17691453623979,17.5
32.042939940024226,18.0
32.90896534380867,17.5
33.77499074759311,18.0
34.64101615137754,17.5
35.50704155516198,18.0
36.373066958946424,17.5
37.23909236273086,18.0
38.1051177665153,17.5
38.97114317029974,18.0
39.837168574084174,17.5
40.703193977868615,18.0
41.569219381653056,17.5
42.43524478543749,18.0
43.30127018922193,17.5
44.167295593006365,18.0
45.033320996790806,17.5
45.89934640057525,18.0
46.76537180435968,17.5
47.63139720814412,18.0
48.49742261192856,17.5
52.827549630850754,18.0
53.693575034635195,17.5
54.55960043841963,18.0
55.42562584220407,17.5
56.29165124598851,18.0
57.157676649772945,17.5
58.023702053557386,18.0
58.88972745734183,17.5
59.75575286112626,18.0
60.6217782649107,17.5
61.48780366869514,18.0
62.35382907247958,17.5
63.21985447626402,18.0
64.08587988004845,17.5
64.9519052838329,18.0
65.81793068761733,17.5
66.68395609140177,18.0
67.54998149518622,17.5
68.41600689897065,18.0
69.28203230275508,17.5
70.14805770653953,18.0
71.01408311032397,17.5
71.8801085141084,18.0
73.61215932167728,18.0
74.47818472546172,17.5
75.34421012924616,18.0
76.2102355330306,17.5
77.07626093681503,18.0
77.94228634059948,17.5
78.80831174438391,18.0
79.67433714816835,17.5
80.5403625519528,18.0
81.40638795573723,17.5
83.13843876330611,17.5
84.00446416709055,18.0
84.87048957087498,17.5
85.73651497465941,18.0
86.60254037844386,17.5
87.4685657822283,18.0
88.33459118601273,17.5
89.20061658979718,18.0
90.06664199358161,17.5
90.93266739736605,18.0
91.7986928011505,17.5
92.66471820493493,18.0
93.53074360871936,17.5
94.39676901250381,18.0
95.26279441628824,17.5
96.12881982007268,18.0
11.258330249197702,19.0
12.12435565298214,19.5
12.990381056766578,19.0
13.856406460551018,19.5
14.722431864335457,19.0
15.588457268119894,19.5
16.454482671904334,19.0
17.32050807568877,19.5
18.186533479473212,19.0
19.05255888325765,19.5
25.11473670974872,19.0
26.846787517317598,19.0
27.712812921102035,19.5
29.444863728670914,19.5
30.31088913245535,19.0
31.17691453623979,19.5
32.042939940024226,19.0
32.90896534380867,19.5
33.77499074759311,19.0
34.64101615137754,19.5
35.50704155516198,19.0
36.373066958946424,19.5
37.23909236273086,19.0
38.1051177665153,19.5
38.97114317029974,19.0
39.837168574084174,19.5
40.703193977868615,19.0
41.569219381653056,19.5
42.43524478543749,19.0
43.30127018922193,19.5
44.167295593006365,19.0
45.033320996790806,19.5
45.89934640057525,19.0
46.76537180435968,19.5
47.63139720814412,19.0
48.49742261192856,19.5
49.363448015713,19.0
51.96152422706631,19.5
52.827549630850754,19.0
53.693575034635195,19.5
54.55960043841963,19.0
55.42562584220407,19.5
56.29165124598851,19.0
57.157676649772945,19.5
58.023702053557386,19.0
58.88972745734183,19.5
59.75575286112626,19.0
60.6217782649107,19.5
61.48780366869514,19.0
62.35382907247958,19.5
64.9519052838329,19.0
66.68395609140177,19.0
67.54998149518622,19.5
68.41600689897065,19.0
69.28203230275508,19.5
70.14805770653953,19.0
71.8801085141084,19.0
72.74613391789285,19.5
73.61215932167728,19.0
74.47818472546172,19.5
75.34421012924616,19.0
76.2102355330306,19.5
77.07626093681503,19.0
77.94228634059948,19.5
78.80831174438391,19.0
79.67433714816835,19.5
80.5403625519528,19.0
82.27241335952166,19.0
83.13843876330611,19.5
84.00446416709055,19.0
84.87048957087498,19.5
85.73651497465941,19.0
86.60254037844386,19.5
87.4685657822283,19.0
88.33459118601273,19.5
89.20061658979718,19.0
90.06664199358161,19.5
90.93266739736605,19.0
91.7986928011505,19.5
96.12881982007268,19.0
96.99484522385713,19.5
12.12435565298214,20.5
12.990381056766578,21.0
13.856406460551018,20.5
14.722431864335457,21.0
15.588457268119894,20.5
16.454482671904334,21.0
17.32050807568877,20.5
18.186533479473212,21.0
19.05255888325765,20.5
19.918584287042087,21.0
20.784609690826528,20.5
25.11473670974872,21.0
25.980762113533157,20.5
26.846787517317598,21.0
27.712812921102035,20.5
28.578838324886473,21.0
29.444863728670914,20.5
30.31088913245535,21.0
31.17691453623979,20.5
32.042939940024226,21.0
32.90896534380867,20.5
33.77499074759311,21.0
34.64101615137754,20.5
35.50704155516198,21.0
36.373066958946424,20.5
37.23909236273086,21.0
38.1051177665153,20.5
38.97114317029974,21.0
39.837168574084174,20.5
40.703193977868615,21.0
41.569219381653056,20.5
42.43524478543749,21.0
43.30127018922193,20.5
44.167295593006365,21.0
45.033320996790806,20.5
45.89934640057525,21.0
46.76537180435968,20.5
47.63139720814412,21.0
48.49742261192856,20.5
49.363448015713,21.0
50.22947341949744,20.5
51.09549882328188,21.0
51.96152422706631,20.5
52.827549630850754,21.0
53.693575034635195,20.5
54.55960043841963,21.0
55.42562584220407,20.5
56.29165124598851,21.0
57.157676649772945,20.5
58.023702053557386,21.0
58.88972745734183,20.5
59.75575286112626,21.0
60.6217782649107,20.5
61.48780366869514,21.0
62.35382907247958,20.5
67.54998149518622,20.5
68.41600689897065,21.0
69.28203230275508,20.5
70.14805770653953,21.0
71.01408311032397,20.5
71.8801085141084,21.0
72.74613391789285,20.5
73.61215932167728,21.0
74.47818472546172,20.5
75.34421012924616,21.0
76.2102355330306,20.5
77.07626093681503,21.0
77.94228634059948,20.5
78.80831174438391,21.0
79.67433714816835,20.5
80.5403625519528,21.0
82.27241335952166,21.0
83.13843876330611,20.5
84.00446416709055,21.0
85.73651497465941,21.0
86.60254037844386,20.5
87.4685657822283,21.0
88.33459118601273,20.5
89.20061658979718,21.0
90.06664199358161,20.5
90.93266739736605,21.0
91.7986928011505,20.5
94.39676901250381,21.0
95.26279441628824,20.5
96.12881982007268,21.0
96.99484522385713,20.5
97.86087062764156,21.0
12.990381056766578,22.0
13.856406460551018,22.5
14.722431864335457,22.0
15.588457268119894,22.5
16.454482671904334,22.0
17.32050807568877,22.5
18.186533479473212,22.0
19.05255888325765,22.5
19.918584287042087,22.0
20.784609690826528,22.5
21.650635094610966,22.0
23.38268590217984,22.0
24.24871130596428,22.5
25.11473670974872,22.0
25.980762113533157,22.5
26.846787517317598,22.0
27.712812921102035,22.5
28.578838324886473,22.0
29.444863728670914,22.5
30.31088913245535,22.0
31.17691453623979,22.5
32.042939940024226,22.0
32.90896534380867,22.5
33.77499074759311,22.0
35.50704155516198,22.0
36.373066958946424,22.5
40.703193977868615,22.0
41.569219381653056,22.5
42.43524478543749,22.0
43.30127018922193,22.5
44.167295593006365,22.0
45.033320996790806,22.5
45.89934640057525,22.0
46.76537180435968,22.5
47.63139720814412,22.0
48.49742261192856,22.5
49.363448015713,22.0
50.22947341949744,22.5
51.09549882328188,22.0
51.96152422706631,22.5
52.827549630850754,22.0
53.693575034635195,22.5
55.42562584220407,22.5
56.29165124598851,22.0
58.023702053557386,22.0
58.88972745734183,22.5
59.75575286112626,22.0
60.6217782649107,22.5
61.48780366869514,22.0
62.35382907247958,22.5
71.01408311032397,22.5
71.8801085141084,22.0
79.67433714816835,22.5
80.5403625519528,22.0
81.40638795573723,22.5
82.27241335952166,22.0
83.13843876330611,22.5
84.00446416709055,22.0
84.87048957087498,22.5
85.73651497465941,22.0
86.60254037844386,22.5
87.4685657822283,22.0
93.53074360871936,22.5
94.39676901250381,22.0
95.26279441628824,22.5
96.12881982007268,22.0
96.99484522385713,22.5
97.86087062764156,22.0
98.726896031426,22.5
13.856406460551018,23.5
14.722431864335457,24.0
15.588457268119894,23.5
16.454482671904334,24.0
17.32050807568877,23.5
18.186533479473212,24.0
19.05255888325765,23.5
19.918584287042087,24.0
20.784609690826528,23.5
21.650635094610966,24.0
22.516660498395403,23.5
23.38268590217984,24.0
24.24871130596428,23.5
25.11473670974872,24.0
25.980762113533157,23.5
26.846787517317598,24.0
27.712812921102035,23.5
28.578838324886473,24.0
29.444863728670914,23.5
30.31088913245535,24.0
31.17691453623979,23.5
32.042939940024226,24.0
32.90896534380867,23.5
33.77499074759311,24.0
34.64101615137754,23.5
35.50704155516198,24.0
36.373066958946424,23.5
37.23909236273086,24.0
38.1051177665153,23.5
41.569219381653056,23.5
42.43524478543749,24.0
43.30127018922193,23.5
44.167295593006365,24.0
45.033320996790806,23.5
45.89934640057525,24.0
46.76537180435968,23.5
47.63139720814412,24.0
48.49742261192856,23.5
49.363448015713,24.0
50.22947341949744,23.5
51.09549882328188,24.0
51.96152422706631,23.5
52.827549630850754,24.0
53.693575034635195,23.5
54.55960043841963,24.0
55.42562584220407,23.5
56.29165124598851,24.0
57.157676649772945,23.5
58.023702053557386,24.0
58.88972745734183,23.5
59.75575286112626,24.0
60.6217782649107,23.5
61.48780366869514,24.0
62.35382907247958,23.5
63.21985447626402,24.0
64.08587988004845,23.5
64.9519052838329,24.0
78.80831174438391,24.0
79.67433714816835,23.5
80.5403625519528,24.0
81.40638795573723,23.5
82.27241335952166,24.0
83.13843876330611,23.5
84.00446416709055,24.0
84.87048957087498,23.5
85.73651497465941,24.0
86.60254037844386,23.5
87.4685657822283,24.0
90.93266739736605,24.0
92.66471820493493,24.0
93.53074360871936,23.5
94.39676901250381,24.0
95.26279441628824,23.5
96.12881982007268,24.0
96.99484522385713,23.5
97.86087062764156,24.0
98.726896031426,23.5
99.59292143521044,24.0
14.722431864335457,25.0
15.588457268119894,25.5
16.454482671904334,25.0
17.32050807568877,25.5
18.186533479473212,25.0
19.05255888325765,25.5
19.918584287042087,25.0
20.784609690826528,25.5
21.650635094610966,25.0
22.516660498395403,25.5
23.38268590217984,25.0
24.24871130596428,25.5
25.11473670974872,25.0
25.980762113533157,25.5
26.846787517317598,25.0
27.712812921102035,25.5
28.578838324886473,25.0
29.444863728670914,25.5
30.31088913245535,25.0
31.17691453623979,25.5
32.042939940024226,25.0
32.90896534380867,25.5
33.77499074759311,25.0
34.64101615137754,25.5
35.50704155516198,25.0
36.373066958946424,25.5
37.23909236273086,25.0
38.97114317029974,25.0
39.837168574084174,25.5
40.703193977868615,25.0
41.569219381653056,25.5
42.43524478543749,25.0
43.30127018922193,25.5
44.167295593006365,25.0
45.033320996790806,25.5
45.89934640057525,25.0
46.76537180435968,25.5
48.49742261192856,25.5
49.363448015713,25.0
50.22947341949744,25.5
51.09549882328188,25.0
53.693575034635195,25.5
54.55960043841963,25.0
55.42562584220407,25.5
56.29165124598851,25.0
57.157676649772945,25.5
58.023702053557386,25.0
58.88972745734183,25.5
59.75575286112626,25.0
60.6217782649107,25.5
61.48780366869514,25.0
62.35382907247958,25.5
63.21985447626402,25.0
64.08587988004845,25.5
64.9519052838329,25.0
65.81793068761733,25.5
75.34421012924616,25.0
76.2102355330306,25.5
77.07626093681503,25.0
77.94228634059948,25.5
78.80831174438391,25.0
79.67433714816835,25.5
80.5403625519528,25.0
81.40638795573723,25.5
82.27241335952166,25.0
83.13843876330611,25.5
84.00446416709055,25.0
84.87048957087498,25.5
85.73651497465941,25.0
86.60254037844386,25.5
90.06664199358161,25.5
90.93266739736605,25.0
91.7986928011505,25.5
92.66471820493493,25.0
93.53074360871936,25.5
94.39676901250381,25.0
95.26279441628824,25.5
96.12881982007268,25.0
96.99484522385713,25.5
97.86087062764156,25.0
98.726896031426,25.5
99.59292143521044,25.0
100.45894683899488,25.5
15.588457268119894,26.5
16.454482671904334,27.0
17.32050807568877,26.5
18.186533479473212,27.0
19.05255888325765,26.5
19.918584287042087,27.0
20.784609690826528,26.5
21.650635094610966,27.0
22.516660498395403,26.5
23.38268590217984,27.0
24.24871130596428,26.5
25.11473670974872,27.0
25.980762113533157,26.5
26.846787517317598,27.0
27.712812921102035,26.5
28.578838324886473,27.0
29.444863728670914,26.5
30.31088913245535,27.0
31.17691453623979,26.5
32.042939940024226,27.0
32.90896534380867,26.5
33.77499074759311,27.0
34.64101615137754,26.5
35.50704155516198,27.0
36.373066958946424,26.5
37.23909236273086,27.0
38.1051177665153,26.5
38.97114317029974,27.0
39.837168574084174,26.5
40.703193977868615,27.0
41.569219381653056,26.5
42.43524478543749,27.0
43.30127018922193,26.5
44.167295593006365,27.0
45.033320996790806,26.5
45.89934640057525,27.0
46.76537180435968,26.5
47.63139720814412,27.0
48.49742261192856,26.5
49.363448015713,27.0
50.22947341949744,26.5
52.827549630850754,27.0
53.693575034635195,26.5
54.55960043841963,27.0
55.42562584220407,26.5
56.29165124598851,27.0
57.157676649772945,26.5
58.023702053557386,27.0
58.88972745734183,26.5
59.75575286112626,27.0
60.6217782649107,26.5
75.34421012924616,27.0
76.2102355330306,26.5
77.07626093681503,27.0
77.94228634059948,26.5
78.80831174438391,27.0
79.67433714816835,26.5
80.5403625519528,27.0
81.40638795573723,26.5
82.27241335952166,27.0
83.13843876330611,26.5
84.87048957087498,26.5
85.73651497465941,27.0
86.60254037844386,26.5
87.4685657822283,27.0
88.33459118601273,26.5
89.20061658979718,27.0
90.06664199358161,26.5
90.93266739736605,27.0
91.7986928011505,26.5
92.66471820493493,27.0
93.53074360871936,26.5
94.39676901250381,27.0
95.26279441628824,26.5
96.12881982007268,27.0
96.99484522385713,26.5
97.86087062764156,27.0
98.726896031426,26.5
99.59292143521044,27.0
100.45894683899488,26.5
101.32497224277931,27.0
16.454482671904334,28.0
17.32050807568877,28.5
18.186533479473212,28.0
19.05255888325765,28.5
19.918584287042087,28.0
20.784609690826528,28.5
21.650635094610966,28.0
23.38268590217984,28.0
24.24871130596428,28.5
25.11473670974872,28.0
27.712812921102035,28.5
28.578838324886473,28.0
29.444863728670914,28.5
30.31088913245535,28.0
31.17691453623979,28.5
32.042939940024226,28.0
32.90896534380867,28.5
33.77499074759311,28.0
34.64101615137754,28.5
35.50704155516198,28.0
36.373066958946424,28.5
37.23909236273086,28.0
38.1051177665153,28.5
38.97114317029974,28.0
44.167295593006365,28.0
45.033320996790806,28.5
45.89934640057525,28.0
46.76537180435968,28.5
47.63139720814412,28.0
49.363448015713,28.0
58.023702053557386,28.0
58.88972745734183,28.5
59.75575286112626,28.0
60.6217782649107,28.5
75.34421012924616,28.0
76.2102355330306,28.5
77.07626093681503,28.0
78.80831174438391,28.0
79.67433714816835,28.5
80.5403625519528,28.0
81.40638795573723,28.5
82.27241335952166,28.0
85.73651497465941,28.0
86.60254037844386,28.5
87.4685657822283,28.0
88.33459118601273,28.5
89.20061658979718,28.0
90.06664199358161,28.5
90.93266739736605,28.0
91.7986928011505,28.5
92.66471820493493,28.0
93.53074360871936,28.5
94.39676901250381,28.0
95.26279441628824,28.5
96.12881982007268,28.0
96.99484522385713,28.5
97.86087062764156,28.0
98.726896031426,28.5
99.59292143521044,28.0
100.45894683899488,28.5
101.32497224277931,28.0
102.19099764656376,28.5
