1,0.0,-0.5,3
2,0.8660254037844386,0.0,4
3,1.7320508075688772,-0.5,3
4,2.598076211353316,0.0,6
5,3.4641016151377544,-0.5,2
6,4.330127018922193,0.0,4
7,5.196152422706632,-0.5,4
8,6.06217782649107,0.0,5
9,6.928203230275509,-0.5,4
10,7.794228634059947,0.0,5
11,8.660254037844386,-0.5,3
12,9.526279441628825,0.0,5
13,10.392304845413264,-0.5,2
14,11.258330249197702,0.0,4
15,12.12435565298214,-0.5,2
16,12.990381056766578,0.0,5
17,13.856406460551018,-0.5,4
18,14.722431864335457,0.0,5
19,15.588457268119894,-0.5,5
20,16.454482671904334,0.0,5
21,17.32050807568877,-0.5,4
22,18.186533479473212,0.0,5
23,19.05255888325765,-0.5,5
24,19.918584287042087,0.0,5
25,20.784609690826528,-0.5,6
26,21.650635094610966,0.0,2
27,22.516660498395403,-0.5,4
28,23.38268590217984,0.0,3
29,24.24871130596428,-0.5,5
30,25.11473670974872,0.0,4
31,25.980762113533157,-0.5,4
32,26.846787517317598,0.0,5
33,27.712812921102035,-0.5,1
34,28.578838324886473,0.0,4
35,29.444863728670914,-0.5,3
36,30.31088913245535,0.0,6
37,31.17691453623979,-0.5,3
38,32.042939940024226,0.0,2
39,32.90896534380867,-0.5,5
40,33.77499074759311,0.0,7
41,34.64101615137754,-0.5,4
42,35.50704155516198,0.0,7
43,36.373066958946424,-0.5,4
44,37.23909236273086,0.0,5
45,38.1051177665153,-0.5,1
46,38.97114317029974,0.0,3
47,39.837168574084174,-0.5,2
48,40.703193977868615,0.0,3
49,41.569219381653056,-0.5,4
50,42.43524478543749,0.0,4
51,43.30127018922193,-0.5,5
52,44.167295593006365,0.0,6
53,45.033320996790806,-0.5,4
54,45.89934640057525,0.0,5
55,46.76537180435968,-0.5,4
56,47.63139720814412,0.0,6
57,48.49742261192856,-0.5,4
58,49.363448015713,0.0,5
59,50.22947341949744,-0.5,5
60,51.09549882328188,0.0,4
61,51.96152422706631,-0.5,5
62,52.827549630850754,0.0,5
63,53.693575034635195,-0.5,5
64,54.55960043841963,0.0,6
65,55.42562584220407,-0.5,2
66,56.29165124598851,0.0,4
67,57.157676649772945,-0.5,4
68,58.023702053557386,0.0,4
69,58.88972745734183,-0.5,1
70,59.75575286112626,0.0,4
71,60.6217782649107,-0.5,4
72,61.48780366869514,0.0,8
73,62.35382907247958,-0.5,3
74,63.21985447626402,0.0,5
75,64.08587988004845,-0.5,5
76,64.9519052838329,0.0,5
77,65.81793068761733,-0.5,2
78,66.68395609140177,0.0,6
79,67.54998149518622,-0.5,3
80,68.41600689897065,0.0,3
81,69.28203230275508,-0.5,4
82,70.14805770653953,0.0,4
83,71.01408311032397,-0.5,4
84,71.8801085141084,0.0,5
85,72.74613391789285,-0.5,5
86,73.61215932167728,0.0,5
87,74.47818472546172,-0.5,3
88,75.34421012924616,0.0,2
89,76.2102355330306,-0.5,3
90,77.07626093681503,0.0,5
91,77.94228634059948,-0.5,3
92,78.80831174438391,0.0,5
93,79.67433714816835,-0.5,4
94,80.5403625519528,0.0,5
95,81.40638795573723,-0.5,3
96,82.27241335952166,0.0,5
97,83.13843876330611,-0.5,5
98,84.00446416709055,0.0,1
99,84.87048957087498,-0.5,3
100,85.73651497465941,0.0,3
101,0.8660254037844386,1.0,2
102,1.7320508075688772,1.5,6
103,2.598076211353316,1.0,5
104,3.4641016151377544,1.5,5
105,4.330127018922193,1.0,3
106,5.196152422706632,1.5,3
107,6.06217782649107,1.0,4
108,6.928203230275509,1.5,5
109,7.794228634059947,1.0,5
110,8.660254037844386,1.5,2
111,9.526279441628825,1.0,4
112,10.392304845413264,1.5,7
113,11.258330249197702,1.0,6
114,12.12435565298214,1.5,7
115,12.990381056766578,1.0,5
116,13.856406460551018,1.5,5
117,14.722431864335457,1.0,5
118,15.588457268119894,1.5,5
119,16.454482671904334,1.0,4
120,17.32050807568877,1.5,5
121,18.186533479473212,1.0,6
122,19.05255888325765,1.5,5
123,19.918584287042087,1.0,8
124,20.784609690826528,1.5,6
125,21.650635094610966,1.0,8
126,22.516660498395403,1.5,3
127,23.38268590217984,1.0,4
128,24.24871130596428,1.5,5
129,25.11473670974872,1.0,3
130,25.980762113533157,1.5,4
131,26.846787517317598,1.0,7
132,27.712812921102035,1.5,2
133,28.578838324886473,1.0,2
134,29.444863728670914,1.5,2
135,30.31088913245535,1.0,3
136,31.17691453623979,1.5,6
137,32.042939940024226,1.0,4
138,32.90896534380867,1.5,4
139,33.77499074759311,1.0,3
140,34.64101615137754,1.5,8
141,35.50704155516198,1.0,6
142,36.373066958946424,1.5,7
143,37.23909236273086,1.0,4
144,38.1051177665153,1.5,2
145,38.97114317029974,1.0,3
146,39.837168574084174,1.5,6
147,40.703193977868615,1.0,1
148,41.569219381653056,1.5,3
149,42.43524478543749,1.0,5
150,43.30127018922193,1.5,7
151,44.167295593006365,1.0,4
152,45.033320996790806,1.5,6
153,45.89934640057525,1.0,5
154,46.76537180435968,1.5,5
155,47.63139720814412,1.0,5
156,48.49742261192856,1.5,5
157,49.363448015713,1.0,3
158,50.22947341949744,1.5,3
159,51.09549882328188,1.0,2
160,51.96152422706631,1.5,0
161,52.827549630850754,1.0,4
162,53.693575034635195,1.5,6
163,54.55960043841963,1.0,5
164,55.42562584220407,1.5,8
165,56.29165124598851,1.0,2
166,57.157676649772945,1.5,6
167,58.023702053557386,1.0,5
168,58.88972745734183,1.5,4
169,59.75575286112626,1.0,6
170,60.6217782649107,1.5,5
171,61.48780366869514,1.0,5
172,62.35382907247958,1.5,6
173,63.21985447626402,1.0,5
174,64.08587988004845,1.5,5
175,64.9519052838329,1.0,5
176,65.81793068761733,1.5,5
177,66.68395609140177,1.0,4
178,67.54998149518622,1.5,7
179,68.41600689897065,1.0,6
180,69.28203230275508,1.5,3
181,70.14805770653953,1.0,7
182,71.01408311032397,1.5,5
183,71.8801085141084,1.0,4
184,72.74613391789285,1.5,2
185,73.61215932167728,1.0,4
186,74.47818472546172,1.5,5
187,75.34421012924616,1.0,4
188,76.2102355330306,1.5,2
189,77.07626093681503,1.0,5
190,77.94228634059948,1.5,4
191,78.80831174438391,1.0,5
192,79.67433714816835,1.5,5
193,80.5403625519528,1.0,3
194,81.40638795573723,1.5,4
195,82.27241335952166,1.0,5
196,83.13843876330611,1.5,3
197,84.00446416709055,1.0,4
198,84.87048957087498,1.5,4
199,85.73651497465941,1.0,3
200,86.60254037844386,1.5,4
201,1.7320508075688772,2.5,5
202,2.598076211353316,3.0,5
203,3.4641016151377544,2.5,3
204,4.330127018922193,3.0,6
205,5.196152422706632,2.5,7
206,6.06217782649107,3.0,6
207,6.928203230275509,2.5,5
208,7.794228634059947,3.0,6
209,8.660254037844386,2.5,3
210,9.526279441628825,3.0,5
211,10.392304845413264,2.5,4
212,11.258330249197702,3.0,6
213,12.12435565298214,2.5,4
214,12.990381056766578,3.0,5
215,13.856406460551018,2.5,3
216,14.722431864335457,3.0,5
217,15.588457268119894,2.5,5
218,16.454482671904334,3.0,3
219,17.32050807568877,2.5,7
220,18.186533479473212,3.0,7
221,19.05255888325765,2.5,6
222,19.918584287042087,3.0,5
223,20.784609690826528,2.5,6
224,21.650635094610966,3.0,5
225,22.516660498395403,2.5,6
226,23.38268590217984,3.0,3
227,24.24871130596428,2.5,6
228,25.11473670974872,3.0,6
229,25.980762113533157,2.5,6
230,26.846787517317598,3.0,5
231,27.712812921102035,2.5,5
232,28.578838324886473,3.0,4
233,29.444863728670914,2.5,6
234,30.31088913245535,3.0,4
235,31.17691453623979,2.5,4
236,32.042939940024226,3.0,2
237,32.90896534380867,2.5,5
238,33.77499074759311,3.0,4
239,34.64101615137754,2.5,3
240,35.50704155516198,3.0,7
241,36.373066958946424,2.5,4
242,37.23909236273086,3.0,4
243,38.1051177665153,2.5,4
244,38.97114317029974,3.0,7
245,39.837168574084174,2.5,4
246,40.703193977868615,3.0,3
247,41.569219381653056,2.5,4
248,42.43524478543749,3.0,4
249,43.30127018922193,2.5,7
250,44.167295593006365,3.0,6
251,45.033320996790806,2.5,7
252,45.89934640057525,3.0,5
253,46.76537180435968,2.5,6
254,47.63139720814412,3.0,3
255,48.49742261192856,2.5,5
256,49.363448015713,3.0,3
257,50.22947341949744,2.5,4
258,51.09549882328188,3.0,5
259,51.96152422706631,2.5,3
260,52.827549630850754,3.0,4
261,53.693575034635195,2.5,4
262,54.55960043841963,3.0,4
263,55.42562584220407,2.5,4
264,56.29165124598851,3.0,6
265,57.157676649772945,2.5,4
266,58.023702053557386,3.0,4
267,58.88972745734183,2.5,5
268,59.75575286112626,3.0,3
269,60.6217782649107,2.5,3
270,61.48780366869514,3.0,4
271,62.35382907247958,2.5,4
272,63.21985447626402,3.0,6
273,64.08587988004845,2.5,3
274,64.9519052838329,3.0,6
275,65.81793068761733,2.5,7
276,66.68395609140177,3.0,5
277,67.54998149518622,2.5,7
278,68.41600689897065,3.0,7
279,69.28203230275508,2.5,9
280,70.14805770653953,3.0,3
281,71.01408311032397,2.5,5
282,71.8801085141084,3.0,4
283,72.74613391789285,2.5,4
284,73.61215932167728,3.0,4
285,74.47818472546172,2.5,5
286,75.34421012924616,3.0,6
287,76.2102355330306,2.5,3
288,77.07626093681503,3.0,6
289,77.94228634059948,2.5,4
290,78.80831174438391,3.0,6
291,79.67433714816835,2.5,4
292,80.5403625519528,3.0,5
293,81.40638795573723,2.5,6
294,82.27241335952166,3.0,4
295,83.13843876330611,2.5,7
296,84.00446416709055,3.0,6
297,84.87048957087498,2.5,7
298,85.73651497465941,3.0,7
299,86.60254037844386,2.5,5
300,87.4685657822283,3.0,4
301,2.598076211353316,4.0,2
302,3.4641016151377544,4.5,6
303,4.330127018922193,4.0,4
304,5.196152422706632,4.5,6
305,6.06217782649107,4.0,6
306,6.928203230275509,4.5,6
307,7.794228634059947,4.0,6
308,8.660254037844386,4.5,6
309,9.526279441628825,4.0,3
310,10.392304845413264,4.5,6
311,11.258330249197702,4.0,4
312,12.12435565298214,4.5,4
313,12.990381056766578,4.0,7
314,13.856406460551018,4.5,7
315,14.722431864335457,4.0,3
316,15.588457268119894,4.5,6
317,16.454482671904334,4.0,3
318,17.32050807568877,4.5,7
319,18.186533479473212,4.0,5
320,19.05255888325765,4.5,7
321,19.918584287042087,4.0,6
322,20.784609690826528,4.5,6
323,21.650635094610966,4.0,7
324,22.516660498395403,4.5,4
325,23.38268590217984,4.0,5
326,24.24871130596428,4.5,4
327,25.11473670974872,4.0,3
328,25.980762113533157,4.5,3
329,26.846787517317598,4.0,7
330,27.712812921102035,4.5,5
331,28.578838324886473,4.0,4
332,29.444863728670914,4.5,3
333,30.31088913245535,4.0,6
334,31.17691453623979,4.5,5
335,32.042939940024226,4.0,6
336,32.90896534380867,4.5,3
337,33.77499074759311,4.0,4
338,34.64101615137754,4.5,4
339,35.50704155516198,4.0,6
340,36.373066958946424,4.5,4
341,37.23909236273086,4.0,2
342,38.1051177665153,4.5,6
343,38.97114317029974,4.0,3
344,39.837168574084174,4.5,4
345,40.703193977868615,4.0,5
346,41.569219381653056,4.5,6
347,42.43524478543749,4.0,4
348,43.30127018922193,4.5,3
349,44.167295593006365,4.0,4
350,45.033320996790806,4.5,6
351,45.89934640057525,4.0,5
352,46.76537180435968,4.5,2
353,47.63139720814412,4.0,6
354,48.49742261192856,4.5,5
355,49.363448015713,4.0,3
356,50.22947341949744,4.5,5
357,51.09549882328188,4.0,6
358,51.96152422706631,4.5,4
359,52.827549630850754,4.0,7
360,53.693575034635195,4.5,5
361,54.55960043841963,4.0,4
362,55.42562584220407,4.5,4
363,56.29165124598851,4.0,6
364,57.157676649772945,4.5,5
365,58.023702053557386,4.0,7
366,58.88972745734183,4.5,5
367,59.75575286112626,4.0,4
368,60.6217782649107,4.5,7
369,61.48780366869514,4.0,5
370,62.35382907247958,4.5,5
371,63.21985447626402,4.0,6
372,64.08587988004845,4.5,5
373,64.9519052838329,4.0,3
374,65.81793068761733,4.5,4
375,66.68395609140177,4.0,5
376,67.54998149518622,4.5,4
377,68.41600689897065,4.0,4
378,69.28203230275508,4.5,5
379,70.14805770653953,4.0,5
380,71.01408311032397,4.5,4
381,71.8801085141084,4.0,3
382,72.74613391789285,4.5,3
383,73.61215932167728,4.0,2
384,74.47818472546172,4.5,5
385,75.34421012924616,4.0,4
386,76.2102355330306,4.5,5
387,77.07626093681503,4.0,5
388,77.94228634059948,4.5,3
389,78.80831174438391,4.0,2
390,79.67433714816835,4.5,5
391,80.5403625519528,4.0,6
392,81.40638795573723,4.5,6
393,82.27241335952166,4.0,6
394,83.13843876330611,4.5,3
395,84.00446416709055,4.0,4
396,84.87048957087498,4.5,5
397,85.73651497465941,4.0,6
398,86.60254037844386,4.5,5
399,87.4685657822283,4.0,5
400,88.33459118601273,4.5,3
401,3.4641016151377544,5.5,2
402,4.330127018922193,6.0,5
403,5.196152422706632,5.5,4
404,6.06217782649107,6.0,3
405,6.928203230275509,5.5,3
406,7.794228634059947,6.0,4
407,8.660254037844386,5.5,3
408,9.526279441628825,6.0,5
409,10.392304845413264,5.5,4
410,11.258330249197702,6.0,6
411,12.12435565298214,5.5,6
412,12.990381056766578,6.0,4
413,13.856406460551018,5.5,3
414,14.722431864335457,6.0,4
415,15.588457268119894,5.5,1
416,16.454482671904334,6.0,4
417,17.32050807568877,5.5,5
418,18.186533479473212,6.0,6
419,19.05255888325765,5.5,4
420,19.918584287042087,6.0,6
421,20.784609690826528,5.5,7
422,21.650635094610966,6.0,3
423,22.516660498395403,5.5,6
424,23.38268590217984,6.0,5
425,24.24871130596428,5.5,7
426,25.11473670974872,6.0,3
427,25.980762113533157,5.5,5
428,26.846787517317598,6.0,4
429,27.712812921102035,5.5,4
430,28.578838324886473,6.0,4
431,29.444863728670914,5.5,4
432,30.31088913245535,6.0,4
433,31.17691453623979,5.5,3
434,32.042939940024226,6.0,2
435,32.90896534380867,5.5,5
436,33.77499074759311,6.0,4
437,34.64101615137754,5.5,5
438,35.50704155516198,6.0,4
439,36.373066958946424,5.5,5
440,37.23909236273086,6.0,3
441,38.1051177665153,5.5,5
442,38.97114317029974,6.0,5
443,39.837168574084174,5.5,7
444,40.703193977868615,6.0,6
445,41.569219381653056,5.5,4
446,42.43524478543749,6.0,3
447,43.30127018922193,5.5,2
448,44.167295593006365,6.0,4
449,45.033320996790806,5.5,3
450,45.89934640057525,6.0,4
451,46.76537180435968,5.5,6
452,47.63139720814412,6.0,5
453,48.49742261192856,5.5,4
454,49.363448015713,6.0,5
455,50.22947341949744,5.5,6
456,51.09549882328188,6.0,3
457,51.96152422706631,5.5,5
458,52.827549630850754,6.0,3
459,53.693575034635195,5.5,5
460,54.55960043841963,6.0,3
461,55.42562584220407,5.5,4
462,56.29165124598851,6.0,4
463,57.157676649772945,5.5,4
464,58.023702053557386,6.0,3
465,58.88972745734183,5.5,4
466,59.75575286112626,6.0,5
467,60.6217782649107,5.5,4
468,61.48780366869514,6.0,4
469,62.35382907247958,5.5,2
470,63.21985447626402,6.0,3
471,64.08587988004845,5.5,6
472,64.9519052838329,6.0,6
473,65.81793068761733,5.5,2
474,66.68395609140177,6.0,4
475,67.54998149518622,5.5,4
476,68.41600689897065,6.0,5
477,69.28203230275508,5.5,6
478,70.14805770653953,6.0,6
479,71.01408311032397,5.5,4
480,71.8801085141084,6.0,4
481,72.74613391789285,5.5,4
482,73.61215932167728,6.0,4
483,74.47818472546172,5.5,3
484,75.34421012924616,6.0,1
485,76.2102355330306,5.5,5
486,77.07626093681503,6.0,4
487,77.94228634059948,5.5,5
488,78.80831174438391,6.0,2
489,79.67433714816835,5.5,5
490,80.5403625519528,6.0,5
491,81.40638795573723,5.5,3
492,82.27241335952166,6.0,2
493,83.13843876330611,5.5,3
494,84.00446416709055,6.0,2
495,84.87048957087498,5.5,2
496,85.73651497465941,6.0,2
497,86.60254037844386,5.5,5
498,87.4685657822283,6.0,4
499,88.33459118601273,5.5,5
500,89.20061658979718,6.0,4
501,4.330127018922193,7.0,2
502,5.196152422706632,7.5,2
503,6.06217782649107,7.0,4
504,6.928203230275509,7.5,2
505,7.794228634059947,7.0,4
506,8.660254037844386,7.5,7
507,9.526279441628825,7.0,4
508,10.392304845413264,7.5,4
509,11.258330249197702,7.0,4
510,12.12435565298214,7.5,3
511,12.990381056766578,7.0,5
512,13.856406460551018,7.5,3
513,14.722431864335457,7.0,3
514,15.588457268119894,7.5,3
515,16.454482671904334,7.0,3
516,17.32050807568877,7.5,5
517,18.186533479473212,7.0,2
518,19.05255888325765,7.5,5
519,19.918584287042087,7.0,4
520,20.784609690826528,7.5,5
521,21.650635094610966,7.0,6
522,22.516660498395403,7.5,7
523,23.38268590217984,7.0,2
524,24.24871130596428,7.5,4
525,25.11473670974872,7.0,5
526,25.980762113533157,7.5,5
527,26.846787517317598,7.0,4
528,27.712812921102035,7.5,5
529,28.578838324886473,7.0,3
530,29.444863728670914,7.5,6
531,30.31088913245535,7.0,4
532,31.17691453623979,7.5,4
533,32.042939940024226,7.0,4
534,32.90896534380867,7.5,5
535,33.77499074759311,7.0,5
536,34.64101615137754,7.5,4
537,35.50704155516198,7.0,4
538,36.373066958946424,7.5,4
539,37.23909236273086,7.0,6
540,38.1051177665153,7.5,6
541,38.97114317029974,7.0,7
542,39.837168574084174,7.5,8
543,40.703193977868615,7.0,6
544,41.569219381653056,7.5,5
545,42.43524478543749,7.0,3
546,43.30127018922193,7.5,4
547,44.167295593006365,7.0,4
548,45.033320996790806,7.5,8
549,45.89934640057525,7.0,2
550,46.76537180435968,7.5,6
551,47.63139720814412,7.0,5
552,48.49742261192856,7.5,6
553,49.363448015713,7.0,7
554,50.22947341949744,7.5,3
555,51.09549882328188,7.0,2
556,51.96152422706631,7.5,2
557,52.827549630850754,7.0,5
558,53.693575034635195,7.5,5
559,54.55960043841963,7.0,3
560,55.42562584220407,7.5,2
561,56.29165124598851,7.0,0
562,57.157676649772945,7.5,3
563,58.023702053557386,7.0,6
564,58.88972745734183,7.5,4
565,59.75575286112626,7.0,5
566,60.6217782649107,7.5,6
567,61.48780366869514,7.0,5
568,62.35382907247958,7.5,5
569,63.21985447626402,7.0,4
570,64.08587988004845,7.5,5
571,64.9519052838329,7.0,5
572,65.81793068761733,7.5,5
573,66.68395609140177,7.0,8
574,67.54998149518622,7.5,3
575,68.41600689897065,7.0,5
576,69.28203230275508,7.5,5
577,70.14805770653953,7.0,4
578,71.01408311032397,7.5,5
579,71.8801085141084,7.0,4
580,72.74613391789285,7.5,4
581,73.61215932167728,7.0,5
582,74.47818472546172,7.5,4
583,75.34421012924616,7.0,5
584,76.2102355330306,7.5,3
585,77.07626093681503,7.0,6
586,77.94228634059948,7.5,5
587,78.80831174438391,7.0,3
588,79.67433714816835,7.5,4
589,80.5403625519528,7.0,3
590,81.40638795573723,7.5,5
591,82.27241335952166,7.0,3
592,83.13843876330611,7.5,5
593,84.00446416709055,7.0,3
594,84.87048957087498,7.5,5
595,85.73651497465941,7.0,3
596,86.60254037844386,7.5,5
597,87.4685657822283,7.0,2
598,88.33459118601273,7.5,7
599,89.20061658979718,7.0,5
600,90.06664199358161,7.5,3
601,5.196152422706632,8.5,5
602,6.06217782649107,9.0,3
603,6.928203230275509,8.5,4
604,7.794228634059947,9.0,2
605,8.660254037844386,8.5,2
606,9.526279441628825,9.0,3
607,10.392304845413264,8.5,4
608,11.258330249197702,9.0,3
609,12.12435565298214,8.5,2
610,12.990381056766578,9.0,6
611,13.856406460551018,8.5,3
612,14.722431864335457,9.0,4
613,15.588457268119894,8.5,3
614,16.454482671904334,9.0,4
615,17.32050807568877,8.5,2
616,18.186533479473212,9.0,5
617,19.05255888325765,8.5,2
618,19.918584287042087,9.0,5
619,20.784609690826528,8.5,4
620,21.650635094610966,9.0,7
621,22.516660498395403,8.5,4
622,23.38268590217984,9.0,7
623,24.24871130596428,8.5,5
624,25.11473670974872,9.0,3
625,25.980762113533157,8.5,5
626,26.846787517317598,9.0,7
627,27.712812921102035,8.5,1
628,28.578838324886473,9.0,4
629,29.444863728670914,8.5,5
630,30.31088913245535,9.0,7
631,31.17691453623979,8.5,3
632,32.042939940024226,9.0,4
633,32.90896534380867,8.5,4
634,33.77499074759311,9.0,4
635,34.64101615137754,8.5,4
636,35.50704155516198,9.0,2
637,36.373066958946424,8.5,3
638,37.23909236273086,9.0,3
639,38.1051177665153,8.5,6
640,38.97114317029974,9.0,4
641,39.837168574084174,8.5,7
642,40.703193977868615,9.0,2
643,41.569219381653056,8.5,5
644,42.43524478543749,9.0,7
645,43.30127018922193,8.5,5
646,44.167295593006365,9.0,9
647,45.033320996790806,8.5,4
648,45.89934640057525,9.0,7
649,46.76537180435968,8.5,6
650,47.63139720814412,9.0,6
651,48.49742261192856,8.5,5
652,49.363448015713,9.0,5
653,50.22947341949744,8.5,5
654,51.09549882328188,9.0,3
655,51.96152422706631,8.5,4
656,52.827549630850754,9.0,5
657,53.693575034635195,8.5,8
658,54.55960043841963,9.0,5
659,55.42562584220407,8.5,3
660,56.29165124598851,9.0,0
661,57.157676649772945,8.5,5
662,58.023702053557386,9.0,3
663,58.88972745734183,8.5,4
664,59.75575286112626,9.0,6
665,60.6217782649107,8.5,6
666,61.48780366869514,9.0,4
667,62.35382907247958,8.5,5
668,63.21985447626402,9.0,5
669,64.08587988004845,8.5,3
670,64.9519052838329,9.0,3
671,65.81793068761733,8.5,5
672,66.68395609140177,9.0,4
673,67.54998149518622,8.5,5
674,68.41600689897065,9.0,7
675,69.28203230275508,8.5,5
676,70.14805770653953,9.0,4
677,71.01408311032397,8.5,5
678,71.8801085141084,9.0,3
679,72.74613391789285,8.5,2
680,73.61215932167728,9.0,7
681,74.47818472546172,8.5,6
682,75.34421012924616,9.0,4
683,76.2102355330306,8.5,6
684,77.07626093681503,9.0,3
685,77.94228634059948,8.5,4
686,78.80831174438391,9.0,6
687,79.67433714816835,8.5,2
688,80.5403625519528,9.0,4
689,81.40638795573723,8.5,5
690,82.27241335952166,9.0,4
691,83.13843876330611,8.5,3
692,84.00446416709055,9.0,5
693,84.87048957087498,8.5,4
694,85.73651497465941,9.0,4
695,86.60254037844386,8.5,5
696,87.4685657822283,9.0,6
697,88.33459118601273,8.5,4
698,89.20061658979718,9.0,5
699,90.06664199358161,8.5,5
700,90.93266739736605,9.0,4
701,6.06217782649107,10.0,3
702,6.928203230275509,10.5,2
703,7.794228634059947,10.0,1
704,8.660254037844386,10.5,2
705,9.526279441628825,10.0,4
706,10.392304845413264,10.5,5
707,11.258330249197702,10.0,5
708,12.12435565298214,10.5,5
709,12.990381056766578,10.0,4
710,13.856406460551018,10.5,4
711,14.722431864335457,10.0,3
712,15.588457268119894,10.5,4
713,16.454482671904334,10.0,2
714,17.32050807568877,10.5,5
715,18.186533479473212,10.0,5
716,19.05255888325765,10.5,4
717,19.918584287042087,10.0,4
718,20.784609690826528,10.5,5
719,21.650635094610966,10.0,6
720,22.516660498395403,10.5,6
721,23.38268590217984,10.0,8
722,24.24871130596428,10.5,4
723,25.11473670974872,10.0,4
724,25.980762113533157,10.5,5
725,26.846787517317598,10.0,3
726,27.712812921102035,10.5,5
727,28.578838324886473,10.0,6
728,29.444863728670914,10.5,4
729,30.31088913245535,10.0,4
730,31.17691453623979,10.5,3
731,32.042939940024226,10.0,4
732,32.90896534380867,10.5,5
733,33.77499074759311,10.0,4
734,34.64101615137754,10.5,5
735,35.50704155516198,10.0,4
736,36.373066958946424,10.5,4
737,37.23909236273086,10.0,2
738,38.1051177665153,10.5,4
739,38.97114317029974,10.0,4
740,39.837168574084174,10.5,4
741,40.703193977868615,10.0,6
742,41.569219381653056,10.5,6
743,42.43524478543749,10.0,5
744,43.30127018922193,10.5,6
745,44.167295593006365,10.0,5
746,45.033320996790806,10.5,7
747,45.89934640057525,10.0,4
748,46.76537180435968,10.5,7
749,47.63139720814412,10.0,4
750,48.49742261192856,10.5,4
751,49.363448015713,10.0,5
752,50.22947341949744,10.5,3
753,51.09549882328188,10.0,6
754,51.96152422706631,10.5,7
755,52.827549630850754,10.0,4
756,53.693575034635195,10.5,6
757,54.55960043841963,10.0,3
758,55.42562584220407,10.5,3
759,56.29165124598851,10.0,4
760,57.157676649772945,10.5,2
761,58.023702053557386,10.0,5
762,58.88972745734183,10.5,5
763,59.75575286112626,10.0,3
764,60.6217782649107,10.5,5
765,61.48780366869514,10.0,6
766,62.35382907247958,10.5,5
767,63.21985447626402,10.0,3
768,64.08587988004845,10.5,1
769,64.9519052838329,10.0,2
770,65.81793068761733,10.5,4
771,66.68395609140177,10.0,6
772,67.54998149518622,10.5,7
773,68.41600689897065,10.0,7
774,69.28203230275508,10.5,3
775,70.14805770653953,10.0,6
776,71.01408311032397,10.5,3
777,71.8801085141084,10.0,6
778,72.74613391789285,10.5,2
779,73.61215932167728,10.0,5
780,74.47818472546172,10.5,4
781,75.34421012924616,10.0,4
782,76.2102355330306,10.5,6
783,77.07626093681503,10.0,3
784,77.94228634059948,10.5,6
785,78.80831174438391,10.0,5
786,79.67433714816835,10.5,6
787,80.5403625519528,10.0,4
788,81.40638795573723,10.5,4
789,82.27241335952166,10.0,5
790,83.13843876330611,10.5,3
791,84.00446416709055,10.0,3
792,84.87048957087498,10.5,4
793,85.73651497465941,10.0,6
794,86.60254037844386,10.5,5
795,87.4685657822283,10.0,4
796,88.33459118601273,10.5,7
797,89.20061658979718,10.0,5
798,90.06664199358161,10.5,6
799,90.93266739736605,10.0,5
800,91.7986928011505,10.5,6
801,6.928203230275509,11.5,3
802,7.794228634059947,12.0,2
803,8.660254037844386,11.5,3
804,9.526279441628825,12.0,4
805,10.392304845413264,11.5,6
806,11.258330249197702,12.0,5
807,12.12435565298214,11.5,4
808,12.990381056766578,12.0,5
809,13.856406460551018,11.5,4
810,14.722431864335457,12.0,5
811,15.588457268119894,11.5,4
812,16.454482671904334,12.0,6
813,17.32050807568877,11.5,5
814,18.186533479473212,12.0,5
815,19.05255888325765,11.5,7
816,19.918584287042087,12.0,3
817,20.784609690826528,11.5,7
818,21.650635094610966,12.0,4
819,22.516660498395403,11.5,6
820,23.38268590217984,12.0,5
821,24.24871130596428,11.5,5
822,25.11473670974872,12.0,5
823,25.980762113533157,11.5,4
824,26.846787517317598,12.0,5
825,27.712812921102035,11.5,4
826,28.578838324886473,12.0,4
827,29.444863728670914,11.5,3
828,30.31088913245535,12.0,2
829,31.17691453623979,11.5,4
830,32.042939940024226,12.0,3
831,32.90896534380867,11.5,3
832,33.77499074759311,12.0,4
833,34.64101615137754,11.5,2
834,35.50704155516198,12.0,2
835,36.373066958946424,11.5,3
836,37.23909236273086,12.0,6
837,38.1051177665153,11.5,4
838,38.97114317029974,12.0,6
839,39.837168574084174,11.5,3
840,40.703193977868615,12.0,5
841,41.569219381653056,11.5,3
842,42.43524478543749,12.0,4
843,43.30127018922193,11.5,3
844,44.167295593006365,12.0,3
845,45.033320996790806,11.5,2
846,45.89934640057525,12.0,5
847,46.76537180435968,11.5,4
848,47.63139720814412,12.0,6
849,48.49742261192856,11.5,4
850,49.363448015713,12.0,4
851,50.22947341949744,11.5,4
852,51.09549882328188,12.0,5
853,51.96152422706631,11.5,4
854,52.827549630850754,12.0,5
855,53.693575034635195,11.5,5
856,54.55960043841963,12.0,3
857,55.42562584220407,11.5,5
858,56.29165124598851,12.0,5
859,57.157676649772945,11.5,4
860,58.023702053557386,12.0,5
861,58.88972745734183,11.5,3
862,59.75575286112626,12.0,6
863,60.6217782649107,11.5,6
864,61.48780366869514,12.0,4
865,62.35382907247958,11.5,6
866,63.21985447626402,12.0,5
867,64.08587988004845,11.5,3
868,64.9519052838329,12.0,3
869,65.81793068761733,11.5,7
870,66.68395609140177,12.0,5
871,67.54998149518622,11.5,5
872,68.41600689897065,12.0,6
873,69.28203230275508,11.5,3
874,70.14805770653953,12.0,4
875,71.01408311032397,11.5,3
876,71.8801085141084,12.0,2
877,72.74613391789285,11.5,4
878,73.61215932167728,12.0,3
879,74.47818472546172,11.5,8
880,75.34421012924616,12.0,4
881,76.2102355330306,11.5,4
882,77.07626093681503,12.0,6
883,77.94228634059948,11.5,6
884,78.80831174438391,12.0,5
885,79.67433714816835,11.5,4
886,80.5403625519528,12.0,4
887,81.40638795573723,11.5,4
888,82.27241335952166,12.0,4
889,83.13843876330611,11.5,6
890,84.00446416709055,12.0,5
891,84.87048957087498,11.5,7
892,85.73651497465941,12.0,4
893,86.60254037844386,11.5,4
894,87.4685657822283,12.0,5
895,88.33459118601273,11.5,3
896,89.20061658979718,12.0,4
897,90.06664199358161,11.5,5
898,90.93266739736605,12.0,3
899,91.7986928011505,11.5,2
900,92.66471820493493,12.0,3
901,7.794228634059947,13.0,2
902,8.660254037844386,13.5,3
903,9.526279441628825,13.0,4
904,10.392304845413264,13.5,3
905,11.258330249197702,13.0,4
906,12.12435565298214,13.5,5
907,12.990381056766578,13.0,5
908,13.856406460551018,13.5,7
909,14.722431864335457,13.0,5
910,15.588457268119894,13.5,5
911,16.454482671904334,13.0,5
912,17.32050807568877,13.5,5
913,18.186533479473212,13.0,4
914,19.05255888325765,13.5,5
915,19.918584287042087,13.0,2
916,20.784609690826528,13.5,4
917,21.650635094610966,13.0,7
918,22.516660498395403,13.5,6
919,23.38268590217984,13.0,5
920,24.24871130596428,13.5,8
921,25.11473670974872,13.0,4
922,25.980762113533157,13.5,2
923,26.846787517317598,13.0,5
924,27.712812921102035,13.5,2
925,28.578838324886473,13.0,5
926,29.444863728670914,13.5,4
927,30.31088913245535,13.0,5
928,31.17691453623979,13.5,4
929,32.042939940024226,13.0,4
930,32.90896534380867,13.5,4
931,33.77499074759311,13.0,3
932,34.64101615137754,13.5,4
933,35.50704155516198,13.0,3
934,36.373066958946424,13.5,6
935,37.23909236273086,13.0,4
936,38.1051177665153,13.5,4
937,38.97114317029974,13.0,6
938,39.837168574084174,13.5,5
939,40.703193977868615,13.0,6
940,41.569219381653056,13.5,6
941,42.43524478543749,13.0,5
942,43.30127018922193,13.5,4
943,44.167295593006365,13.0,6
944,45.033320996790806,13.5,6
945,45.89934640057525,13.0,4
946,46.76537180435968,13.5,4
947,47.63139720814412,13.0,4
948,48.49742261192856,13.5,2
949,49.363448015713,13.0,2
950,50.22947341949744,13.5,4
951,51.09549882328188,13.0,2
952,51.96152422706631,13.5,4
953,52.827549630850754,13.0,4
954,53.693575034635195,13.5,4
955,54.55960043841963,13.0,7
956,55.42562584220407,13.5,6
957,56.29165124598851,13.0,6
958,57.157676649772945,13.5,5
959,58.023702053557386,13.0,4
960,58.88972745734183,13.5,6
961,59.75575286112626,13.0,3
962,60.6217782649107,13.5,7
963,61.48780366869514,13.0,5
964,62.35382907247958,13.5,3
965,63.21985447626402,13.0,4
966,64.08587988004845,13.5,3
967,64.9519052838329,13.0,3
968,65.81793068761733,13.5,6
969,66.68395609140177,13.0,3
970,67.54998149518622,13.5,6
971,68.41600689897065,13.0,2
972,69.28203230275508,13.5,6
973,70.14805770653953,13.0,3
974,71.01408311032397,13.5,3
975,71.8801085141084,13.0,3
976,72.74613391789285,13.5,4
977,73.61215932167728,13.0,4
978,74.47818472546172,13.5,5
979,75.34421012924616,13.0,5
980,76.2102355330306,13.5,5
981,77.07626093681503,13.0,6
982,77.94228634059948,13.5,5
983,78.80831174438391,13.0,4
984,79.67433714816835,13.5,5
985,80.5403625519528,13.0,7
986,81.40638795573723,13.5,7
987,82.27241335952166,13.0,5
988,83.13843876330611,13.5,3
989,84.00446416709055,13.0,4
990,84.87048957087498,13.5,5
991,85.73651497465941,13.0,5
992,86.60254037844386,13.5,5
993,87.4685657822283,13.0,7
994,88.33459118601273,13.5,6
995,89.20061658979718,13.0,5
996,90.06664199358161,13.5,2
997,90.93266739736605,13.0,5
998,91.7986928011505,13.5,5
999,92.66471820493493,13.0,1
1000,93.53074360871936,13.5,2
1001,8.660254037844386,14.5,3
1002,9.526279441628825,15.0,0
1003,10.392304845413264,14.5,4
1004,11.258330249197702,15.0,4
1005,12.12435565298214,14.5,7
1006,12.990381056766578,15.0,5
1007,13.856406460551018,14.5,8
1008,14.722431864335457,15.0,4
1009,15.588457268119894,14.5,3
1010,16.454482671904334,15.0,5
1011,17.32050807568877,14.5,3
1012,18.186533479473212,15.0,2
1013,19.05255888325765,14.5,5
1014,19.918584287042087,15.0,2
1015,20.784609690826528,14.5,3
1016,21.650635094610966,15.0,3
1017,22.516660498395403,14.5,5
1018,23.38268590217984,15.0,6
1019,24.24871130596428,14.5,4
1020,25.11473670974872,15.0,5
1021,25.980762113533157,14.5,4
1022,26.846787517317598,15.0,6
1023,27.712812921102035,14.5,4
1024,28.578838324886473,15.0,5
1025,29.444863728670914,14.5,4
1026,30.31088913245535,15.0,5
1027,31.17691453623979,14.5,4
1028,32.042939940024226,15.0,3
1029,32.90896534380867,14.5,4
1030,33.77499074759311,15.0,3
1031,34.64101615137754,14.5,3
1032,35.50704155516198,15.0,5
1033,36.373066958946424,14.5,5
1034,37.23909236273086,15.0,2
1035,38.1051177665153,14.5,3
1036,38.97114317029974,15.0,5
1037,39.837168574084174,14.5,5
1038,40.703193977868615,15.0,5
1039,41.569219381653056,14.5,4
1040,42.43524478543749,15.0,4
1041,43.30127018922193,14.5,4
1042,44.167295593006365,15.0,7
1043,45.033320996790806,14.5,6
1044,45.89934640057525,15.0,8
1045,46.76537180435968,14.5,4
1046,47.63139720814412,15.0,3
1047,48.49742261192856,14.5,3
1048,49.363448015713,15.0,3
1049,50.22947341949744,14.5,4
1050,51.09549882328188,15.0,5
1051,51.96152422706631,14.5,3
1052,52.827549630850754,15.0,3
1053,53.693575034635195,14.5,4
1054,54.55960043841963,15.0,5
1055,55.42562584220407,14.5,4
1056,56.29165124598851,15.0,6
1057,57.157676649772945,14.5,6
1058,58.023702053557386,15.0,5
1059,58.88972745734183,14.5,5
1060,59.75575286112626,15.0,5
1061,60.6217782649107,14.5,4
1062,61.48780366869514,15.0,4
1063,62.35382907247958,14.5,6
1064,63.21985447626402,15.0,5
1065,64.08587988004845,14.5,4
1066,64.9519052838329,15.0,5
1067,65.81793068761733,14.5,6
1068,66.68395609140177,15.0,6
1069,67.54998149518622,14.5,4
1070,68.41600689897065,15.0,7
1071,69.28203230275508,14.5,2
1072,70.14805770653953,15.0,3
1073,71.01408311032397,14.5,4
1074,71.8801085141084,15.0,5
1075,72.74613391789285,14.5,4
1076,73.61215932167728,15.0,2
1077,74.47818472546172,14.5,5
1078,75.34421012924616,15.0,4
1079,76.2102355330306,14.5,3
1080,77.07626093681503,15.0,4
1081,77.94228634059948,14.5,3
1082,78.80831174438391,15.0,5
1083,79.67433714816835,14.5,4
1084,80.5403625519528,15.0,7
1085,81.40638795573723,14.5,5
1086,82.27241335952166,15.0,5
1087,83.13843876330611,14.5,3
1088,84.00446416709055,15.0,5
1089,84.87048957087498,14.5,4
1090,85.73651497465941,15.0,5
1091,86.60254037844386,14.5,3
1092,87.4685657822283,15.0,7
1093,88.33459118601273,14.5,6
1094,89.20061658979718,15.0,2
1095,90.06664199358161,14.5,3
1096,90.93266739736605,15.0,5
1097,91.7986928011505,14.5,4
1098,92.66471820493493,15.0,2
1099,93.53074360871936,14.5,1
1100,94.39676901250381,15.0,3
1101,9.526279441628825,16.0,3
1102,10.392304845413264,16.5,5
1103,11.258330249197702,16.0,4
1104,12.12435565298214,16.5,6
1105,12.990381056766578,16.0,5
1106,13.856406460551018,16.5,6
1107,14.722431864335457,16.0,5
1108,15.588457268119894,16.5,5
1109,16.454482671904334,16.0,3
1110,17.32050807568877,16.5,4
1111,18.186533479473212,16.0,4
1112,19.05255888325765,16.5,5
1113,19.918584287042087,16.0,4
1114,20.784609690826528,16.5,2
1115,21.650635094610966,16.0,4
1116,22.516660498395403,16.5,4
1117,23.38268590217984,16.0,5
1118,24.24871130596428,16.5,2
1119,25.11473670974872,16.0,6
1120,25.980762113533157,16.5,2
1121,26.846787517317598,16.0,5
1122,27.712812921102035,16.5,5
1123,28.578838324886473,16.0,5
1124,29.444863728670914,16.5,7
1125,30.31088913245535,16.0,6
1126,31.17691453623979,16.5,4
1127,32.042939940024226,16.0,4
1128,32.90896534380867,16.5,2
1129,33.77499074759311,16.0,6
1130,34.64101615137754,16.5,5
1131,35.50704155516198,16.0,8
1132,36.373066958946424,16.5,3
1133,37.23909236273086,16.0,4
1134,38.1051177665153,16.5,3
1135,38.97114317029974,16.0,5
1136,39.837168574084174,16.5,4
1137,40.703193977868615,16.0,7
1138,41.569219381653056,16.5,5
1139,42.43524478543749,16.0,7
1140,43.30127018922193,16.5,4
1141,44.167295593006365,16.0,2
1142,45.033320996790806,16.5,4
1143,45.89934640057525,16.0,5
1144,46.76537180435968,16.5,4
1145,47.63139720814412,16.0,4
1146,48.49742261192856,16.5,3
1147,49.363448015713,16.0,5
1148,50.22947341949744,16.5,6
1149,51.09549882328188,16.0,6
1150,51.96152422706631,16.5,5
1151,52.827549630850754,16.0,5
1152,53.693575034635195,16.5,7
1153,54.55960043841963,16.0,6
1154,55.42562584220407,16.5,5
1155,56.29165124598851,16.0,5
1156,57.157676649772945,16.5,4
1157,58.023702053557386,16.0,4
1158,58.88972745734183,16.5,6
1159,59.75575286112626,16.0,5
1160,60.6217782649107,16.5,4
1161,61.48780366869514,16.0,4
1162,62.35382907247958,16.5,3
1163,63.21985447626402,16.0,4
1164,64.08587988004845,16.5,2
1165,64.9519052838329,16.0,5
1166,65.81793068761733,16.5,3
1167,66.68395609140177,16.0,6
1168,67.54998149518622,16.5,5
1169,68.41600689897065,16.0,3
1170,69.28203230275508,16.5,2
1171,70.14805770653953,16.0,4
1172,71.01408311032397,16.5,3
1173,71.8801085141084,16.0,6
1174,72.74613391789285,16.5,2
1175,73.61215932167728,16.0,4
1176,74.47818472546172,16.5,3
1177,75.34421012924616,16.0,7
1178,76.2102355330306,16.5,2
1179,77.07626093681503,16.0,5
1180,77.94228634059948,16.5,4
1181,78.80831174438391,16.0,6
1182,79.67433714816835,16.5,3
1183,80.5403625519528,16.0,4
1184,81.40638795573723,16.5,4
1185,82.27241335952166,16.0,6
1186,83.13843876330611,16.5,6
1187,84.00446416709055,16.0,5
1188,84.87048957087498,16.5,3
1189,85.73651497465941,16.0,7
1190,86.60254037844386,16.5,6
1191,87.4685657822283,16.0,8
1192,88.33459118601273,16.5,4
1193,89.20061658979718,16.0,5
1194,90.06664199358161,16.5,5
1195,90.93266739736605,16.0,3
1196,91.7986928011505,16.5,4
1197,92.66471820493493,16.0,5
1198,93.53074360871936,16.5,4
1199,94.39676901250381,16.0,5
1200,95.26279441628824,16.5,3
1201,10.392304845413264,17.5,4
1202,11.258330249197702,18.0,4
1203,12.12435565298214,17.5,5
1204,12.990381056766578,18.0,4
1205,13.856406460551018,17.5,4
1206,14.722431864335457,18.0,6
1207,15.588457268119894,17.5,7
1208,16.454482671904334,18.0,6
1209,17.32050807568877,17.5,4
1210,18.186533479473212,18.0,5
1211,19.05255888325765,17.5,4
1212,19.918584287042087,18.0,5
1213,20.784609690826528,17.5,4
1214,21.650635094610966,18.0,1
1215,22.516660498395403,17.5,3
1216,23.38268590217984,18.0,3
1217,24.24871130596428,17.5,1
1218,25.11473670974872,18.0,2
1219,25.980762113533157,17.5,7
1220,26.846787517317598,18.0,5
1221,27.712812921102035,17.5,5
1222,28.578838324886473,18.0,6
1223,29.444863728670914,17.5,4
1224,30.31088913245535,18.0,6
1225,31.17691453623979,17.5,5
1226,32.042939940024226,18.0,3
1227,32.90896534380867,17.5,4
1228,33.77499074759311,18.0,3
1229,34.64101615137754,17.5,5
1230,35.50704155516198,18.0,5
1231,36.373066958946424,17.5,2
1232,37.23909236273086,18.0,3
1233,38.1051177665153,17.5,4
1234,38.97114317029974,18.0,6
1235,39.837168574084174,17.5,6
1236,40.703193977868615,18.0,5
1237,41.569219381653056,17.5,3
1238,42.43524478543749,18.0,2
1239,43.30127018922193,17.5,6
1240,44.167295593006365,18.0,4
1241,45.033320996790806,17.5,6
1242,45.89934640057525,18.0,3
1243,46.76537180435968,17.5,2
1244,47.63139720814412,18.0,6
1245,48.49742261192856,17.5,2
1246,49.363448015713,18.0,4
1247,50.22947341949744,17.5,5
1248,51.09549882328188,18.0,5
1249,51.96152422706631,17.5,3
1250,52.827549630850754,18.0,2
1251,53.693575034635195,17.5,4
1252,54.55960043841963,18.0,4
1253,55.42562584220407,17.5,6
1254,56.29165124598851,18.0,7
1255,57.157676649772945,17.5,5
1256,58.023702053557386,18.0,5
1257,58.88972745734183,17.5,2
1258,59.75575286112626,18.0,5
1259,60.6217782649107,17.5,4
1260,61.48780366869514,18.0,4
1261,62.35382907247958,17.5,3
1262,63.21985447626402,18.0,4
1263,64.08587988004845,17.5,5
1264,64.9519052838329,18.0,4
1265,65.81793068761733,17.5,7
1266,66.68395609140177,18.0,6
1267,67.54998149518622,17.5,5
1268,68.41600689897065,18.0,3
1269,69.28203230275508,17.5,7
1270,70.14805770653953,18.0,7
1271,71.01408311032397,17.5,2
1272,71.8801085141084,18.0,8
1273,72.74613391789285,17.5,4
1274,73.61215932167728,18.0,4
1275,74.47818472546172,17.5,4
1276,75.34421012924616,18.0,6
1277,76.2102355330306,17.5,3
1278,77.07626093681503,18.0,5
1279,77.94228634059948,17.5,3
1280,78.80831174438391,18.0,3
1281,79.67433714816835,17.5,5
1282,80.5403625519528,18.0,3
1283,81.40638795573723,17.5,5
1284,82.27241335952166,18.0,8
1285,83.13843876330611,17.5,6
1286,84.00446416709055,18.0,3
1287,84.87048957087498,17.5,4
1288,85.73651497465941,18.0,4
1289,86.60254037844386,17.5,5
1290,87.4685657822283,18.0,3
1291,88.33459118601273,17.5,3
1292,89.20061658979718,18.0,3
1293,90.06664199358161,17.5,5
1294,90.93266739736605,18.0,1
1295,91.7986928011505,17.5,5
1296,92.66471820493493,18.0,3
1297,93.53074360871936,17.5,4
1298,94.39676901250381,18.0,4
1299,95.26279441628824,17.5,3
1300,96.12881982007268,18.0,3
1301,11.258330249197702,19.0,3
1302,12.12435565298214,19.5,5
1303,12.990381056766578,19.0,6
1304,13.856406460551018,19.5,4
1305,14.722431864335457,19.0,3
1306,15.588457268119894,19.5,4
1307,16.454482671904334,19.0,7
1308,17.32050807568877,19.5,5
1309,18.186533479473212,19.0,6
1310,19.05255888325765,19.5,4
1311,19.918584287042087,19.0,5
1312,20.784609690826528,19.5,2
1313,21.650635094610966,19.0,5
1314,22.516660498395403,19.5,4
1315,23.38268590217984,19.0,6
1316,24.24871130596428,19.5,6
1317,25.11473670974872,19.0,5
1318,25.980762113533157,19.5,6
1319,26.846787517317598,19.0,3
1320,27.712812921102035,19.5,4
1321,28.578838324886473,19.0,5
1322,29.444863728670914,19.5,6
1323,30.31088913245535,19.0,5
1324,31.17691453623979,19.5,7
1325,32.042939940024226,19.0,2
1326,32.90896534380867,19.5,2
1327,33.77499074759311,19.0,3
1328,34.64101615137754,19.5,3
1329,35.50704155516198,19.0,5
1330,36.373066958946424,19.5,4
1331,37.23909236273086,19.0,3
1332,38.1051177665153,19.5,2
1333,38.97114317029974,19.0,5
1334,39.837168574084174,19.5,4
1335,40.703193977868615,19.0,5
1336,41.569219381653056,19.5,1
1337,42.43524478543749,19.0,3
1338,43.30127018922193,19.5,2
1339,44.167295593006365,19.0,6
1340,45.033320996790806,19.5,2
1341,45.89934640057525,19.0,4
1342,46.76537180435968,19.5,2
1343,47.63139720814412,19.0,4
1344,48.49742261192856,19.5,4
1345,49.363448015713,19.0,6
1346,50.22947341949744,19.5,2
1347,51.09549882328188,19.0,2
1348,51.96152422706631,19.5,5
1349,52.827549630850754,19.0,4
1350,53.693575034635195,19.5,3
1351,54.55960043841963,19.0,3
1352,55.42562584220407,19.5,4
1353,56.29165124598851,19.0,2
1354,57.157676649772945,19.5,4
1355,58.023702053557386,19.0,3
1356,58.88972745734183,19.5,7
1357,59.75575286112626,19.0,4
1358,60.6217782649107,19.5,4
1359,61.48780366869514,19.0,6
1360,62.35382907247958,19.5,4
1361,63.21985447626402,19.0,3
1362,64.08587988004845,19.5,6
1363,64.9519052838329,19.0,7
1364,65.81793068761733,19.5,7
1365,66.68395609140177,19.0,5
1366,67.54998149518622,19.5,3
1367,68.41600689897065,19.0,6
1368,69.28203230275508,19.5,5
1369,70.14805770653953,19.0,7
1370,71.01408311032397,19.5,5
1371,71.8801085141084,19.0,3
1372,72.74613391789285,19.5,6
1373,73.61215932167728,19.0,2
1374,74.47818472546172,19.5,6
1375,75.34421012924616,19.0,2
1376,76.2102355330306,19.5,5
1377,77.07626093681503,19.0,2
1378,77.94228634059948,19.5,3
1379,78.80831174438391,19.0,6
1380,79.67433714816835,19.5,3
1381,80.5403625519528,19.0,4
1382,81.40638795573723,19.5,6
1383,82.27241335952166,19.0,5
1384,83.13843876330611,19.5,7
1385,84.00446416709055,19.0,3
1386,84.87048957087498,19.5,7
1387,85.73651497465941,19.0,4
1388,86.60254037844386,19.5,7
1389,87.4685657822283,19.0,4
1390,88.33459118601273,19.5,5
1391,89.20061658979718,19.0,7
1392,90.06664199358161,19.5,4
1393,90.93266739736605,19.0,3
1394,91.7986928011505,19.5,2
1395,92.66471820493493,19.0,4
1396,93.53074360871936,19.5,2
1397,94.39676901250381,19.0,5
1398,95.26279441628824,19.5,3
1399,96.12881982007268,19.0,2
1400,96.99484522385713,19.5,1
1401,12.12435565298214,20.5,2
1402,12.990381056766578,21.0,3
1403,13.856406460551018,20.5,3
1404,14.722431864335457,21.0,5
1405,15.588457268119894,20.5,6
1406,16.454482671904334,21.0,3
1407,17.32050807568877,20.5,3
1408,18.186533479473212,21.0,4
1409,19.05255888325765,20.5,5
1410,19.918584287042087,21.0,3
1411,20.784609690826528,20.5,5
1412,21.650635094610966,21.0,5
1413,22.516660498395403,20.5,6
1414,23.38268590217984,21.0,5
1415,24.24871130596428,20.5,6
1416,25.11473670974872,21.0,3
1417,25.980762113533157,20.5,3
1418,26.846787517317598,21.0,4
1419,27.712812921102035,20.5,3
1420,28.578838324886473,21.0,5
1421,29.444863728670914,20.5,7
1422,30.31088913245535,21.0,3
1423,31.17691453623979,20.5,4
1424,32.042939940024226,21.0,4
1425,32.90896534380867,20.5,2
1426,33.77499074759311,21.0,2
1427,34.64101615137754,20.5,2
1428,35.50704155516198,21.0,1
1429,36.373066958946424,20.5,8
1430,37.23909236273086,21.0,4
1431,38.1051177665153,20.5,4
1432,38.97114317029974,21.0,4
1433,39.837168574084174,20.5,4
1434,40.703193977868615,21.0,7
1435,41.569219381653056,20.5,3
1436,42.43524478543749,21.0,6
1437,43.30127018922193,20.5,6
1438,44.167295593006365,21.0,4
1439,45.033320996790806,20.5,4
1440,45.89934640057525,21.0,2
1441,46.76537180435968,20.5,6
1442,47.63139720814412,21.0,3
1443,48.49742261192856,20.5,5
1444,49.363448015713,21.0,4
1445,50.22947341949744,20.5,2
1446,51.09549882328188,21.0,6
1447,51.96152422706631,20.5,4
1448,52.827549630850754,21.0,6
1449,53.693575034635195,20.5,5
1450,54.55960043841963,21.0,7
1451,55.42562584220407,20.5,7
1452,56.29165124598851,21.0,6
1453,57.157676649772945,20.5,4
1454,58.023702053557386,21.0,4
1455,58.88972745734183,20.5,4
1456,59.75575286112626,21.0,6
1457,60.6217782649107,20.5,2
1458,61.48780366869514,21.0,3
1459,62.35382907247958,20.5,3
1460,63.21985447626402,21.0,5
1461,64.08587988004845,20.5,6
1462,64.9519052838329,21.0,4
1463,65.81793068761733,20.5,3
1464,66.68395609140177,21.0,4
1465,67.54998149518622,20.5,2
1466,68.41600689897065,21.0,4
1467,69.28203230275508,20.5,6
1468,70.14805770653953,21.0,4
1469,71.01408311032397,20.5,7
1470,71.8801085141084,21.0,5
1471,72.74613391789285,20.5,8
1472,73.61215932167728,21.0,7
1473,74.47818472546172,20.5,5
1474,75.34421012924616,21.0,5
1475,76.2102355330306,20.5,7
1476,77.07626093681503,21.0,3
1477,77.94228634059948,20.5,3
1478,78.80831174438391,21.0,6
1479,79.67433714816835,20.5,4
1480,80.5403625519528,21.0,6
1481,81.40638795573723,20.5,5
1482,82.27241335952166,21.0,5
1483,83.13843876330611,20.5,7
1484,84.00446416709055,21.0,3
1485,84.87048957087498,20.5,5
1486,85.73651497465941,21.0,4
1487,86.60254037844386,20.5,3
1488,87.4685657822283,21.0,3
1489,88.33459118601273,20.5,3
1490,89.20061658979718,21.0,3
1491,90.06664199358161,20.5,5
1492,90.93266739736605,21.0,3
1493,91.7986928011505,20.5,3
1494,92.66471820493493,21.0,5
1495,93.53074360871936,20.5,3
1496,94.39676901250381,21.0,4
1497,95.26279441628824,20.5,3
1498,96.12881982007268,21.0,4
1499,96.99484522385713,20.5,6
1500,97.86087062764156,21.0,2
1501,12.990381056766578,22.0,1
1502,13.856406460551018,22.5,2
1503,14.722431864335457,22.0,6
1504,15.588457268119894,22.5,2
1505,16.454482671904334,22.0,3
1506,17.32050807568877,22.5,4
1507,18.186533479473212,22.0,5
1508,19.05255888325765,22.5,5
1509,19.918584287042087,22.0,6
1510,20.784609690826528,22.5,5
1511,21.650635094610966,22.0,6
1512,22.516660498395403,22.5,4
1513,23.38268590217984,22.0,7
1514,24.24871130596428,22.5,5
1515,25.11473670974872,22.0,6
1516,25.980762113533157,22.5,2
1517,26.846787517317598,22.0,4
1518,27.712812921102035,22.5,4
1519,28.578838324886473,22.0,4
1520,29.444863728670914,22.5,0
1521,30.31088913245535,22.0,5
1522,31.17691453623979,22.5,4
1523,32.042939940024226,22.0,4
1524,32.90896534380867,22.5,5
1525,33.77499074759311,22.0,5
1526,34.64101615137754,22.5,4
1527,35.50704155516198,22.0,5
1528,36.373066958946424,22.5,7
1529,37.23909236273086,22.0,5
1530,38.1051177665153,22.5,6
1531,38.97114317029974,22.0,3
1532,39.837168574084174,22.5,4
1533,40.703193977868615,22.0,5
1534,41.569219381653056,22.5,6
1535,42.43524478543749,22.0,6
1536,43.30127018922193,22.5,5
1537,44.167295593006365,22.0,2
1538,45.033320996790806,22.5,6
1539,45.89934640057525,22.0,3
1540,46.76537180435968,22.5,6
1541,47.63139720814412,22.0,3
1542,48.49742261192856,22.5,2
1543,49.363448015713,22.0,5
1544,50.22947341949744,22.5,4
1545,51.09549882328188,22.0,4
1546,51.96152422706631,22.5,6
1547,52.827549630850754,22.0,6
1548,53.693575034635195,22.5,5
1549,54.55960043841963,22.0,5
1550,55.42562584220407,22.5,4
1551,56.29165124598851,22.0,4
1552,57.157676649772945,22.5,7
1553,58.023702053557386,22.0,5
1554,58.88972745734183,22.5,8
1555,59.75575286112626,22.0,2
1556,60.6217782649107,22.5,5
1557,61.48780366869514,22.0,4
1558,62.35382907247958,22.5,6
1559,63.21985447626402,22.0,5
1560,64.08587988004845,22.5,4
1561,64.9519052838329,22.0,4
1562,65.81793068761733,22.5,4
1563,66.68395609140177,22.0,5
1564,67.54998149518622,22.5,5
1565,68.41600689897065,22.0,6
1566,69.28203230275508,22.5,5
1567,70.14805770653953,22.0,3
1568,71.01408311032397,22.5,4
1569,71.8801085141084,22.0,5
1570,72.74613391789285,22.5,3
1571,73.61215932167728,22.0,8
1572,74.47818472546172,22.5,4
1573,75.34421012924616,22.0,4
1574,76.2102355330306,22.5,3
1575,77.07626093681503,22.0,6
1576,77.94228634059948,22.5,6
1577,78.80831174438391,22.0,4
1578,79.67433714816835,22.5,6
1579,80.5403625519528,22.0,6
1580,81.40638795573723,22.5,6
1581,82.27241335952166,22.0,6
1582,83.13843876330611,22.5,4
1583,84.00446416709055,22.0,4
1584,84.87048957087498,22.5,4
1585,85.73651497465941,22.0,2
1586,86.60254037844386,22.5,3
1587,87.4685657822283,22.0,4
1588,88.33459118601273,22.5,4
1589,89.20061658979718,22.0,4
1590,90.06664199358161,22.5,5
1591,90.93266739736605,22.0,4
1592,91.7986928011505,22.5,7
1593,92.66471820493493,22.0,5
1594,93.53074360871936,22.5,7
1595,94.39676901250381,22.0,4
1596,95.26279441628824,22.5,3
1597,96.12881982007268,22.0,7
1598,96.99484522385713,22.5,5
1599,97.86087062764156,22.0,5
1600,98.726896031426,22.5,3
1601,13.856406460551018,23.5,3
1602,14.722431864335457,24.0,5
1603,15.588457268119894,23.5,5
1604,16.454482671904334,24.0,3
1605,17.32050807568877,23.5,3
1606,18.186533479473212,24.0,6
1607,19.05255888325765,23.5,4
1608,19.918584287042087,24.0,5
1609,20.784609690826528,23.5,5
1610,21.650635094610966,24.0,4
1611,22.516660498395403,23.5,4
1612,23.38268590217984,24.0,4
1613,24.24871130596428,23.5,6
1614,25.11473670974872,24.0,6
1615,25.980762113533157,23.5,7
1616,26.846787517317598,24.0,5
1617,27.712812921102035,23.5,4
1618,28.578838324886473,24.0,5
1619,29.444863728670914,23.5,3
1620,30.31088913245535,24.0,4
1621,31.17691453623979,23.5,6
1622,32.042939940024226,24.0,4
1623,32.90896534380867,23.5,7
1624,33.77499074759311,24.0,7
1625,34.64101615137754,23.5,3
1626,35.50704155516198,24.0,5
1627,36.373066958946424,23.5,7
1628,37.23909236273086,24.0,4
1629,38.1051177665153,23.5,7
1630,38.97114317029974,24.0,4
1631,39.837168574084174,23.5,4
1632,40.703193977868615,24.0,1
1633,41.569219381653056,23.5,6
1634,42.43524478543749,24.0,5
1635,43.30127018922193,23.5,5
1636,44.167295593006365,24.0,5
1637,45.033320996790806,23.5,3
1638,45.89934640057525,24.0,5
1639,46.76537180435968,23.5,3
1640,47.63139720814412,24.0,4
1641,48.49742261192856,23.5,5
1642,49.363448015713,24.0,4
1643,50.22947341949744,23.5,7
1644,51.09549882328188,24.0,5
1645,51.96152422706631,23.5,5
1646,52.827549630850754,24.0,3
1647,53.693575034635195,23.5,6
1648,54.55960043841963,24.0,6
1649,55.42562584220407,23.5,5
1650,56.29165124598851,24.0,5
1651,57.157676649772945,23.5,4
1652,58.023702053557386,24.0,6
1653,58.88972745734183,23.5,2
1654,59.75575286112626,24.0,3
1655,60.6217782649107,23.5,2
1656,61.48780366869514,24.0,4
1657,62.35382907247958,23.5,6
1658,63.21985447626402,24.0,4
1659,64.08587988004845,23.5,6
1660,64.9519052838329,24.0,2
1661,65.81793068761733,23.5,4
1662,66.68395609140177,24.0,5
1663,67.54998149518622,23.5,4
1664,68.41600689897065,24.0,7
1665,69.28203230275508,23.5,5
1666,70.14805770653953,24.0,6
1667,71.01408311032397,23.5,3
1668,71.8801085141084,24.0,3
1669,72.74613391789285,23.5,6
1670,73.61215932167728,24.0,6
1671,74.47818472546172,23.5,6
1672,75.34421012924616,24.0,5
1673,76.2102355330306,23.5,4
1674,77.07626093681503,24.0,5
1675,77.94228634059948,23.5,5
1676,78.80831174438391,24.0,4
1677,79.67433714816835,23.5,4
1678,80.5403625519528,24.0,7
1679,81.40638795573723,23.5,4
1680,82.27241335952166,24.0,5
1681,83.13843876330611,23.5,4
1682,84.00446416709055,24.0,2
1683,84.87048957087498,23.5,2
1684,85.73651497465941,24.0,4
1685,86.60254037844386,23.5,4
1686,87.4685657822283,24.0,5
1687,88.33459118601273,23.5,4
1688,89.20061658979718,24.0,4
1689,90.06664199358161,23.5,4
1690,90.93266739736605,24.0,4
1691,91.7986928011505,23.5,5
1692,92.66471820493493,24.0,5
1693,93.53074360871936,23.5,5
1694,94.39676901250381,24.0,7
1695,95.26279441628824,23.5,3
1696,96.12881982007268,24.0,3
1697,96.99484522385713,23.5,4
1698,97.86087062764156,24.0,4
1699,98.726896031426,23.5,4
1700,99.59292143521044,24.0,2
1701,14.722431864335457,25.0,3
1702,15.588457268119894,25.5,4
1703,16.454482671904334,25.0,5
1704,17.32050807568877,25.5,3
1705,18.186533479473212,25.0,3
1706,19.05255888325765,25.5,5
1707,19.918584287042087,25.0,3
1708,20.784609690826528,25.5,5
1709,21.650635094610966,25.0,3
1710,22.516660498395403,25.5,3
1711,23.38268590217984,25.0,2
1712,24.24871130596428,25.5,4
1713,25.11473670974872,25.0,5
1714,25.980762113533157,25.5,4
1715,26.846787517317598,25.0,1
1716,27.712812921102035,25.5,3
1717,28.578838324886473,25.0,4
1718,29.444863728670914,25.5,2
1719,30.31088913245535,25.0,7
1720,31.17691453623979,25.5,5
1721,32.042939940024226,25.0,7
1722,32.90896534380867,25.5,4
1723,33.77499074759311,25.0,5
1724,34.64101615137754,25.5,6
1725,35.50704155516198,25.0,5
1726,36.373066958946424,25.5,5
1727,37.23909236273086,25.0,3
1728,38.1051177665153,25.5,4
1729,38.97114317029974,25.0,3
1730,39.837168574084174,25.5,3
1731,40.703193977868615,25.0,4
1732,41.569219381653056,25.5,6
1733,42.43524478543749,25.0,4
1734,43.30127018922193,25.5,5
1735,44.167295593006365,25.0,3
1736,45.033320996790806,25.5,7
1737,45.89934640057525,25.0,3
1738,46.76537180435968,25.5,5
1739,47.63139720814412,25.0,4
1740,48.49742261192856,25.5,4
1741,49.363448015713,25.0,3
1742,50.22947341949744,25.5,5
1743,51.09549882328188,25.0,3
1744,51.96152422706631,25.5,4
1745,52.827549630850754,25.0,5
1746,53.693575034635195,25.5,5
1747,54.55960043841963,25.0,6
1748,55.42562584220407,25.5,6
1749,56.29165124598851,25.0,5
1750,57.157676649772945,25.5,3
1751,58.023702053557386,25.0,2
1752,58.88972745734183,25.5,3
1753,59.75575286112626,25.0,3
1754,60.6217782649107,25.5,4
1755,61.48780366869514,25.0,5
1756,62.35382907247958,25.5,6
1757,63.21985447626402,25.0,1
1758,64.08587988004845,25.5,3
1759,64.9519052838329,25.0,2
1760,65.81793068761733,25.5,6
1761,66.68395609140177,25.0,6
1762,67.54998149518622,25.5,8
1763,68.41600689897065,25.0,4
1764,69.28203230275508,25.5,5
1765,70.14805770653953,25.0,4
1766,71.01408311032397,25.5,2
1767,71.8801085141084,25.0,5
1768,72.74613391789285,25.5,4
1769,73.61215932167728,25.0,2
1770,74.47818472546172,25.5,5
1771,75.34421012924616,25.0,5
1772,76.2102355330306,25.5,4
1773,77.07626093681503,25.0,4
1774,77.94228634059948,25.5,6
1775,78.80831174438391,25.0,7
1776,79.67433714816835,25.5,6
1777,80.5403625519528,25.0,4
1778,81.40638795573723,25.5,4
1779,82.27241335952166,25.0,5
1780,83.13843876330611,25.5,4
1781,84.00446416709055,25.0,3
1782,84.87048957087498,25.5,3
1783,85.73651497465941,25.0,4
1784,86.60254037844386,25.5,6
1785,87.4685657822283,25.0,4
1786,88.33459118601273,25.5,4
1787,89.20061658979718,25.0,4
1788,90.06664199358161,25.5,6
1789,90.93266739736605,25.0,5
1790,91.7986928011505,25.5,5
1791,92.66471820493493,25.0,3
1792,93.53074360871936,25.5,6
1793,94.39676901250381,25.0,5
1794,95.26279441628824,25.5,4
1795,96.12881982007268,25.0,7
1796,96.99484522385713,25.5,5
1797,97.86087062764156,25.0,6
1798,98.726896031426,25.5,6
1799,99.59292143521044,25.0,4
1800,100.45894683899488,25.5,3
1801,15.588457268119894,26.5,3
1802,16.454482671904334,27.0,5
1803,17.32050807568877,26.5,5
1804,18.186533479473212,27.0,4
1805,19.05255888325765,26.5,4
1806,19.918584287042087,27.0,5
1807,20.784609690826528,26.5,6
1808,21.650635094610966,27.0,6
1809,22.516660498395403,26.5,4
1810,23.38268590217984,27.0,2
1811,24.24871130596428,26.5,4
1812,25.11473670974872,27.0,4
1813,25.980762113533157,26.5,5
1814,26.846787517317598,27.0,6
1815,27.712812921102035,26.5,5
1816,28.578838324886473,27.0,4
1817,29.444863728670914,26.5,4
1818,30.31088913245535,27.0,6
1819,31.17691453623979,26.5,7
1820,32.042939940024226,27.0,5
1821,32.90896534380867,26.5,7
1822,33.77499074759311,27.0,8
1823,34.64101615137754,26.5,4
1824,35.50704155516198,27.0,8
1825,36.373066958946424,26.5,4
1826,37.23909236273086,27.0,6
1827,38.1051177665153,26.5,6
1828,38.97114317029974,27.0,6
1829,39.837168574084174,26.5,4
1830,40.703193977868615,27.0,5
1831,41.569219381653056,26.5,4
1832,42.43524478543749,27.0,5
1833,43.30127018922193,26.5,6
1834,44.167295593006365,27.0,4
1835,45.033320996790806,26.5,4
1836,45.89934640057525,27.0,6
1837,46.76537180435968,26.5,4
1838,47.63139720814412,27.0,5
1839,48.49742261192856,26.5,3
1840,49.363448015713,27.0,4
1841,50.22947341949744,26.5,5
1842,51.09549882328188,27.0,7
1843,51.96152422706631,26.5,5
1844,52.827549630850754,27.0,3
1845,53.693575034635195,26.5,5
1846,54.55960043841963,27.0,2
1847,55.42562584220407,26.5,4
1848,56.29165124598851,27.0,6
1849,57.157676649772945,26.5,4
1850,58.023702053557386,27.0,6
1851,58.88972745734183,26.5,7
1852,59.75575286112626,27.0,7
1853,60.6217782649107,26.5,8
1854,61.48780366869514,27.0,3
1855,62.35382907247958,26.5,5
1856,63.21985447626402,27.0,4
1857,64.08587988004845,26.5,2
1858,64.9519052838329,27.0,6
1859,65.81793068761733,26.5,4
1860,66.68395609140177,27.0,6
1861,67.54998149518622,26.5,4
1862,68.41600689897065,27.0,5
1863,69.28203230275508,26.5,5
1864,70.14805770653953,27.0,3
1865,71.01408311032397,26.5,5
1866,71.8801085141084,27.0,6
1867,72.74613391789285,26.5,9
1868,73.61215932167728,27.0,4
1869,74.47818472546172,26.5,5
1870,75.34421012924616,27.0,3
1871,76.2102355330306,26.5,3
1872,77.07626093681503,27.0,4
1873,77.94228634059948,26.5,5
1874,78.80831174438391,27.0,4
1875,79.67433714816835,26.5,6
1876,80.5403625519528,27.0,6
1877,81.40638795573723,26.5,3
1878,82.27241335952166,27.0,3
1879,83.13843876330611,26.5,2
1880,84.00446416709055,27.0,3
1881,84.87048957087498,26.5,4
1882,85.73651497465941,27.0,6
1883,86.60254037844386,26.5,6
1884,87.4685657822283,27.0,6
1885,88.33459118601273,26.5,6
1886,89.20061658979718,27.0,4
1887,90.06664199358161,26.5,3
1888,90.93266739736605,27.0,5
1889,91.7986928011505,26.5,3
1890,92.66471820493493,27.0,5
1891,93.53074360871936,26.5,6
1892,94.39676901250381,27.0,4
1893,95.26279441628824,26.5,4
1894,96.12881982007268,27.0,4
1895,96.99484522385713,26.5,4
1896,97.86087062764156,27.0,2
1897,98.726896031426,26.5,3
1898,99.59292143521044,27.0,3
1899,100.45894683899488,26.5,3
1900,101.32497224277931,27.0,4
1901,16.454482671904334,28.0,4
1902,17.32050807568877,28.5,4
1903,18.186533479473212,28.0,6
1904,19.05255888325765,28.5,2
1905,19.918584287042087,28.0,4
1906,20.784609690826528,28.5,7
1907,21.650635094610966,28.0,4
1908,22.516660498395403,28.5,5
1909,23.38268590217984,28.0,5
1910,24.24871130596428,28.5,2
1911,25.11473670974872,28.0,3
1912,25.980762113533157,28.5,3
1913,26.846787517317598,28.0,4
1914,27.712812921102035,28.5,4
1915,28.578838324886473,28.0,4
1916,29.444863728670914,28.5,3
1917,30.31088913245535,28.0,5
1918,31.17691453623979,28.5,4
1919,32.042939940024226,28.0,7
1920,32.90896534380867,28.5,4
1921,33.77499074759311,28.0,4
1922,34.64101615137754,28.5,5
1923,35.50704155516198,28.0,5
1924,36.373066958946424,28.5,4
1925,37.23909236273086,28.0,5
1926,38.1051177665153,28.5,7
1927,38.97114317029974,28.0,3
1928,39.837168574084174,28.5,5
1929,40.703193977868615,28.0,6
1930,41.569219381653056,28.5,4
1931,42.43524478543749,28.0,4
1932,43.30127018922193,28.5,3
1933,44.167295593006365,28.0,7
1934,45.033320996790806,28.5,4
1935,45.89934640057525,28.0,4
1936,46.76537180435968,28.5,3
1937,47.63139720814412,28.0,3
1938,48.49742261192856,28.5,3
1939,49.363448015713,28.0,4
1940,50.22947341949744,28.5,3
1941,51.09549882328188,28.0,6
1942,51.96152422706631,28.5,5
1943,52.827549630850754,28.0,8
1944,53.693575034635195,28.5,3
1945,54.55960043841963,28.0,2
1946,55.42562584220407,28.5,3
1947,56.29165124598851,28.0,4
1948,57.157676649772945,28.5,3
1949,58.023702053557386,28.0,5
1950,58.88972745734183,28.5,4
1951,59.75575286112626,28.0,6
1952,60.6217782649107,28.5,4
1953,61.48780366869514,28.0,6
1954,62.35382907247958,28.5,5
1955,63.21985447626402,28.0,4
1956,64.08587988004845,28.5,4
1957,64.9519052838329,28.0,5
1958,65.81793068761733,28.5,4
1959,66.68395609140177,28.0,6
1960,67.54998149518622,28.5,1
1961,68.41600689897065,28.0,7
1962,69.28203230275508,28.5,2
1963,70.14805770653953,28.0,4
1964,71.01408311032397,28.5,3
1965,71.8801085141084,28.0,7
1966,72.74613391789285,28.5,3
1967,73.61215932167728,28.0,5
1968,74.47818472546172,28.5,4
1969,75.34421012924616,28.0,3
1970,76.2102355330306,28.5,4
1971,77.07626093681503,28.0,5
1972,77.94228634059948,28.5,4
1973,78.80831174438391,28.0,4
1974,79.67433714816835,28.5,3
1975,80.5403625519528,28.0,0
1976,81.40638795573723,28.5,5
1977,82.27241335952166,28.0,3
1978,83.13843876330611,28.5,4
1979,84.00446416709055,28.0,3
1980,84.87048957087498,28.5,3
1981,85.73651497465941,28.0,3
1982,86.60254037844386,28.5,5
1983,87.4685657822283,28.0,4
1984,88.33459118601273,28.5,3
1985,89.20061658979718,28.0,6
1986,90.06664199358161,28.5,5
1987,90.93266739736605,28.0,6
1988,91.7986928011505,28.5,2
1989,92.66471820493493,28.0,4
1990,93.53074360871936,28.5,4
1991,94.39676901250381,28.0,6
1992,95.26279441628824,28.5,5
1993,96.12881982007268,28.0,5
1994,96.99484522385713,28.5,2
1995,97.86087062764156,28.0,3
1996,98.726896031426,28.5,3
1997,99.59292143521044,28.0,3
1998,100.45894683899488,28.5,3
1999,101.32497224277931,28.0,5
2000,102.19099764656376,28.5,3
