1,0.0,-0.5,3
2,0.8660254037844386,0.0,4
3,1.7320508075688772,-0.5,1
4,2.598076211353316,0.0,3
5,3.4641016151377544,-0.5,2
6,4.330127018922193,0.0,3
7,5.196152422706632,-0.5,2
8,6.06217782649107,0.0,5
9,6.928203230275509,-0.5,1
10,7.794228634059947,0.0,3
11,8.660254037844386,-0.5,4
12,9.526279441628825,0.0,4
13,10.392304845413264,-0.5,3
14,11.258330249197702,0.0,3
15,12.12435565298214,-0.5,4
16,12.990381056766578,0.0,3
17,13.856406460551018,-0.5,4
18,14.722431864335457,0.0,2
19,15.588457268119894,-0.5,2
20,16.454482671904334,0.0,4
21,17.32050807568877,-0.5,2
22,18.186533479473212,0.0,4
23,19.05255888325765,-0.5,2
24,19.918584287042087,0.0,3
25,20.784609690826528,-0.5,3
26,21.650635094610966,0.0,3
27,22.516660498395403,-0.5,3
28,23.38268590217984,0.0,4
29,24.24871130596428,-0.5,1
30,25.11473670974872,0.0,4
31,25.980762113533157,-0.5,2
32,26.846787517317598,0.0,4
33,27.712812921102035,-0.5,3
34,28.578838324886473,0.0,4
35,29.444863728670914,-0.5,3
36,30.31088913245535,0.0,3
37,31.17691453623979,-0.5,2
38,32.042939940024226,0.0,3
39,32.90896534380867,-0.5,5
40,33.77499074759311,0.0,3
41,34.64101615137754,-0.5,3
42,35.50704155516198,0.0,4
43,36.373066958946424,-0.5,3
44,37.23909236273086,0.0,3
45,38.1051177665153,-0.5,4
46,38.97114317029974,0.0,6
47,39.837168574084174,-0.5,4
48,40.703193977868615,0.0,5
49,41.569219381653056,-0.5,3
50,42.43524478543749,0.0,3
51,43.30127018922193,-0.5,4
52,44.167295593006365,0.0,5
53,45.033320996790806,-0.5,3
54,45.89934640057525,0.0,3
55,46.76537180435968,-0.5,4
56,47.63139720814412,0.0,1
57,48.49742261192856,-0.5,2
58,49.363448015713,0.0,3
59,50.22947341949744,-0.5,4
60,51.09549882328188,0.0,2
61,51.96152422706631,-0.5,3
62,52.827549630850754,0.0,5
63,53.693575034635195,-0.5,2
64,54.55960043841963,0.0,5
65,55.42562584220407,-0.5,2
66,56.29165124598851,0.0,2
67,57.157676649772945,-0.5,2
68,58.023702053557386,0.0,3
69,58.88972745734183,-0.5,2
70,59.75575286112626,0.0,5
71,60.6217782649107,-0.5,3
72,61.48780366869514,0.0,4
73,62.35382907247958,-0.5,3
74,63.21985447626402,0.0,2
75,64.08587988004845,-0.5,3
76,64.9519052838329,0.0,3
77,65.81793068761733,-0.5,3
78,66.68395609140177,0.0,3
79,67.54998149518622,-0.5,3
80,68.41600689897065,0.0,2
81,69.28203230275508,-0.5,0
82,70.14805770653953,0.0,3
83,71.01408311032397,-0.5,2
84,71.8801085141084,0.0,4
85,72.74613391789285,-0.5,2
86,73.61215932167728,0.0,3
87,74.47818472546172,-0.5,1
88,75.34421012924616,0.0,3
89,76.2102355330306,-0.5,3
90,77.07626093681503,0.0,3
91,77.94228634059948,-0.5,3
92,78.80831174438391,0.0,2
93,79.67433714816835,-0.5,5
94,80.5403625519528,0.0,4
95,81.40638795573723,-0.5,5
96,82.27241335952166,0.0,4
97,83.13843876330611,-0.5,3
98,84.00446416709055,0.0,4
99,84.87048957087498,-0.5,3
100,85.73651497465941,0.0,3
101,0.8660254037844386,1.0,3
102,1.7320508075688772,1.5,6
103,2.598076211353316,1.0,5
104,3.4641016151377544,1.5,5
105,4.330127018922193,1.0,4
106,5.196152422706632,1.5,3
107,6.06217782649107,1.0,3
108,6.928203230275509,1.5,4
109,7.794228634059947,1.0,4
110,8.660254037844386,1.5,7
111,9.526279441628825,1.0,4
112,10.392304845413264,1.5,3
113,11.258330249197702,1.0,4
114,12.12435565298214,1.5,3
115,12.990381056766578,1.0,6
116,13.856406460551018,1.5,3
117,14.722431864335457,1.0,5
118,15.588457268119894,1.5,3
119,16.454482671904334,1.0,7
120,17.32050807568877,1.5,6
121,18.186533479473212,1.0,3
122,19.05255888325765,1.5,2
123,19.918584287042087,1.0,2
124,20.784609690826528,1.5,4
125,21.650635094610966,1.0,3
126,22.516660498395403,1.5,4
127,23.38268590217984,1.0,5
128,24.24871130596428,1.5,4
129,25.11473670974872,1.0,3
130,25.980762113533157,1.5,7
131,26.846787517317598,1.0,3
132,27.712812921102035,1.5,2
133,28.578838324886473,1.0,3
134,29.444863728670914,1.5,2
135,30.31088913245535,1.0,5
136,31.17691453623979,1.5,3
137,32.042939940024226,1.0,5
138,32.90896534380867,1.5,7
139,33.77499074759311,1.0,4
140,34.64101615137754,1.5,7
141,35.50704155516198,1.0,5
142,36.373066958946424,1.5,4
143,37.23909236273086,1.0,4
144,38.1051177665153,1.5,3
145,38.97114317029974,1.0,5
146,39.837168574084174,1.5,5
147,40.703193977868615,1.0,6
148,41.569219381653056,1.5,2
149,42.43524478543749,1.0,5
150,43.30127018922193,1.5,5
151,44.167295593006365,1.0,6
152,45.033320996790806,1.5,5
153,45.89934640057525,1.0,6
154,46.76537180435968,1.5,4
155,47.63139720814412,1.0,3
156,48.49742261192856,1.5,5
157,49.363448015713,1.0,4
158,50.22947341949744,1.5,2
159,51.09549882328188,1.0,6
160,51.96152422706631,1.5,5
161,52.827549630850754,1.0,4
162,53.693575034635195,1.5,3
163,54.55960043841963,1.0,3
164,55.42562584220407,1.5,5
165,56.29165124598851,1.0,5
166,57.157676649772945,1.5,5
167,58.023702053557386,1.0,4
168,58.88972745734183,1.5,4
169,59.75575286112626,1.0,2
170,60.6217782649107,1.5,4
171,61.48780366869514,1.0,3
172,62.35382907247958,1.5,4
173,63.21985447626402,1.0,2
174,64.08587988004845,1.5,4
175,64.9519052838329,1.0,5
176,65.81793068761733,1.5,3
177,66.68395609140177,1.0,3
178,67.54998149518622,1.5,2
179,68.41600689897065,1.0,4
180,69.28203230275508,1.5,5
181,70.14805770653953,1.0,2
182,71.01408311032397,1.5,4
183,71.8801085141084,1.0,3
184,72.74613391789285,1.5,5
185,73.61215932167728,1.0,3
186,74.47818472546172,1.5,4
187,75.34421012924616,1.0,2
188,76.2102355330306,1.5,3
189,77.07626093681503,1.0,4
190,77.94228634059948,1.5,4
191,78.80831174438391,1.0,5
192,79.67433714816835,1.5,6
193,80.5403625519528,1.0,6
194,81.40638795573723,1.5,6
195,82.27241335952166,1.0,7
196,83.13843876330611,1.5,4
197,84.00446416709055,1.0,5
198,84.87048957087498,1.5,5
199,85.73651497465941,1.0,4
200,86.60254037844386,1.5,2
201,1.7320508075688772,2.5,4
202,2.598076211353316,3.0,4
203,3.4641016151377544,2.5,4
204,4.330127018922193,3.0,3
205,5.196152422706632,2.5,4
206,6.06217782649107,3.0,5
207,6.928203230275509,2.5,5
208,7.794228634059947,3.0,3
209,8.660254037844386,2.5,6
210,9.526279441628825,3.0,5
211,10.392304845413264,2.5,4
212,11.258330249197702,3.0,7
213,12.12435565298214,2.5,6
214,12.990381056766578,3.0,4
215,13.856406460551018,2.5,4
216,14.722431864335457,3.0,4
217,15.588457268119894,2.5,5
218,16.454482671904334,3.0,3
219,17.32050807568877,2.5,7
220,18.186533479473212,3.0,5
221,19.05255888325765,2.5,4
222,19.918584287042087,3.0,3
223,20.784609690826528,2.5,2
224,21.650635094610966,3.0,3
225,22.516660498395403,2.5,5
226,23.38268590217984,3.0,3
227,24.24871130596428,2.5,5
228,25.11473670974872,3.0,4
229,25.980762113533157,2.5,5
230,26.846787517317598,3.0,7
231,27.712812921102035,2.5,2
232,28.578838324886473,3.0,5
233,29.444863728670914,2.5,4
234,30.31088913245535,3.0,4
235,31.17691453623979,2.5,4
236,32.042939940024226,3.0,5
237,32.90896534380867,2.5,4
238,33.77499074759311,3.0,5
239,34.64101615137754,2.5,6
240,35.50704155516198,3.0,5
241,36.373066958946424,2.5,3
242,37.23909236273086,3.0,6
243,38.1051177665153,2.5,4
244,38.97114317029974,3.0,6
245,39.837168574084174,2.5,5
246,40.703193977868615,3.0,5
247,41.569219381653056,2.5,5
248,42.43524478543749,3.0,4
249,43.30127018922193,2.5,6
250,44.167295593006365,3.0,2
251,45.033320996790806,2.5,4
252,45.89934640057525,3.0,4
253,46.76537180435968,2.5,4
254,47.63139720814412,3.0,6
255,48.49742261192856,2.5,6
256,49.363448015713,3.0,4
257,50.22947341949744,2.5,5
258,51.09549882328188,3.0,3
259,51.96152422706631,2.5,5
260,52.827549630850754,3.0,4
261,53.693575034635195,2.5,4
262,54.55960043841963,3.0,6
263,55.42562584220407,2.5,5
264,56.29165124598851,3.0,3
265,57.157676649772945,2.5,6
266,58.023702053557386,3.0,4
267,58.88972745734183,2.5,4
268,59.75575286112626,3.0,4
269,60.6217782649107,2.5,3
270,61.48780366869514,3.0,4
271,62.35382907247958,2.5,4
272,63.21985447626402,3.0,5
273,64.08587988004845,2.5,5
274,64.9519052838329,3.0,4
275,65.81793068761733,2.5,6
276,66.68395609140177,3.0,6
277,67.54998149518622,2.5,4
278,68.41600689897065,3.0,4
279,69.28203230275508,2.5,3
280,70.14805770653953,3.0,5
281,71.01408311032397,2.5,4
282,71.8801085141084,3.0,5
283,72.74613391789285,2.5,4
284,73.61215932167728,3.0,2
285,74.47818472546172,2.5,1
286,75.34421012924616,3.0,2
287,76.2102355330306,2.5,5
288,77.07626093681503,3.0,3
289,77.94228634059948,2.5,4
290,78.80831174438391,3.0,3
291,79.67433714816835,2.5,7
292,80.5403625519528,3.0,4
293,81.40638795573723,2.5,4
294,82.27241335952166,3.0,3
295,83.13843876330611,2.5,5
296,84.00446416709055,3.0,2
297,84.87048957087498,2.5,4
298,85.73651497465941,3.0,2
299,86.60254037844386,2.5,3
300,87.4685657822283,3.0,4
301,2.598076211353316,4.0,6
302,3.4641016151377544,4.5,4
303,4.330127018922193,4.0,4
304,5.196152422706632,4.5,3
305,6.06217782649107,4.0,7
306,6.928203230275509,4.5,2
307,7.794228634059947,4.0,4
308,8.660254037844386,4.5,5
309,9.526279441628825,4.0,4
310,10.392304845413264,4.5,4
311,11.258330249197702,4.0,4
312,12.12435565298214,4.5,7
313,12.990381056766578,4.0,5
314,13.856406460551018,4.5,6
315,14.722431864335457,4.0,7
316,15.588457268119894,4.5,5
317,16.454482671904334,4.0,7
318,17.32050807568877,4.5,2
319,18.186533479473212,4.0,5
320,19.05255888325765,4.5,2
321,19.918584287042087,4.0,3
322,20.784609690826528,4.5,2
323,21.650635094610966,4.0,5
324,22.516660498395403,4.5,4
325,23.38268590217984,4.0,5
326,24.24871130596428,4.5,3
327,25.11473670974872,4.0,6
328,25.980762113533157,4.5,6
329,26.846787517317598,4.0,4
330,27.712812921102035,4.5,2
331,28.578838324886473,4.0,4
332,29.444863728670914,4.5,5
333,30.31088913245535,4.0,6
334,31.17691453623979,4.5,3
335,32.042939940024226,4.0,5
336,32.90896534380867,4.5,4
337,33.77499074759311,4.0,5
338,34.64101615137754,4.5,5
339,35.50704155516198,4.0,4
340,36.373066958946424,4.5,7
341,37.23909236273086,4.0,4
342,38.1051177665153,4.5,4
343,38.97114317029974,4.0,2
344,39.837168574084174,4.5,2
345,40.703193977868615,4.0,3
346,41.569219381653056,4.5,4
347,42.43524478543749,4.0,5
348,43.30127018922193,4.5,7
349,44.167295593006365,4.0,5
350,45.033320996790806,4.5,7
351,45.89934640057525,4.0,5
352,46.76537180435968,4.5,4
353,47.63139720814412,4.0,6
354,48.49742261192856,4.5,3
355,49.363448015713,4.0,4
356,50.22947341949744,4.5,3
357,51.09549882328188,4.0,3
358,51.96152422706631,4.5,4
359,52.827549630850754,4.0,3
360,53.693575034635195,4.5,4
361,54.55960043841963,4.0,2
362,55.42562584220407,4.5,5
363,56.29165124598851,4.0,1
364,57.157676649772945,4.5,6
365,58.023702053557386,4.0,4
366,58.88972745734183,4.5,6
367,59.75575286112626,4.0,3
368,60.6217782649107,4.5,4
369,61.48780366869514,4.0,4
370,62.35382907247958,4.5,4
371,63.21985447626402,4.0,2
372,64.08587988004845,4.5,4
373,64.9519052838329,4.0,7
374,65.81793068761733,4.5,5
375,66.68395609140177,4.0,5
376,67.54998149518622,4.5,6
377,68.41600689897065,4.0,7
378,69.28203230275508,4.5,5
379,70.14805770653953,4.0,7
380,71.01408311032397,4.5,5
381,71.8801085141084,4.0,4
382,72.74613391789285,4.5,4
383,73.61215932167728,4.0,3
384,74.47818472546172,4.5,6
385,75.34421012924616,4.0,5
386,76.2102355330306,4.5,3
387,77.07626093681503,4.0,7
388,77.94228634059948,4.5,6
389,78.80831174438391,4.0,6
390,79.67433714816835,4.5,6
391,80.5403625519528,4.0,6
392,81.40638795573723,4.5,3
393,82.27241335952166,4.0,2
394,83.13843876330611,4.5,5
395,84.00446416709055,4.0,4
396,84.87048957087498,4.5,4
397,85.73651497465941,4.0,7
398,86.60254037844386,4.5,7
399,87.4685657822283,4.0,3
400,88.33459118601273,4.5,4
401,3.4641016151377544,5.5,4
402,4.330127018922193,6.0,5
403,5.196152422706632,5.5,3
404,6.06217782649107,6.0,4
405,6.928203230275509,5.5,4
406,7.794228634059947,6.0,5
407,8.660254037844386,5.5,4
408,9.526279441628825,6.0,4
409,10.392304845413264,5.5,4
410,11.258330249197702,6.0,5
411,12.12435565298214,5.5,4
412,12.990381056766578,6.0,7
413,13.856406460551018,5.5,4
414,14.722431864335457,6.0,6
415,15.588457268119894,5.5,4
416,16.454482671904334,6.0,1
417,17.32050807568877,5.5,5
418,18.186533479473212,6.0,3
419,19.05255888325765,5.5,3
420,19.918584287042087,6.0,4
421,20.784609690826528,5.5,4
422,21.650635094610966,6.0,5
423,22.516660498395403,5.5,4
424,23.38268590217984,6.0,4
425,24.24871130596428,5.5,4
426,25.11473670974872,6.0,3
427,25.980762113533157,5.5,5
428,26.846787517317598,6.0,2
429,27.712812921102035,5.5,5
430,28.578838324886473,6.0,3
431,29.444863728670914,5.5,4
432,30.31088913245535,6.0,5
433,31.17691453623979,5.5,5
434,32.042939940024226,6.0,3
435,32.90896534380867,5.5,5
436,33.77499074759311,6.0,4
437,34.64101615137754,5.5,4
438,35.50704155516198,6.0,5
439,36.373066958946424,5.5,3
440,37.23909236273086,6.0,3
441,38.1051177665153,5.5,2
442,38.97114317029974,6.0,5
443,39.837168574084174,5.5,4
444,40.703193977868615,6.0,4
445,41.569219381653056,5.5,4
446,42.43524478543749,6.0,5
447,43.30127018922193,5.5,3
448,44.167295593006365,6.0,6
449,45.033320996790806,5.5,4
450,45.89934640057525,6.0,3
451,46.76537180435968,5.5,5
452,47.63139720814412,6.0,1
453,48.49742261192856,5.5,4
454,49.363448015713,6.0,4
455,50.22947341949744,5.5,5
456,51.09549882328188,6.0,5
457,51.96152422706631,5.5,5
458,52.827549630850754,6.0,4
459,53.693575034635195,5.5,3
460,54.55960043841963,6.0,3
461,55.42562584220407,5.5,1
462,56.29165124598851,6.0,5
463,57.157676649772945,5.5,3
464,58.023702053557386,6.0,7
465,58.88972745734183,5.5,6
466,59.75575286112626,6.0,5
467,60.6217782649107,5.5,5
468,61.48780366869514,6.0,2
469,62.35382907247958,5.5,4
470,63.21985447626402,6.0,2
471,64.08587988004845,5.5,3
472,64.9519052838329,6.0,4
473,65.81793068761733,5.5,5
474,66.68395609140177,6.0,3
475,67.54998149518622,5.5,5
476,68.41600689897065,6.0,5
477,69.28203230275508,5.5,5
478,70.14805770653953,6.0,8
479,71.01408311032397,5.5,3
480,71.8801085141084,6.0,4
481,72.74613391789285,5.5,2
482,73.61215932167728,6.0,2
483,74.47818472546172,5.5,4
484,75.34421012924616,6.0,5
485,76.2102355330306,5.5,4
486,77.07626093681503,6.0,5
487,77.94228634059948,5.5,5
488,78.80831174438391,6.0,5
489,79.67433714816835,5.5,4
490,80.5403625519528,6.0,1
491,81.40638795573723,5.5,3
492,82.27241335952166,6.0,4
493,83.13843876330611,5.5,3
494,84.00446416709055,6.0,5
495,84.87048957087498,5.5,3
496,85.73651497465941,6.0,5
497,86.60254037844386,5.5,4
498,87.4685657822283,6.0,4
499,88.33459118601273,5.5,6
500,89.20061658979718,6.0,3
501,4.330127018922193,7.0,4
502,5.196152422706632,7.5,4
503,6.06217782649107,7.0,3
504,6.928203230275509,7.5,2
505,7.794228634059947,7.0,5
506,8.660254037844386,7.5,5
507,9.526279441628825,7.0,5
508,10.392304845413264,7.5,5
509,11.258330249197702,7.0,3
510,12.12435565298214,7.5,4
511,12.990381056766578,7.0,5
512,13.856406460551018,7.5,4
513,14.722431864335457,7.0,4
514,15.588457268119894,7.5,5
515,16.454482671904334,7.0,3
516,17.32050807568877,7.5,3
517,18.186533479473212,7.0,5
518,19.05255888325765,7.5,4
519,19.918584287042087,7.0,4
520,20.784609690826528,7.5,2
521,21.650635094610966,7.0,4
522,22.516660498395403,7.5,5
523,23.38268590217984,7.0,6
524,24.24871130596428,7.5,6
525,25.11473670974872,7.0,5
526,25.980762113533157,7.5,2
527,26.846787517317598,7.0,5
528,27.712812921102035,7.5,3
529,28.578838324886473,7.0,5
530,29.444863728670914,7.5,4
531,30.31088913245535,7.0,6
532,31.17691453623979,7.5,4
533,32.042939940024226,7.0,6
534,32.90896534380867,7.5,3
535,33.77499074759311,7.0,5
536,34.64101615137754,7.5,6
537,35.50704155516198,7.0,4
538,36.373066958946424,7.5,3
539,37.23909236273086,7.0,3
540,38.1051177665153,7.5,4
541,38.97114317029974,7.0,5
542,39.837168574084174,7.5,5
543,40.703193977868615,7.0,3
544,41.569219381653056,7.5,7
545,42.43524478543749,7.0,2
546,43.30127018922193,7.5,4
547,44.167295593006365,7.0,3
548,45.033320996790806,7.5,5
549,45.89934640057525,7.0,6
550,46.76537180435968,7.5,4
551,47.63139720814412,7.0,2
552,48.49742261192856,7.5,4
553,49.363448015713,7.0,3
554,50.22947341949744,7.5,5
555,51.09549882328188,7.0,6
556,51.96152422706631,7.5,4
557,52.827549630850754,7.0,5
558,53.693575034635195,7.5,4
559,54.55960043841963,7.0,6
560,55.42562584220407,7.5,5
561,56.29165124598851,7.0,4
562,57.157676649772945,7.5,3
563,58.023702053557386,7.0,4
564,58.88972745734183,7.5,3
565,59.75575286112626,7.0,3
566,60.6217782649107,7.5,4
567,61.48780366869514,7.0,5
568,62.35382907247958,7.5,4
569,63.21985447626402,7.0,5
570,64.08587988004845,7.5,3
571,64.9519052838329,7.0,3
572,65.81793068761733,7.5,3
573,66.68395609140177,7.0,3
574,67.54998149518622,7.5,5
575,68.41600689897065,7.0,4
576,69.28203230275508,7.5,6
577,70.14805770653953,7.0,6
578,71.01408311032397,7.5,4
579,71.8801085141084,7.0,4
580,72.74613391789285,7.5,1
581,73.61215932167728,7.0,7
582,74.47818472546172,7.5,5
583,75.34421012924616,7.0,6
584,76.2102355330306,7.5,3
585,77.07626093681503,7.0,3
586,77.94228634059948,7.5,4
587,78.80831174438391,7.0,3
588,79.67433714816835,7.5,3
589,80.5403625519528,7.0,7
590,81.40638795573723,7.5,4
591,82.27241335952166,7.0,5
592,83.13843876330611,7.5,2
593,84.00446416709055,7.0,5
594,84.87048957087498,7.5,4
595,85.73651497465941,7.0,2
596,86.60254037844386,7.5,5
597,87.4685657822283,7.0,6
598,88.33459118601273,7.5,4
599,89.20061658979718,7.0,6
600,90.06664199358161,7.5,4
601,5.196152422706632,8.5,5
602,6.06217782649107,9.0,4
603,6.928203230275509,8.5,4
604,7.794228634059947,9.0,3
605,8.660254037844386,8.5,3
606,9.526279441628825,9.0,2
607,10.392304845413264,8.5,3
608,11.258330249197702,9.0,5
609,12.12435565298214,8.5,4
610,12.990381056766578,9.0,6
611,13.856406460551018,8.5,5
612,14.722431864335457,9.0,6
613,15.588457268119894,8.5,5
614,16.454482671904334,9.0,5
615,17.32050807568877,8.5,4
616,18.186533479473212,9.0,7
617,19.05255888325765,8.5,5
618,19.918584287042087,9.0,4
619,20.784609690826528,8.5,2
620,21.650635094610966,9.0,5
621,22.516660498395403,8.5,6
622,23.38268590217984,9.0,7
623,24.24871130596428,8.5,6
624,25.11473670974872,9.0,4
625,25.980762113533157,8.5,7
626,26.846787517317598,9.0,6
627,27.712812921102035,8.5,4
628,28.578838324886473,9.0,3
629,29.444863728670914,8.5,7
630,30.31088913245535,9.0,4
631,31.17691453623979,8.5,6
632,32.042939940024226,9.0,2
633,32.90896534380867,8.5,5
634,33.77499074759311,9.0,4
635,34.64101615137754,8.5,5
636,35.50704155516198,9.0,6
637,36.373066958946424,8.5,6
638,37.23909236273086,9.0,6
639,38.1051177665153,8.5,5
640,38.97114317029974,9.0,4
641,39.837168574084174,8.5,7
642,40.703193977868615,9.0,4
643,41.569219381653056,8.5,4
644,42.43524478543749,9.0,3
645,43.30127018922193,8.5,4
646,44.167295593006365,9.0,3
647,45.033320996790806,8.5,4
648,45.89934640057525,9.0,5
649,46.76537180435968,8.5,4
650,47.63139720814412,9.0,3
651,48.49742261192856,8.5,2
652,49.363448015713,9.0,6
653,50.22947341949744,8.5,4
654,51.09549882328188,9.0,5
655,51.96152422706631,8.5,4
656,52.827549630850754,9.0,4
657,53.693575034635195,8.5,5
658,54.55960043841963,9.0,4
659,55.42562584220407,8.5,6
660,56.29165124598851,9.0,3
661,57.157676649772945,8.5,2
662,58.023702053557386,9.0,5
663,58.88972745734183,8.5,3
664,59.75575286112626,9.0,5
665,60.6217782649107,8.5,4
666,61.48780366869514,9.0,5
667,62.35382907247958,8.5,6
668,63.21985447626402,9.0,5
669,64.08587988004845,8.5,6
670,64.9519052838329,9.0,6
671,65.81793068761733,8.5,4
672,66.68395609140177,9.0,3
673,67.54998149518622,8.5,6
674,68.41600689897065,9.0,4
675,69.28203230275508,8.5,6
676,70.14805770653953,9.0,2
677,71.01408311032397,8.5,3
678,71.8801085141084,9.0,1
679,72.74613391789285,8.5,2
680,73.61215932167728,9.0,5
681,74.47818472546172,8.5,5
682,75.34421012924616,9.0,5
683,76.2102355330306,8.5,4
684,77.07626093681503,9.0,4
685,77.94228634059948,8.5,2
686,78.80831174438391,9.0,3
687,79.67433714816835,8.5,7
688,80.5403625519528,9.0,5
689,81.40638795573723,8.5,5
690,82.27241335952166,9.0,5
691,83.13843876330611,8.5,4
692,84.00446416709055,9.0,5
693,84.87048957087498,8.5,4
694,85.73651497465941,9.0,5
695,86.60254037844386,8.5,4
696,87.4685657822283,9.0,5
697,88.33459118601273,8.5,2
698,89.20061658979718,9.0,3
699,90.06664199358161,8.5,6
700,90.93266739736605,9.0,2
701,6.06217782649107,10.0,5
702,6.928203230275509,10.5,3
703,7.794228634059947,10.0,4
704,8.660254037844386,10.5,2
705,9.526279441628825,10.0,6
706,10.392304845413264,10.5,4
707,11.258330249197702,10.0,3
708,12.12435565298214,10.5,5
709,12.990381056766578,10.0,3
710,13.856406460551018,10.5,5
711,14.722431864335457,10.0,3
712,15.588457268119894,10.5,2
713,16.454482671904334,10.0,2
714,17.32050807568877,10.5,4
715,18.186533479473212,10.0,4
716,19.05255888325765,10.5,6
717,19.918584287042087,10.0,4
718,20.784609690826528,10.5,4
719,21.650635094610966,10.0,5
720,22.516660498395403,10.5,6
721,23.38268590217984,10.0,4
722,24.24871130596428,10.5,5
723,25.11473670974872,10.0,5
724,25.980762113533157,10.5,5
725,26.846787517317598,10.0,5
726,27.712812921102035,10.5,5
727,28.578838324886473,10.0,2
728,29.444863728670914,10.5,6
729,30.31088913245535,10.0,4
730,31.17691453623979,10.5,4
731,32.042939940024226,10.0,5
732,32.90896534380867,10.5,2
733,33.77499074759311,10.0,4
734,34.64101615137754,10.5,4
735,35.50704155516198,10.0,7
736,36.373066958946424,10.5,5
737,37.23909236273086,10.0,4
738,38.1051177665153,10.5,2
739,38.97114317029974,10.0,6
740,39.837168574084174,10.5,3
741,40.703193977868615,10.0,3
742,41.569219381653056,10.5,4
743,42.43524478543749,10.0,5
744,43.30127018922193,10.5,4
745,44.167295593006365,10.0,2
746,45.033320996790806,10.5,3
747,45.89934640057525,10.0,6
748,46.76537180435968,10.5,5
749,47.63139720814412,10.0,6
750,48.49742261192856,10.5,6
751,49.363448015713,10.0,5
752,50.22947341949744,10.5,3
753,51.09549882328188,10.0,6
754,51.96152422706631,10.5,3
755,52.827549630850754,10.0,5
756,53.693575034635195,10.5,5
757,54.55960043841963,10.0,5
758,55.42562584220407,10.5,4
759,56.29165124598851,10.0,4
760,57.157676649772945,10.5,2
761,58.023702053557386,10.0,3
762,58.88972745734183,10.5,2
763,59.75575286112626,10.0,5
764,60.6217782649107,10.5,5
765,61.48780366869514,10.0,4
766,62.35382907247958,10.5,4
767,63.21985447626402,10.0,4
768,64.08587988004845,10.5,7
769,64.9519052838329,10.0,5
770,65.81793068761733,10.5,4
771,66.68395609140177,10.0,4
772,67.54998149518622,10.5,4
773,68.41600689897065,10.0,7
774,69.28203230275508,10.5,5
775,70.14805770653953,10.0,5
776,71.01408311032397,10.5,3
777,71.8801085141084,10.0,2
778,72.74613391789285,10.5,4
779,73.61215932167728,10.0,4
780,74.47818472546172,10.5,9
781,75.34421012924616,10.0,5
782,76.2102355330306,10.5,6
783,77.07626093681503,10.0,4
784,77.94228634059948,10.5,2
785,78.80831174438391,10.0,3
786,79.67433714816835,10.5,3
787,80.5403625519528,10.0,6
788,81.40638795573723,10.5,4
789,82.27241335952166,10.0,4
790,83.13843876330611,10.5,4
791,84.00446416709055,10.0,4
792,84.87048957087498,10.5,5
793,85.73651497465941,10.0,4
794,86.60254037844386,10.5,3
795,87.4685657822283,10.0,5
796,88.33459118601273,10.5,3
797,89.20061658979718,10.0,7
798,90.06664199358161,10.5,3
799,90.93266739736605,10.0,4
800,91.7986928011505,10.5,5
801,6.928203230275509,11.5,6
802,7.794228634059947,12.0,4
803,8.660254037844386,11.5,5
804,9.526279441628825,12.0,6
805,10.392304845413264,11.5,4
806,11.258330249197702,12.0,3
807,12.12435565298214,11.5,7
808,12.990381056766578,12.0,4
809,13.856406460551018,11.5,4
810,14.722431864335457,12.0,4
811,15.588457268119894,11.5,3
812,16.454482671904334,12.0,2
813,17.32050807568877,11.5,5
814,18.186533479473212,12.0,5
815,19.05255888325765,11.5,6
816,19.918584287042087,12.0,6
817,20.784609690826528,11.5,5
818,21.650635094610966,12.0,3
819,22.516660498395403,11.5,3
820,23.38268590217984,12.0,4
821,24.24871130596428,11.5,5
822,25.11473670974872,12.0,4
823,25.980762113533157,11.5,5
824,26.846787517317598,12.0,4
825,27.712812921102035,11.5,4
826,28.578838324886473,12.0,4
827,29.444863728670914,11.5,6
828,30.31088913245535,12.0,5
829,31.17691453623979,11.5,5
830,32.042939940024226,12.0,5
831,32.90896534380867,11.5,4
832,33.77499074759311,12.0,1
833,34.64101615137754,11.5,6
834,35.50704155516198,12.0,3
835,36.373066958946424,11.5,5
836,37.23909236273086,12.0,6
837,38.1051177665153,11.5,3
838,38.97114317029974,12.0,5
839,39.837168574084174,11.5,0
840,40.703193977868615,12.0,4
841,41.569219381653056,11.5,4
842,42.43524478543749,12.0,3
843,43.30127018922193,11.5,5
844,44.167295593006365,12.0,4
845,45.033320996790806,11.5,6
846,45.89934640057525,12.0,5
847,46.76537180435968,11.5,6
848,47.63139720814412,12.0,4
849,48.49742261192856,11.5,3
850,49.363448015713,12.0,5
851,50.22947341949744,11.5,5
852,51.09549882328188,12.0,3
853,51.96152422706631,11.5,5
854,52.827549630850754,12.0,3
855,53.693575034635195,11.5,5
856,54.55960043841963,12.0,4
857,55.42562584220407,11.5,6
858,56.29165124598851,12.0,5
859,57.157676649772945,11.5,4
860,58.023702053557386,12.0,6
861,58.88972745734183,11.5,4
862,59.75575286112626,12.0,5
863,60.6217782649107,11.5,5
864,61.48780366869514,12.0,3
865,62.35382907247958,11.5,3
866,63.21985447626402,12.0,4
867,64.08587988004845,11.5,5
868,64.9519052838329,12.0,4
869,65.81793068761733,11.5,6
870,66.68395609140177,12.0,4
871,67.54998149518622,11.5,3
872,68.41600689897065,12.0,4
873,69.28203230275508,11.5,3
874,70.14805770653953,12.0,5
875,71.01408311032397,11.5,3
876,71.8801085141084,12.0,3
877,72.74613391789285,11.5,3
878,73.61215932167728,12.0,4
879,74.47818472546172,11.5,3
880,75.34421012924616,12.0,6
881,76.2102355330306,11.5,3
882,77.07626093681503,12.0,4
883,77.94228634059948,11.5,3
884,78.80831174438391,12.0,4
885,79.67433714816835,11.5,2
886,80.5403625519528,12.0,5
887,81.40638795573723,11.5,5
888,82.27241335952166,12.0,4
889,83.13843876330611,11.5,4
890,84.00446416709055,12.0,5
891,84.87048957087498,11.5,6
892,85.73651497465941,12.0,5
893,86.60254037844386,11.5,3
894,87.4685657822283,12.0,3
895,88.33459118601273,11.5,6
896,89.20061658979718,12.0,3
897,90.06664199358161,11.5,6
898,90.93266739736605,12.0,2
899,91.7986928011505,11.5,4
900,92.66471820493493,12.0,3
901,7.794228634059947,13.0,4
902,8.660254037844386,13.5,4
903,9.526279441628825,13.0,5
904,10.392304845413264,13.5,6
905,11.258330249197702,13.0,8
906,12.12435565298214,13.5,3
907,12.990381056766578,13.0,3
908,13.856406460551018,13.5,7
909,14.722431864335457,13.0,3
910,15.588457268119894,13.5,3
911,16.454482671904334,13.0,5
912,17.32050807568877,13.5,4
913,18.186533479473212,13.0,3
914,19.05255888325765,13.5,4
915,19.918584287042087,13.0,6
916,20.784609690826528,13.5,5
917,21.650635094610966,13.0,5
918,22.516660498395403,13.5,3
919,23.38268590217984,13.0,4
920,24.24871130596428,13.5,4
921,25.11473670974872,13.0,3
922,25.980762113533157,13.5,3
923,26.846787517317598,13.0,6
924,27.712812921102035,13.5,4
925,28.578838324886473,13.0,4
926,29.444863728670914,13.5,6
927,30.31088913245535,13.0,5
928,31.17691453623979,13.5,4
929,32.042939940024226,13.0,5
930,32.90896534380867,13.5,5
931,33.77499074759311,13.0,4
932,34.64101615137754,13.5,3
933,35.50704155516198,13.0,6
934,36.373066958946424,13.5,3
935,37.23909236273086,13.0,5
936,38.1051177665153,13.5,4
937,38.97114317029974,13.0,4
938,39.837168574084174,13.5,7
939,40.703193977868615,13.0,3
940,41.569219381653056,13.5,4
941,42.43524478543749,13.0,4
942,43.30127018922193,13.5,5
943,44.167295593006365,13.0,5
944,45.033320996790806,13.5,4
945,45.89934640057525,13.0,5
946,46.76537180435968,13.5,6
947,47.63139720814412,13.0,5
948,48.49742261192856,13.5,5
949,49.363448015713,13.0,5
950,50.22947341949744,13.5,3
951,51.09549882328188,13.0,3
952,51.96152422706631,13.5,3
953,52.827549630850754,13.0,7
954,53.693575034635195,13.5,4
955,54.55960043841963,13.0,6
956,55.42562584220407,13.5,5
957,56.29165124598851,13.0,4
958,57.157676649772945,13.5,6
959,58.023702053557386,13.0,5
960,58.88972745734183,13.5,5
961,59.75575286112626,13.0,5
962,60.6217782649107,13.5,4
963,61.48780366869514,13.0,2
964,62.35382907247958,13.5,3
965,63.21985447626402,13.0,1
966,64.08587988004845,13.5,2
967,64.9519052838329,13.0,3
968,65.81793068761733,13.5,2
969,66.68395609140177,13.0,4
970,67.54998149518622,13.5,3
971,68.41600689897065,13.0,2
972,69.28203230275508,13.5,6
973,70.14805770653953,13.0,2
974,71.01408311032397,13.5,2
975,71.8801085141084,13.0,6
976,72.74613391789285,13.5,4
977,73.61215932167728,13.0,2
978,74.47818472546172,13.5,5
979,75.34421012924616,13.0,1
980,76.2102355330306,13.5,3
981,77.07626093681503,13.0,2
982,77.94228634059948,13.5,4
983,78.80831174438391,13.0,4
984,79.67433714816835,13.5,5
985,80.5403625519528,13.0,6
986,81.40638795573723,13.5,4
987,82.27241335952166,13.0,5
988,83.13843876330611,13.5,7
989,84.00446416709055,13.0,5
990,84.87048957087498,13.5,7
991,85.73651497465941,13.0,4
992,86.60254037844386,13.5,4
993,87.4685657822283,13.0,6
994,88.33459118601273,13.5,5
995,89.20061658979718,13.0,3
996,90.06664199358161,13.5,3
997,90.93266739736605,13.0,4
998,91.7986928011505,13.5,3
999,92.66471820493493,13.0,3
1000,93.53074360871936,13.5,3
1001,8.660254037844386,14.5,4
1002,9.526279441628825,15.0,3
1003,10.392304845413264,14.5,5
1004,11.258330249197702,15.0,5
1005,12.12435565298214,14.5,3
1006,12.990381056766578,15.0,4
1007,13.856406460551018,14.5,4
1008,14.722431864335457,15.0,6
1009,15.588457268119894,14.5,4
1010,16.454482671904334,15.0,1
1011,17.32050807568877,14.5,6
1012,18.186533479473212,15.0,5
1013,19.05255888325765,14.5,4
1014,19.918584287042087,15.0,6
1015,20.784609690826528,14.5,6
1016,21.650635094610966,15.0,3
1017,22.516660498395403,14.5,3
1018,23.38268590217984,15.0,3
1019,24.24871130596428,14.5,3
1020,25.11473670974872,15.0,3
1021,25.980762113533157,14.5,5
1022,26.846787517317598,15.0,5
1023,27.712812921102035,14.5,4
1024,28.578838324886473,15.0,3
1025,29.444863728670914,14.5,4
1026,30.31088913245535,15.0,5
1027,31.17691453623979,14.5,5
1028,32.042939940024226,15.0,4
1029,32.90896534380867,14.5,3
1030,33.77499074759311,15.0,4
1031,34.64101615137754,14.5,4
1032,35.50704155516198,15.0,3
1033,36.373066958946424,14.5,5
1034,37.23909236273086,15.0,4
1035,38.1051177665153,14.5,4
1036,38.97114317029974,15.0,3
1037,39.837168574084174,14.5,5
1038,40.703193977868615,15.0,5
1039,41.569219381653056,14.5,5
1040,42.43524478543749,15.0,4
1041,43.30127018922193,14.5,3
1042,44.167295593006365,15.0,3
1043,45.033320996790806,14.5,3
1044,45.89934640057525,15.0,5
1045,46.76537180435968,14.5,3
1046,47.63139720814412,15.0,8
1047,48.49742261192856,14.5,5
1048,49.363448015713,15.0,3
1049,50.22947341949744,14.5,1
1050,51.09549882328188,15.0,2
1051,51.96152422706631,14.5,3
1052,52.827549630850754,15.0,3
1053,53.693575034635195,14.5,5
1054,54.55960043841963,15.0,8
1055,55.42562584220407,14.5,4
1056,56.29165124598851,15.0,5
1057,57.157676649772945,14.5,3
1058,58.023702053557386,15.0,2
1059,58.88972745734183,14.5,4
1060,59.75575286112626,15.0,4
1061,60.6217782649107,14.5,3
1062,61.48780366869514,15.0,3
1063,62.35382907247958,14.5,3
1064,63.21985447626402,15.0,3
1065,64.08587988004845,14.5,2
1066,64.9519052838329,15.0,5
1067,65.81793068761733,14.5,1
1068,66.68395609140177,15.0,5
1069,67.54998149518622,14.5,3
1070,68.41600689897065,15.0,5
1071,69.28203230275508,14.5,6
1072,70.14805770653953,15.0,3
1073,71.01408311032397,14.5,4
1074,71.8801085141084,15.0,2
1075,72.74613391789285,14.5,6
1076,73.61215932167728,15.0,3
1077,74.47818472546172,14.5,3
1078,75.34421012924616,15.0,4
1079,76.2102355330306,14.5,5
1080,77.07626093681503,15.0,5
1081,77.94228634059948,14.5,4
1082,78.80831174438391,15.0,2
1083,79.67433714816835,14.5,4
1084,80.5403625519528,15.0,4
1085,81.40638795573723,14.5,4
1086,82.27241335952166,15.0,6
1087,83.13843876330611,14.5,5
1088,84.00446416709055,15.0,4
1089,84.87048957087498,14.5,4
1090,85.73651497465941,15.0,3
1091,86.60254037844386,14.5,4
1092,87.4685657822283,15.0,6
1093,88.33459118601273,14.5,4
1094,89.20061658979718,15.0,5
1095,90.06664199358161,14.5,5
1096,90.93266739736605,15.0,4
1097,91.7986928011505,14.5,5
1098,92.66471820493493,15.0,5
1099,93.53074360871936,14.5,4
1100,94.39676901250381,15.0,2
1101,9.526279441628825,16.0,5
1102,10.392304845413264,16.5,4
1103,11.258330249197702,16.0,2
1104,12.12435565298214,16.5,4
1105,12.990381056766578,16.0,4
1106,13.856406460551018,16.5,3
1107,14.722431864335457,16.0,5
1108,15.588457268119894,16.5,1
1109,16.454482671904334,16.0,2
1110,17.32050807568877,16.5,3
1111,18.186533479473212,16.0,6
1112,19.05255888325765,16.5,5
1113,19.918584287042087,16.0,5
1114,20.784609690826528,16.5,3
1115,21.650635094610966,16.0,2
1116,22.516660498395403,16.5,3
1117,23.38268590217984,16.0,2
1118,24.24871130596428,16.5,5
1119,25.11473670974872,16.0,4
1120,25.980762113533157,16.5,6
1121,26.846787517317598,16.0,4
1122,27.712812921102035,16.5,5
1123,28.578838324886473,16.0,3
1124,29.444863728670914,16.5,6
1125,30.31088913245535,16.0,5
1126,31.17691453623979,16.5,6
1127,32.042939940024226,16.0,4
1128,32.90896534380867,16.5,5
1129,33.77499074759311,16.0,4
1130,34.64101615137754,16.5,5
1131,35.50704155516198,16.0,4
1132,36.373066958946424,16.5,6
1133,37.23909236273086,16.0,6
1134,38.1051177665153,16.5,5
1135,38.97114317029974,16.0,4
1136,39.837168574084174,16.5,6
1137,40.703193977868615,16.0,4
1138,41.569219381653056,16.5,5
1139,42.43524478543749,16.0,4
1140,43.30127018922193,16.5,6
1141,44.167295593006365,16.0,5
1142,45.033320996790806,16.5,5
1143,45.89934640057525,16.0,6
1144,46.76537180435968,16.5,7
1145,47.63139720814412,16.0,5
1146,48.49742261192856,16.5,3
1147,49.363448015713,16.0,2
1148,50.22947341949744,16.5,3
1149,51.09549882328188,16.0,4
1150,51.96152422706631,16.5,3
1151,52.827549630850754,16.0,5
1152,53.693575034635195,16.5,6
1153,54.55960043841963,16.0,6
1154,55.42562584220407,16.5,6
1155,56.29165124598851,16.0,6
1156,57.157676649772945,16.5,2
1157,58.023702053557386,16.0,4
1158,58.88972745734183,16.5,5
1159,59.75575286112626,16.0,3
1160,60.6217782649107,16.5,6
1161,61.48780366869514,16.0,3
1162,62.35382907247958,16.5,5
1163,63.21985447626402,16.0,4
1164,64.08587988004845,16.5,7
1165,64.9519052838329,16.0,3
1166,65.81793068761733,16.5,5
1167,66.68395609140177,16.0,4
1168,67.54998149518622,16.5,3
1169,68.41600689897065,16.0,6
1170,69.28203230275508,16.5,5
1171,70.14805770653953,16.0,5
1172,71.01408311032397,16.5,2
1173,71.8801085141084,16.0,6
1174,72.74613391789285,16.5,3
1175,73.61215932167728,16.0,4
1176,74.47818472546172,16.5,4
1177,75.34421012924616,16.0,4
1178,76.2102355330306,16.5,5
1179,77.07626093681503,16.0,4
1180,77.94228634059948,16.5,5
1181,78.80831174438391,16.0,2
1182,79.67433714816835,16.5,5
1183,80.5403625519528,16.0,5
1184,81.40638795573723,16.5,3
1185,82.27241335952166,16.0,3
1186,83.13843876330611,16.5,2
1187,84.00446416709055,16.0,4
1188,84.87048957087498,16.5,3
1189,85.73651497465941,16.0,5
1190,86.60254037844386,16.5,3
1191,87.4685657822283,16.0,4
1192,88.33459118601273,16.5,4
1193,89.20061658979718,16.0,7
1194,90.06664199358161,16.5,4
1195,90.93266739736605,16.0,5
1196,91.7986928011505,16.5,5
1197,92.66471820493493,16.0,8
1198,93.53074360871936,16.5,2
1199,94.39676901250381,16.0,3
1200,95.26279441628824,16.5,5
1201,10.392304845413264,17.5,5
1202,11.258330249197702,18.0,2
1203,12.12435565298214,17.5,4
1204,12.990381056766578,18.0,6
1205,13.856406460551018,17.5,4
1206,14.722431864335457,18.0,6
1207,15.588457268119894,17.5,6
1208,16.454482671904334,18.0,4
1209,17.32050807568877,17.5,6
1210,18.186533479473212,18.0,4
1211,19.05255888325765,17.5,6
1212,19.918584287042087,18.0,2
1213,20.784609690826528,17.5,3
1214,21.650635094610966,18.0,3
1215,22.516660498395403,17.5,3
1216,23.38268590217984,18.0,3
1217,24.24871130596428,17.5,3
1218,25.11473670974872,18.0,2
1219,25.980762113533157,17.5,5
1220,26.846787517317598,18.0,4
1221,27.712812921102035,17.5,4
1222,28.578838324886473,18.0,6
1223,29.444863728670914,17.5,5
1224,30.31088913245535,18.0,6
1225,31.17691453623979,17.5,5
1226,32.042939940024226,18.0,6
1227,32.90896534380867,17.5,6
1228,33.77499074759311,18.0,5
1229,34.64101615137754,17.5,2
1230,35.50704155516198,18.0,4
1231,36.373066958946424,17.5,5
1232,37.23909236273086,18.0,5
1233,38.1051177665153,17.5,5
1234,38.97114317029974,18.0,3
1235,39.837168574084174,17.5,6
1236,40.703193977868615,18.0,6
1237,41.569219381653056,17.5,3
1238,42.43524478543749,18.0,6
1239,43.30127018922193,17.5,5
1240,44.167295593006365,18.0,4
1241,45.033320996790806,17.5,5
1242,45.89934640057525,18.0,3
1243,46.76537180435968,17.5,5
1244,47.63139720814412,18.0,3
1245,48.49742261192856,17.5,4
1246,49.363448015713,18.0,0
1247,50.22947341949744,17.5,3
1248,51.09549882328188,18.0,3
1249,51.96152422706631,17.5,3
1250,52.827549630850754,18.0,3
1251,53.693575034635195,17.5,3
1252,54.55960043841963,18.0,3
1253,55.42562584220407,17.5,5
1254,56.29165124598851,18.0,4
1255,57.157676649772945,17.5,5
1256,58.023702053557386,18.0,3
1257,58.88972745734183,17.5,3
1258,59.75575286112626,18.0,6
1259,60.6217782649107,17.5,3
1260,61.48780366869514,18.0,5
1261,62.35382907247958,17.5,5
1262,63.21985447626402,18.0,6
1263,64.08587988004845,17.5,5
1264,64.9519052838329,18.0,5
1265,65.81793068761733,17.5,7
1266,66.68395609140177,18.0,3
1267,67.54998149518622,17.5,5
1268,68.41600689897065,18.0,3
1269,69.28203230275508,17.5,4
1270,70.14805770653953,18.0,6
1271,71.01408311032397,17.5,2
1272,71.8801085141084,18.0,5
1273,72.74613391789285,17.5,2
1274,73.61215932167728,18.0,4
1275,74.47818472546172,17.5,4
1276,75.34421012924616,18.0,3
1277,76.2102355330306,17.5,6
1278,77.07626093681503,18.0,5
1279,77.94228634059948,17.5,5
1280,78.80831174438391,18.0,3
1281,79.67433714816835,17.5,3
1282,80.5403625519528,18.0,3
1283,81.40638795573723,17.5,5
1284,82.27241335952166,18.0,3
1285,83.13843876330611,17.5,6
1286,84.00446416709055,18.0,4
1287,84.87048957087498,17.5,3
1288,85.73651497465941,18.0,4
1289,86.60254037844386,17.5,2
1290,87.4685657822283,18.0,4
1291,88.33459118601273,17.5,3
1292,89.20061658979718,18.0,3
1293,90.06664199358161,17.5,5
1294,90.93266739736605,18.0,7
1295,91.7986928011505,17.5,5
1296,92.66471820493493,18.0,5
1297,93.53074360871936,17.5,4
1298,94.39676901250381,18.0,6
1299,95.26279441628824,17.5,3
1300,96.12881982007268,18.0,3
1301,11.258330249197702,19.0,5
1302,12.12435565298214,19.5,3
1303,12.990381056766578,19.0,4
1304,13.856406460551018,19.5,5
1305,14.722431864335457,19.0,2
1306,15.588457268119894,19.5,5
1307,16.454482671904334,19.0,4
1308,17.32050807568877,19.5,2
1309,18.186533479473212,19.0,4
1310,19.05255888325765,19.5,3
1311,19.918584287042087,19.0,6
1312,20.784609690826528,19.5,3
1313,21.650635094610966,19.0,5
1314,22.516660498395403,19.5,3
1315,23.38268590217984,19.0,4
1316,24.24871130596428,19.5,5
1317,25.11473670974872,19.0,2
1318,25.980762113533157,19.5,3
1319,26.846787517317598,19.0,2
1320,27.712812921102035,19.5,5
1321,28.578838324886473,19.0,2
1322,29.444863728670914,19.5,7
1323,30.31088913245535,19.0,2
1324,31.17691453623979,19.5,2
1325,32.042939940024226,19.0,4
1326,32.90896534380867,19.5,3
1327,33.77499074759311,19.0,5
1328,34.64101615137754,19.5,4
1329,35.50704155516198,19.0,5
1330,36.373066958946424,19.5,7
1331,37.23909236273086,19.0,5
1332,38.1051177665153,19.5,6
1333,38.97114317029974,19.0,6
1334,39.837168574084174,19.5,6
1335,40.703193977868615,19.0,6
1336,41.569219381653056,19.5,6
1337,42.43524478543749,19.0,4
1338,43.30127018922193,19.5,6
1339,44.167295593006365,19.0,6
1340,45.033320996790806,19.5,3
1341,45.89934640057525,19.0,4
1342,46.76537180435968,19.5,3
1343,47.63139720814412,19.0,4
1344,48.49742261192856,19.5,5
1345,49.363448015713,19.0,2
1346,50.22947341949744,19.5,2
1347,51.09549882328188,19.0,4
1348,51.96152422706631,19.5,6
1349,52.827549630850754,19.0,6
1350,53.693575034635195,19.5,4
1351,54.55960043841963,19.0,4
1352,55.42562584220407,19.5,4
1353,56.29165124598851,19.0,4
1354,57.157676649772945,19.5,6
1355,58.023702053557386,19.0,3
1356,58.88972745734183,19.5,3
1357,59.75575286112626,19.0,2
1358,60.6217782649107,19.5,6
1359,61.48780366869514,19.0,4
1360,62.35382907247958,19.5,5
1361,63.21985447626402,19.0,1
1362,64.08587988004845,19.5,2
1363,64.9519052838329,19.0,3
1364,65.81793068761733,19.5,3
1365,66.68395609140177,19.0,3
1366,67.54998149518622,19.5,3
1367,68.41600689897065,19.0,5
1368,69.28203230275508,19.5,5
1369,70.14805770653953,19.0,4
1370,71.01408311032397,19.5,1
1371,71.8801085141084,19.0,3
1372,72.74613391789285,19.5,5
1373,73.61215932167728,19.0,5
1374,74.47818472546172,19.5,5
1375,75.34421012924616,19.0,4
1376,76.2102355330306,19.5,6
1377,77.07626093681503,19.0,5
1378,77.94228634059948,19.5,4
1379,78.80831174438391,19.0,4
1380,79.67433714816835,19.5,3
1381,80.5403625519528,19.0,4
1382,81.40638795573723,19.5,3
1383,82.27241335952166,19.0,3
1384,83.13843876330611,19.5,4
1385,84.00446416709055,19.0,4
1386,84.87048957087498,19.5,2
1387,85.73651497465941,19.0,3
1388,86.60254037844386,19.5,5
1389,87.4685657822283,19.0,6
1390,88.33459118601273,19.5,3
1391,89.20061658979718,19.0,3
1392,90.06664199358161,19.5,5
1393,90.93266739736605,19.0,6
1394,91.7986928011505,19.5,4
1395,92.66471820493493,19.0,3
1396,93.53074360871936,19.5,3
1397,94.39676901250381,19.0,3
1398,95.26279441628824,19.5,1
1399,96.12881982007268,19.0,6
1400,96.99484522385713,19.5,5
1401,12.12435565298214,20.5,5
1402,12.990381056766578,21.0,3
1403,13.856406460551018,20.5,5
1404,14.722431864335457,21.0,4
1405,15.588457268119894,20.5,5
1406,16.454482671904334,21.0,6
1407,17.32050807568877,20.5,2
1408,18.186533479473212,21.0,2
1409,19.05255888325765,20.5,6
1410,19.918584287042087,21.0,4
1411,20.784609690826528,20.5,3
1412,21.650635094610966,21.0,1
1413,22.516660498395403,20.5,3
1414,23.38268590217984,21.0,3
1415,24.24871130596428,20.5,4
1416,25.11473670974872,21.0,4
1417,25.980762113533157,20.5,4
1418,26.846787517317598,21.0,6
1419,27.712812921102035,20.5,5
1420,28.578838324886473,21.0,6
1421,29.444863728670914,20.5,3
1422,30.31088913245535,21.0,6
1423,31.17691453623979,20.5,3
1424,32.042939940024226,21.0,3
1425,32.90896534380867,20.5,5
1426,33.77499074759311,21.0,4
1427,34.64101615137754,20.5,6
1428,35.50704155516198,21.0,3
1429,36.373066958946424,20.5,3
1430,37.23909236273086,21.0,2
1431,38.1051177665153,20.5,4
1432,38.97114317029974,21.0,5
1433,39.837168574084174,20.5,5
1434,40.703193977868615,21.0,5
1435,41.569219381653056,20.5,3
1436,42.43524478543749,21.0,5
1437,43.30127018922193,20.5,6
1438,44.167295593006365,21.0,4
1439,45.033320996790806,20.5,3
1440,45.89934640057525,21.0,3
1441,46.76537180435968,20.5,4
1442,47.63139720814412,21.0,4
1443,48.49742261192856,20.5,4
1444,49.363448015713,21.0,4
1445,50.22947341949744,20.5,4
1446,51.09549882328188,21.0,4
1447,51.96152422706631,20.5,6
1448,52.827549630850754,21.0,7
1449,53.693575034635195,20.5,3
1450,54.55960043841963,21.0,3
1451,55.42562584220407,20.5,4
1452,56.29165124598851,21.0,4
1453,57.157676649772945,20.5,4
1454,58.023702053557386,21.0,4
1455,58.88972745734183,20.5,4
1456,59.75575286112626,21.0,6
1457,60.6217782649107,20.5,3
1458,61.48780366869514,21.0,7
1459,62.35382907247958,20.5,4
1460,63.21985447626402,21.0,3
1461,64.08587988004845,20.5,5
1462,64.9519052838329,21.0,4
1463,65.81793068761733,20.5,3
1464,66.68395609140177,21.0,2
1465,67.54998149518622,20.5,5
1466,68.41600689897065,21.0,6
1467,69.28203230275508,20.5,3
1468,70.14805770653953,21.0,4
1469,71.01408311032397,20.5,4
1470,71.8801085141084,21.0,4
1471,72.74613391789285,20.5,5
1472,73.61215932167728,21.0,6
1473,74.47818472546172,20.5,2
1474,75.34421012924616,21.0,3
1475,76.2102355330306,20.5,4
1476,77.07626093681503,21.0,6
1477,77.94228634059948,20.5,4
1478,78.80831174438391,21.0,4
1479,79.67433714816835,20.5,4
1480,80.5403625519528,21.0,4
1481,81.40638795573723,20.5,2
1482,82.27241335952166,21.0,4
1483,83.13843876330611,20.5,3
1484,84.00446416709055,21.0,4
1485,84.87048957087498,20.5,1
1486,85.73651497465941,21.0,3
1487,86.60254037844386,20.5,3
1488,87.4685657822283,21.0,4
1489,88.33459118601273,20.5,5
1490,89.20061658979718,21.0,6
1491,90.06664199358161,20.5,4
1492,90.93266739736605,21.0,5
1493,91.7986928011505,20.5,5
1494,92.66471820493493,21.0,3
1495,93.53074360871936,20.5,4
1496,94.39676901250381,21.0,4
1497,95.26279441628824,20.5,3
1498,96.12881982007268,21.0,5
1499,96.99484522385713,20.5,6
1500,97.86087062764156,21.0,5
1501,12.990381056766578,22.0,3
1502,13.856406460551018,22.5,5
1503,14.722431864335457,22.0,2
1504,15.588457268119894,22.5,3
1505,16.454482671904334,22.0,5
1506,17.32050807568877,22.5,4
1507,18.186533479473212,22.0,3
1508,19.05255888325765,22.5,6
1509,19.918584287042087,22.0,5
1510,20.784609690826528,22.5,4
1511,21.650635094610966,22.0,4
1512,22.516660498395403,22.5,2
1513,23.38268590217984,22.0,5
1514,24.24871130596428,22.5,4
1515,25.11473670974872,22.0,5
1516,25.980762113533157,22.5,5
1517,26.846787517317598,22.0,4
1518,27.712812921102035,22.5,5
1519,28.578838324886473,22.0,4
1520,29.444863728670914,22.5,3
1521,30.31088913245535,22.0,4
1522,31.17691453623979,22.5,4
1523,32.042939940024226,22.0,3
1524,32.90896534380867,22.5,4
1525,33.77499074759311,22.0,4
1526,34.64101615137754,22.5,1
1527,35.50704155516198,22.0,3
1528,36.373066958946424,22.5,5
1529,37.23909236273086,22.0,2
1530,38.1051177665153,22.5,3
1531,38.97114317029974,22.0,3
1532,39.837168574084174,22.5,3
1533,40.703193977868615,22.0,6
1534,41.569219381653056,22.5,5
1535,42.43524478543749,22.0,6
1536,43.30127018922193,22.5,4
1537,44.167295593006365,22.0,5
1538,45.033320996790806,22.5,3
1539,45.89934640057525,22.0,4
1540,46.76537180435968,22.5,4
1541,47.63139720814412,22.0,4
1542,48.49742261192856,22.5,5
1543,49.363448015713,22.0,5
1544,50.22947341949744,22.5,5
1545,51.09549882328188,22.0,7
1546,51.96152422706631,22.5,4
1547,52.827549630850754,22.0,5
1548,53.693575034635195,22.5,6
1549,54.55960043841963,22.0,2
1550,55.42562584220407,22.5,4
1551,56.29165124598851,22.0,3
1552,57.157676649772945,22.5,1
1553,58.023702053557386,22.0,2
1554,58.88972745734183,22.5,4
1555,59.75575286112626,22.0,3
1556,60.6217782649107,22.5,5
1557,61.48780366869514,22.0,2
1558,62.35382907247958,22.5,6
1559,63.21985447626402,22.0,2
1560,64.08587988004845,22.5,5
1561,64.9519052838329,22.0,6
1562,65.81793068761733,22.5,5
1563,66.68395609140177,22.0,4
1564,67.54998149518622,22.5,4
1565,68.41600689897065,22.0,4
1566,69.28203230275508,22.5,4
1567,70.14805770653953,22.0,2
1568,71.01408311032397,22.5,4
1569,71.8801085141084,22.0,6
1570,72.74613391789285,22.5,3
1571,73.61215932167728,22.0,2
1572,74.47818472546172,22.5,3
1573,75.34421012924616,22.0,1
1574,76.2102355330306,22.5,3
1575,77.07626093681503,22.0,3
1576,77.94228634059948,22.5,2
1577,78.80831174438391,22.0,2
1578,79.67433714816835,22.5,5
1579,80.5403625519528,22.0,4
1580,81.40638795573723,22.5,4
1581,82.27241335952166,22.0,4
1582,83.13843876330611,22.5,6
1583,84.00446416709055,22.0,4
1584,84.87048957087498,22.5,4
1585,85.73651497465941,22.0,4
1586,86.60254037844386,22.5,4
1587,87.4685657822283,22.0,6
1588,88.33459118601273,22.5,2
1589,89.20061658979718,22.0,4
1590,90.06664199358161,22.5,5
1591,90.93266739736605,22.0,3
1592,91.7986928011505,22.5,4
1593,92.66471820493493,22.0,5
1594,93.53074360871936,22.5,2
1595,94.39676901250381,22.0,6
1596,95.26279441628824,22.5,4
1597,96.12881982007268,22.0,6
1598,96.99484522385713,22.5,3
1599,97.86087062764156,22.0,3
1600,98.726896031426,22.5,3
1601,13.856406460551018,23.5,4
1602,14.722431864335457,24.0,6
1603,15.588457268119894,23.5,5
1604,16.454482671904334,24.0,4
1605,17.32050807568877,23.5,4
1606,18.186533479473212,24.0,5
1607,19.05255888325765,23.5,5
1608,19.918584287042087,24.0,5
1609,20.784609690826528,23.5,4
1610,21.650635094610966,24.0,3
1611,22.516660498395403,23.5,3
1612,23.38268590217984,24.0,5
1613,24.24871130596428,23.5,5
1614,25.11473670974872,24.0,4
1615,25.980762113533157,23.5,5
1616,26.846787517317598,24.0,2
1617,27.712812921102035,23.5,6
1618,28.578838324886473,24.0,3
1619,29.444863728670914,23.5,4
1620,30.31088913245535,24.0,5
1621,31.17691453623979,23.5,4
1622,32.042939940024226,24.0,6
1623,32.90896534380867,23.5,5
1624,33.77499074759311,24.0,6
1625,34.64101615137754,23.5,2
1626,35.50704155516198,24.0,4
1627,36.373066958946424,23.5,5
1628,37.23909236273086,24.0,4
1629,38.1051177665153,23.5,4
1630,38.97114317029974,24.0,2
1631,39.837168574084174,23.5,2
1632,40.703193977868615,24.0,3
1633,41.569219381653056,23.5,4
1634,42.43524478543749,24.0,3
1635,43.30127018922193,23.5,6
1636,44.167295593006365,24.0,3
1637,45.033320996790806,23.5,4
1638,45.89934640057525,24.0,5
1639,46.76537180435968,23.5,6
1640,47.63139720814412,24.0,4
1641,48.49742261192856,23.5,5
1642,49.363448015713,24.0,6
1643,50.22947341949744,23.5,4
1644,51.09549882328188,24.0,3
1645,51.96152422706631,23.5,3
1646,52.827549630850754,24.0,2
1647,53.693575034635195,23.5,5
1648,54.55960043841963,24.0,5
1649,55.42562584220407,23.5,6
1650,56.29165124598851,24.0,4
1651,57.157676649772945,23.5,5
1652,58.023702053557386,24.0,4
1653,58.88972745734183,23.5,6
1654,59.75575286112626,24.0,5
1655,60.6217782649107,23.5,5
1656,61.48780366869514,24.0,3
1657,62.35382907247958,23.5,5
1658,63.21985447626402,24.0,6
1659,64.08587988004845,23.5,5
1660,64.9519052838329,24.0,5
1661,65.81793068761733,23.5,4
1662,66.68395609140177,24.0,3
1663,67.54998149518622,23.5,2
1664,68.41600689897065,24.0,4
1665,69.28203230275508,23.5,4
1666,70.14805770653953,24.0,4
1667,71.01408311032397,23.5,4
1668,71.8801085141084,24.0,5
1669,72.74613391789285,23.5,4
1670,73.61215932167728,24.0,4
1671,74.47818472546172,23.5,5
1672,75.34421012924616,24.0,4
1673,76.2102355330306,23.5,3
1674,77.07626093681503,24.0,2
1675,77.94228634059948,23.5,4
1676,78.80831174438391,24.0,4
1677,79.67433714816835,23.5,2
1678,80.5403625519528,24.0,4
1679,81.40638795573723,23.5,5
1680,82.27241335952166,24.0,6
1681,83.13843876330611,23.5,5
1682,84.00446416709055,24.0,3
1683,84.87048957087498,23.5,4
1684,85.73651497465941,24.0,4
1685,86.60254037844386,23.5,6
1686,87.4685657822283,24.0,4
1687,88.33459118601273,23.5,3
1688,89.20061658979718,24.0,3
1689,90.06664199358161,23.5,3
1690,90.93266739736605,24.0,3
1691,91.7986928011505,23.5,3
1692,92.66471820493493,24.0,5
1693,93.53074360871936,23.5,5
1694,94.39676901250381,24.0,3
1695,95.26279441628824,23.5,7
1696,96.12881982007268,24.0,5
1697,96.99484522385713,23.5,6
1698,97.86087062764156,24.0,5
1699,98.726896031426,23.5,3
1700,99.59292143521044,24.0,5
1701,14.722431864335457,25.0,5
1702,15.588457268119894,25.5,3
1703,16.454482671904334,25.0,3
1704,17.32050807568877,25.5,5
1705,18.186533479473212,25.0,2
1706,19.05255888325765,25.5,3
1707,19.918584287042087,25.0,5
1708,20.784609690826528,25.5,6
1709,21.650635094610966,25.0,6
1710,22.516660498395403,25.5,6
1711,23.38268590217984,25.0,5
1712,24.24871130596428,25.5,4
1713,25.11473670974872,25.0,8
1714,25.980762113533157,25.5,5
1715,26.846787517317598,25.0,5
1716,27.712812921102035,25.5,4
1717,28.578838324886473,25.0,5
1718,29.444863728670914,25.5,6
1719,30.31088913245535,25.0,3
1720,31.17691453623979,25.5,6
1721,32.042939940024226,25.0,5
1722,32.90896534380867,25.5,5
1723,33.77499074759311,25.0,7
1724,34.64101615137754,25.5,5
1725,35.50704155516198,25.0,4
1726,36.373066958946424,25.5,6
1727,37.23909236273086,25.0,4
1728,38.1051177665153,25.5,1
1729,38.97114317029974,25.0,4
1730,39.837168574084174,25.5,5
1731,40.703193977868615,25.0,5
1732,41.569219381653056,25.5,2
1733,42.43524478543749,25.0,3
1734,43.30127018922193,25.5,4
1735,44.167295593006365,25.0,4
1736,45.033320996790806,25.5,6
1737,45.89934640057525,25.0,6
1738,46.76537180435968,25.5,3
1739,47.63139720814412,25.0,2
1740,48.49742261192856,25.5,4
1741,49.363448015713,25.0,5
1742,50.22947341949744,25.5,4
1743,51.09549882328188,25.0,4
1744,51.96152422706631,25.5,1
1745,52.827549630850754,25.0,1
1746,53.693575034635195,25.5,5
1747,54.55960043841963,25.0,5
1748,55.42562584220407,25.5,6
1749,56.29165124598851,25.0,5
1750,57.157676649772945,25.5,6
1751,58.023702053557386,25.0,5
1752,58.88972745734183,25.5,5
1753,59.75575286112626,25.0,3
1754,60.6217782649107,25.5,4
1755,61.48780366869514,25.0,4
1756,62.35382907247958,25.5,5
1757,63.21985447626402,25.0,4
1758,64.08587988004845,25.5,3
1759,64.9519052838329,25.0,4
1760,65.81793068761733,25.5,3
1761,66.68395609140177,25.0,1
1762,67.54998149518622,25.5,2
1763,68.41600689897065,25.0,4
1764,69.28203230275508,25.5,6
1765,70.14805770653953,25.0,4
1766,71.01408311032397,25.5,2
1767,71.8801085141084,25.0,4
1768,72.74613391789285,25.5,3
1769,73.61215932167728,25.0,5
1770,74.47818472546172,25.5,5
1771,75.34421012924616,25.0,5
1772,76.2102355330306,25.5,4
1773,77.07626093681503,25.0,6
1774,77.94228634059948,25.5,5
1775,78.80831174438391,25.0,3
1776,79.67433714816835,25.5,6
1777,80.5403625519528,25.0,4
1778,81.40638795573723,25.5,5
1779,82.27241335952166,25.0,6
1780,83.13843876330611,25.5,4
1781,84.00446416709055,25.0,5
1782,84.87048957087498,25.5,3
1783,85.73651497465941,25.0,3
1784,86.60254037844386,25.5,4
1785,87.4685657822283,25.0,2
1786,88.33459118601273,25.5,3
1787,89.20061658979718,25.0,3
1788,90.06664199358161,25.5,3
1789,90.93266739736605,25.0,4
1790,91.7986928011505,25.5,6
1791,92.66471820493493,25.0,5
1792,93.53074360871936,25.5,3
1793,94.39676901250381,25.0,5
1794,95.26279441628824,25.5,4
1795,96.12881982007268,25.0,5
1796,96.99484522385713,25.5,3
1797,97.86087062764156,25.0,6
1798,98.726896031426,25.5,5
1799,99.59292143521044,25.0,6
1800,100.45894683899488,25.5,5
1801,15.588457268119894,26.5,3
1802,16.454482671904334,27.0,5
1803,17.32050807568877,26.5,4
1804,18.186533479473212,27.0,2
1805,19.05255888325765,26.5,6
1806,19.918584287042087,27.0,4
1807,20.784609690826528,26.5,5
1808,21.650635094610966,27.0,5
1809,22.516660498395403,26.5,5
1810,23.38268590217984,27.0,4
1811,24.24871130596428,26.5,5
1812,25.11473670974872,27.0,5
1813,25.980762113533157,26.5,5
1814,26.846787517317598,27.0,3
1815,27.712812921102035,26.5,5
1816,28.578838324886473,27.0,7
1817,29.444863728670914,26.5,2
1818,30.31088913245535,27.0,7
1819,31.17691453623979,26.5,2
1820,32.042939940024226,27.0,3
1821,32.90896534380867,26.5,4
1822,33.77499074759311,27.0,4
1823,34.64101615137754,26.5,6
1824,35.50704155516198,27.0,4
1825,36.373066958946424,26.5,6
1826,37.23909236273086,27.0,4
1827,38.1051177665153,26.5,2
1828,38.97114317029974,27.0,3
1829,39.837168574084174,26.5,5
1830,40.703193977868615,27.0,3
1831,41.569219381653056,26.5,6
1832,42.43524478543749,27.0,3
1833,43.30127018922193,26.5,5
1834,44.167295593006365,27.0,7
1835,45.033320996790806,26.5,7
1836,45.89934640057525,27.0,3
1837,46.76537180435968,26.5,5
1838,47.63139720814412,27.0,4
1839,48.49742261192856,26.5,5
1840,49.363448015713,27.0,4
1841,50.22947341949744,26.5,4
1842,51.09549882328188,27.0,3
1843,51.96152422706631,26.5,1
1844,52.827549630850754,27.0,3
1845,53.693575034635195,26.5,4
1846,54.55960043841963,27.0,5
1847,55.42562584220407,26.5,4
1848,56.29165124598851,27.0,7
1849,57.157676649772945,26.5,3
1850,58.023702053557386,27.0,3
1851,58.88972745734183,26.5,3
1852,59.75575286112626,27.0,4
1853,60.6217782649107,26.5,5
1854,61.48780366869514,27.0,2
1855,62.35382907247958,26.5,2
1856,63.21985447626402,27.0,1
1857,64.08587988004845,26.5,1
1858,64.9519052838329,27.0,3
1859,65.81793068761733,26.5,5
1860,66.68395609140177,27.0,3
1861,67.54998149518622,26.5,4
1862,68.41600689897065,27.0,6
1863,69.28203230275508,26.5,4
1864,70.14805770653953,27.0,7
1865,71.01408311032397,26.5,4
1866,71.8801085141084,27.0,4
1867,72.74613391789285,26.5,4
1868,73.61215932167728,27.0,4
1869,74.47818472546172,26.5,5
1870,75.34421012924616,27.0,4
1871,76.2102355330306,26.5,4
1872,77.07626093681503,27.0,5
1873,77.94228634059948,26.5,6
1874,78.80831174438391,27.0,4
1875,79.67433714816835,26.5,6
1876,80.5403625519528,27.0,4
1877,81.40638795573723,26.5,5
1878,82.27241335952166,27.0,5
1879,83.13843876330611,26.5,3
1880,84.00446416709055,27.0,3
1881,84.87048957087498,26.5,4
1882,85.73651497465941,27.0,4
1883,86.60254037844386,26.5,6
1884,87.4685657822283,27.0,5
1885,88.33459118601273,26.5,5
1886,89.20061658979718,27.0,6
1887,90.06664199358161,26.5,5
1888,90.93266739736605,27.0,4
1889,91.7986928011505,26.5,4
1890,92.66471820493493,27.0,5
1891,93.53074360871936,26.5,5
1892,94.39676901250381,27.0,2
1893,95.26279441628824,26.5,4
1894,96.12881982007268,27.0,4
1895,96.99484522385713,26.5,5
1896,97.86087062764156,27.0,6
1897,98.726896031426,26.5,6
1898,99.59292143521044,27.0,3
1899,100.45894683899488,26.5,7
1900,101.32497224277931,27.0,5
1901,16.454482671904334,28.0,4
1902,17.32050807568877,28.5,4
1903,18.186533479473212,28.0,5
1904,19.05255888325765,28.5,3
1905,19.918584287042087,28.0,4
1906,20.784609690826528,28.5,2
1907,21.650635094610966,28.0,4
1908,22.516660498395403,28.5,2
1909,23.38268590217984,28.0,6
1910,24.24871130596428,28.5,4
1911,25.11473670974872,28.0,4
1912,25.980762113533157,28.5,3
1913,26.846787517317598,28.0,2
1914,27.712812921102035,28.5,3
1915,28.578838324886473,28.0,5
1916,29.444863728670914,28.5,3
1917,30.31088913245535,28.0,3
1918,31.17691453623979,28.5,3
1919,32.042939940024226,28.0,4
1920,32.90896534380867,28.5,2
1921,33.77499074759311,28.0,4
1922,34.64101615137754,28.5,3
1923,35.50704155516198,28.0,3
1924,36.373066958946424,28.5,2
1925,37.23909236273086,28.0,4
1926,38.1051177665153,28.5,4
1927,38.97114317029974,28.0,3
1928,39.837168574084174,28.5,3
1929,40.703193977868615,28.0,2
1930,41.569219381653056,28.5,1
1931,42.43524478543749,28.0,2
1932,43.30127018922193,28.5,1
1933,44.167295593006365,28.0,5
1934,45.033320996790806,28.5,2
1935,45.89934640057525,28.0,5
1936,46.76537180435968,28.5,3
1937,47.63139720814412,28.0,4
1938,48.49742261192856,28.5,1
1939,49.363448015713,28.0,3
1940,50.22947341949744,28.5,1
1941,51.09549882328188,28.0,3
1942,51.96152422706631,28.5,4
1943,52.827549630850754,28.0,1
1944,53.693575034635195,28.5,4
1945,54.55960043841963,28.0,3
1946,55.42562584220407,28.5,3
1947,56.29165124598851,28.0,4
1948,57.157676649772945,28.5,2
1949,58.023702053557386,28.0,5
1950,58.88972745734183,28.5,3
1951,59.75575286112626,28.0,4
1952,60.6217782649107,28.5,3
1953,61.48780366869514,28.0,4
1954,62.35382907247958,28.5,2
1955,63.21985447626402,28.0,4
1956,64.08587988004845,28.5,2
1957,64.9519052838329,28.0,4
1958,65.81793068761733,28.5,4
1959,66.68395609140177,28.0,3
1960,67.54998149518622,28.5,4
1961,68.41600689897065,28.0,3
1962,69.28203230275508,28.5,2
1963,70.14805770653953,28.0,3
1964,71.01408311032397,28.5,5
1965,71.8801085141084,28.0,4
1966,72.74613391789285,28.5,1
1967,73.61215932167728,28.0,4
1968,74.47818472546172,28.5,2
1969,75.34421012924616,28.0,4
1970,76.2102355330306,28.5,3
1971,77.07626093681503,28.0,4
1972,77.94228634059948,28.5,2
1973,78.80831174438391,28.0,5
1974,79.67433714816835,28.5,4
1975,80.5403625519528,28.0,2
1976,81.40638795573723,28.5,3
1977,82.27241335952166,28.0,2
1978,83.13843876330611,28.5,1
1979,84.00446416709055,28.0,2
1980,84.87048957087498,28.5,2
1981,85.73651497465941,28.0,4
1982,86.60254037844386,28.5,2
1983,87.4685657822283,28.0,4
1984,88.33459118601273,28.5,3
1985,89.20061658979718,28.0,6
1986,90.06664199358161,28.5,3
1987,90.93266739736605,28.0,5
1988,91.7986928011505,28.5,2
1989,92.66471820493493,28.0,5
1990,93.53074360871936,28.5,2
1991,94.39676901250381,28.0,7
1992,95.26279441628824,28.5,3
1993,96.12881982007268,28.0,5
1994,96.99484522385713,28.5,4
1995,97.86087062764156,28.0,5
1996,98.726896031426,28.5,3
1997,99.59292143521044,28.0,5
1998,100.45894683899488,28.5,3
1999,101.32497224277931,28.0,4
2000,102.19099764656376,28.5,2
